unique_id,ds,y,btc_sma_50_slope,btc_atr_14,ReserveRisk_cbbi,Fear Greed,bearish_sentiment,market_narrative_sentiment,Gold_Share,Gold_Volatility,Oil_Volatility,DJI,NYFANG,CBOE_Volatility,EM_ETF,DXY,EURUSD,btc_volatility_index,Confidence_cbbi,regulations_sentiment,Gold_Price,Oil_Crude_Price,Oil_Brent_Price,btc_bb_low,btc_trading_volume,active_addresses_blockchain,miner_revenue_blockchain,estimated_transaction_volume_usd_blockchain,RHODL_cbbi,MVRV_cbbi,volume_sentiment,btc_bb_width,marketcap_sentiment
Bitcoin,2017-01-01,998.3250122070312,26.05207885742186,24.73260663035699,0.2475,70.0,41.0,13.0,110.29000091552734,15.68000030517578,30.010000228881836,19819.7793,1423.189941,13.369999885559082,29.488140106201172,102.68000030517578,1.0575296878814695,44.38104248046875,0.4552,45.6,1156.4000244140625,53.77000045776367,56.13999938964844,715.7360436886713,147775008.0,355325,1970085.325,166788994.4,0.4559,0.6056,38.0,35.739794650916394,26.0
Bitcoin,2017-01-02,1021.75,27.124998779296902,25.44370531970649,0.25,70.0,59.0,20.0,109.61000061035156,16.229999542236328,30.829999923706055,19762.59961,1405.060059,14.039999961853027,29.279069900512695,102.38999938964844,1.052698016166687,34.68798828,0.4607,62.8,1150.0,53.720001220703125,56.130001068115234,720.6325157416795,222184992.0,529709,2138666.021,279981138.0,0.457,0.6086,58.0,36.87347301588712,51.0
Bitcoin,2017-01-03,1043.8399658203125,28.896898193359338,25.23201068749531,0.2602,70.0,65.0,16.2,110.47000122070312,16.260000228881836,32.880001068115234,19881.75977,1416.5699462890625,12.850000381469728,29.63031578063965,103.20999908447266,1.0460032224655151,22.47998047,0.471,85.4,1160.4000244140625,52.33000183105469,55.470001220703125,726.6337683760532,185168000.0,515024,2245225.092,341754284.9,0.4655,0.6195,32.0,37.92141945355439,47.0
Bitcoin,2017-01-04,1154.72998,32.845037841796966,31.685444075888505,0.267,70.0,86.0,31.2,110.86000061035156,15.15999984741211,32.36000061035156,19942.16016,1441.1500244140625,11.850000381469728,29.856124877929688,102.6999969482422,1.0419923067092896,115.0200195,0.4781,111.8,1163.800048828125,53.25999832,56.459999084472656,720.5517584014176,344945984.0,545609,2332472.035,433678086.9,0.4725,0.6448,70.0,42.58422029591556,93.0
Bitcoin,2017-01-05,1013.3800048828124,33.282038574218745,49.47098259892772,0.2722,70.0,146.0,31.0,112.58000183105467,14.979999542236328,31.559999465942383,19899.28906,1460.989990234375,11.670000076293944,30.182281494140625,101.5199966430664,1.0500892400741575,280.6829833984375,0.4888,82.6,1179.699951171875,53.75999832,56.88999938964844,737.2134511230176,510199008.0,495910,2009800.815,565779976.6,0.4949,0.6401,77.0,40.92915896427864,72.0
Bitcoin,2017-01-06,902.2009887695312,30.641098632812486,57.57063304666057,0.3065,68.0,107.0,27.4,111.75,14.550000190734863,30.469999313354492,19963.80078,1472.4300537109375,11.31999969482422,30.056835174560547,102.22000122070312,1.0605915784835815,162.8660888671875,0.4797,124.6,1171.9000244140625,53.99000168,57.099998474121094,752.8136411084255,351876000.0,562750,1998357.991,451663626.1060731,0.5141,0.6327,55.0,38.53311353572343,25.0
Bitcoin,2017-01-07,908.5850219726562,27.38671875,59.531944378986154,0.2596,66.0,84.0,26.2,112.05666605631511,14.493333498636881,31.556666056315105,19938.327473333335,1477.5900472005208,11.39999993654948,30.048472086588543,102.12333424886067,1.058122992515564,85.02899169921875,0.451,91.6,1175.7666829427083,53.31333414815755,56.379998524983726,770.3793296287588,279550016.0,503341,1591509.2920755602,295587982.4,0.5096,0.6357,48.0,35.804939514439226,25.0
Bitcoin,2017-01-08,911.1989746,23.801998291015707,59.24216089376839,0.2171,64.0,49.0,17.4,112.36333211263022,14.4366668065389,32.64333279927572,19912.854166666668,1482.7500406901042,11.48000017827474,30.040108998616535,102.02666727701823,1.0556544065475464,55.47497559,0.4504,79.8,1179.6333414713542,52.636666616315104,55.65999857584635,789.4234072603131,158715008.0,455739,1990960.486,210928000.86692104,0.5081,0.6484,53.0,32.80155325798385,30.0
Bitcoin,2017-01-09,902.8280029296876,18.37581909179687,57.43050420743896,0.2213,62.0,41.0,12.4,112.66999816894533,14.380000114440918,33.72999954223633,19887.38086,1487.9100341796875,11.56000042,30.03174591064453,101.93000030517578,1.0531858205795288,33.87896728515625,0.4471,89.6,1183.5,51.959999084472656,54.939998626708984,807.5780566771717,141876992.0,475572,1630568.1795438298,272509052.6,0.5061,0.6561,36.0,29.87482048840896,30.0
Bitcoin,2017-01-10,907.6790161132812,16.360799560546866,54.31496735556832,0.2247,62.0,31.0,16.6,113.1500015258789,14.31999969482422,33.61000061035156,19855.5293,1488.6300048828125,11.489999771118164,30.207365036010746,102.01000213623048,1.0588620901107788,13.81298828,0.4522,98.0,1184.199951171875,50.81999969482422,53.63999938964844,819.8132640092249,115808000.0,541168,1939796.81,287618545.5,0.503,0.6616,30.0,27.962355458306103,28.0
Bitcoin,2017-01-11,777.7570190429688,13.664520263671877,61.62696850148755,0.2208,61.0,119.0,23.8,113.5,14.960000038146973,32.95000076293945,19954.2793,1490.4000244140625,11.260000228881836,30.56698226928711,101.77999877929688,1.055241942405701,156.6829833984375,0.4491,147.8,1195.5999755859375,52.25,55.099998474121094,799.5281730497969,310928992.0,491693,1724412.8548507902,413905306.44359094,0.4956,0.703,78.0,31.45180354776061,31.0
Bitcoin,2017-01-12,804.8339844,11.729320068359357,62.26004148240808,0.2217,55.0,88.0,27.4,113.91000366210938,14.600000381469728,32.369998931884766,19891.0,1486.5,11.539999961853027,30.70079040527344,101.3499984741211,1.0597710609436035,70.48999023,0.4285,105.2,1198.9000244140625,53.00999832,56.00999832,781.2496545172191,222326000.0,483078,1782924.467,303994537.0,0.4822,0.6406,67.0,34.28193258799504,13.0
Bitcoin,2017-01-13,823.9840087890625,10.211561279296802,61.31275179365349,0.1699,58.0,53.0,19.0,114.20999908447266,14.630000114440918,30.729999542236328,19885.73047,1498.709961,11.229999542236328,30.675708770751953,101.18000030517578,1.0616837739944458,48.99798583984375,0.4125,76.0,1195.300048828125,52.369998931884766,55.45000076293945,770.2974220826993,168968000.0,466561,1590739.039,246890176.5,0.4649,0.5845,60.0,35.954071500003444,27.0
Bitcoin,2017-01-14,818.4119873046875,8.310781249999991,58.54962868841484,0.1784,58.0,39.0,12.6,114.61999893188477,14.890000104904175,30.859999656677246,19870.990235,1496.4249573222655,11.389999628067017,30.671525478363037,100.96750068664551,1.0620787541071575,22.62902832,0.4206,83.8,1199.4750366210938,52.397499084472656,55.45500087738037,759.2029998698255,93063296.0,446469,1922419.877,160003664.1,0.4501,0.5902,35.0,37.64453727050267,18.0
Bitcoin,2017-01-15,821.7979736328125,6.670479736328161,55.112943436117355,0.1871,58.0,36.0,14.0,115.02999877929688,15.15000009536743,30.989999771118164,19856.25,1494.1399536445313,11.549999713897705,30.66734218597412,100.75500106811523,1.062473734219869,10.43603516,0.4216,72.8,1203.6500244140625,52.42499923706055,55.46000099182129,748.3667360166013,71013600.0,417279,1759094.941,157085269.5,0.4432,0.5945,31.0,39.224276580533655,19.0
Bitcoin,2017-01-16,831.5339965820312,8.132259521484343,52.194806990903615,0.1839,58.0,30.0,12.8,115.43999862670898,15.410000085830687,31.119999885559082,19841.509765000003,1491.8549499667968,11.709999799728394,30.663158893585205,100.54250144958495,1.0628687143325806,14.2590332,0.4205,91.6,1207.8250122070312,52.45249938964844,55.46500110626221,738.2266234102999,82755200.0,473647,1890860.272,208260163.9,0.4417,0.5889,49.0,40.531995964283475,11.0
Bitcoin,2017-01-17,907.9379883,10.36995971679687,54.16410318,0.1858,58.0,46.0,15.6,115.8499984741211,15.670000076293944,31.25,19826.76953,1489.5699462890625,11.869999885559082,30.65897560119629,100.33000183105467,1.0602991580963137,79.76495361328125,0.4227,86.4,1212.0,52.47999954223633,55.470001220703125,736.1193939914654,155095008.0,502462,1911475.34,291783384.8,0.4394,0.5899,50.0,40.401248072919834,18.0
Bitcoin,2017-01-18,886.6179809570312,11.716339111328123,54.52345347435933,0.1884,55.0,40.0,10.0,114.87000274658205,15.25,31.239999771118164,19804.7207,1495.030029296875,12.479999542236328,30.49172019958496,100.93000030517578,1.0696789026260376,59.19500732421875,0.4195,91.2,1211.300048828125,51.08000183105469,53.91999816894531,732.6884036686102,225676992.0,500306,1743249.9484124698,258544170.7,0.4381,0.5194,33.0,40.39352449611464,14.0
Bitcoin,2017-01-19,899.072998,13.248719482421848,52.07720686737384,0.2202,53.0,41.0,13.4,114.7699966430664,15.109999656677246,30.87999916,19732.40039,1504.050048828125,12.779999732971191,30.39972496032715,101.1500015258789,1.062778353691101,20.27600098,0.43,84.4,1200.9000244140625,51.369998931884766,54.15999984741211,730.4936719296676,105625000.0,516339,2054585.923,232438072.0,0.4307,0.5315,52.0,40.331065856623425,17.0
Bitcoin,2017-01-20,895.0260009765625,14.285440673828134,49.242407423164096,0.2097,53.0,27.0,15.0,115.0500030517578,14.380000114440918,29.190000534057617,19827.25,1499.469970703125,11.539999961853027,30.458263397216797,100.73999786376952,1.0659730434417725,12.39001465,0.4341,110.4,1204.300048828125,52.41999816894531,55.49000168,728.2603265524767,86728400.0,516010,2264569.902,230847365.36151204,0.4253,0.5435,37.0,40.21924914054642,16.0
Bitcoin,2017-01-21,921.7890014648438,15.172360839843805,48.03516427993586,0.2181,53.666666666666664,19.0,10.6,115.29666900634764,14.636666615804035,29.723333994547527,19818.11653666667,1504.8733317057292,11.616666793823242,30.60879643758138,100.54666646321614,1.067773699760437,31.83203125,0.4326,87.6,1207.86669921875,52.529998779296875,55.40333430074544,728.6911517360589,111158000.0,484669,2201839.33,210309696.0,0.4146,0.5391,46.0,39.45073817044589,17.0
Bitcoin,2017-01-22,924.6729736328124,14.800219726562544,47.45843815530875,0.2149,54.333333333333336,38.0,11.8,115.5433349609375,14.893333117167154,30.256667455037434,19808.983073333333,1510.2766927083333,11.693333625793457,30.759329477945965,100.35333506266275,1.0695743560791013,39.96099853515625,0.434,86.2,1211.433349609375,52.63999938964844,55.316666921490885,731.3566850905356,116573000.0,428798,2075068.613,210313964.54451403,0.416,0.5416,78.0,37.99720201671369,11.0
Bitcoin,2017-01-23,921.0120239257812,14.722740478515677,44.89197936826661,0.2264,55.0,31.0,9.2,115.79000091552734,15.149999618530272,30.790000915527344,19799.84961,1515.6800537109375,11.770000457763672,30.909862518310547,100.16000366210938,1.071375012397766,11.52801513671875,0.4271,94.4,1215.0,52.75,55.22999954223633,737.4834124612505,73588600.0,425650,1683925.096,196893334.8,0.4208,0.5451,62.0,35.521302595098334,16.0
Bitcoin,2017-01-24,892.6870117,14.334840087890598,43.96105289832345,0.2253,59.0,37.0,17.0,115.2699966430664,14.649999618530272,29.59000015258789,19912.71094,1532.290039,11.06999969482422,31.102210998535156,100.3499984741211,1.0760787725448608,31.85900879,0.4332,88.0,1210.300048828125,53.18000030517578,55.439998626708984,777.0069933323199,111349000.0,497859,1810841.2703571103,237838497.6,0.4219,0.5878,84.0,24.13700279108409,21.0
Bitcoin,2017-01-25,901.5419922,14.31615966796869,41.64704929425794,0.2235,55.0,37.0,13.8,114.31999969482422,14.470000267028809,30.40999984741211,20068.50977,1547.489990234375,10.81000042,31.445104598999023,100.02999877929688,1.0728693008422852,11.56500244140625,0.4298,89.6,1197.300048828125,52.75,55.08000183105469,788.9192691810205,120831000.0,514639,1783698.257,266770577.7,0.4268,0.5734,137.0,20.30370036577728,15.0
Bitcoin,2017-01-26,917.5859985351562,14.428338623046784,39.94254552909889,0.2103,58.0,29.0,10.6,113.26000213623048,14.739999771118164,29.59000015258789,20100.91016,1547.040039,10.630000114440918,31.31129264831543,100.37999725341795,1.0751993656158447,17.10198974609375,0.4323,86.2,1189.5,53.779998779296875,56.24000168,788.609412,131958000.0,518117,1864867.309,224547250.6,0.4352,0.5845,99.0,20.531507139185702,30.0
Bitcoin,2017-01-27,919.75,14.336779785156182,37.61643614560298,0.2133,60.0,32.0,10.6,113.48999786376952,14.34000015258789,29.780000686645508,20093.7793,1547.25,10.579999923706056,31.33638572692871,100.52999877929688,1.068296194076538,7.37701416,0.4377,80.0,1188.0999755859375,53.16999816894531,55.52000045776367,788.3040065567438,125594000.0,462951,2050038.681,172519954.1,0.4353,0.58,82.0,20.714895534766704,25.0
Bitcoin,2017-01-28,921.5900268554688,14.369899902343718,35.226762902501875,0.2215,58.333333333333336,26.0,8.0,113.64999898274739,14.623333295058593,30.166667302449543,20052.896486666665,1543.7966715494792,11.013333320617678,31.280633290608723,100.49666595458984,1.069330135981242,4.100036621,0.4362,59.0,1189.7999674479167,52.98999913533529,55.423333485921226,787.9888892341813,68979600.0,461292,1879276.997,112142904.0,0.4298,0.5953,57.0,20.89238221829661,19.0
Bitcoin,2017-01-29,919.4959716796876,14.587078857421943,33.01556694741246,0.2227,56.666666666666664,23.0,7.4,113.81000010172525,14.906666437529298,30.553333918253582,20012.013673333335,1540.3433430989583,11.446666717529297,31.224880854288738,100.46333312988281,1.0703640778859456,4.270019531,0.4394,65.0,1191.4999593098958,52.81000010172526,55.326666514078774,787.7105264705782,60851700.0,438728,2072803.26,133740567.7,0.427,0.5935,53.0,21.125073839000837,22.0
Bitcoin,2017-01-30,920.3820190429688,14.853739013671884,30.91259606612407,0.2233,55.0,22.0,10.4,113.97000122070312,15.18999958,30.940000534057617,19971.13086,1536.8900146484375,11.880000114440918,31.16912841796875,100.43000030517578,1.0713980197906494,3.573974609,0.4326,76.0,1193.199951171875,52.630001068115234,55.22999954223633,787.4494738060969,78227296.0,449342,1795537.905,148216976.2,0.4235,0.591,47.0,21.313215263012612,15.0
Bitcoin,2017-01-31,970.4030151367188,15.67098022460948,32.392907982159855,0.22,54.0,17.0,11.2,115.5500030517578,15.270000457763672,31.329999923706055,19864.08984,1538.9200439453125,11.989999771118164,31.22766685,99.51000213623048,1.0708587169647217,51.05999755859375,0.4328,79.4,1208.5999755859375,52.810001373291016,55.70000076293945,802.1883625245173,164582000.0,523037,1941511.115,223566247.4,0.4235,0.573,46.0,19.936554967394837,25.0
Bitcoin,2017-02-01,989.0230102539062,16.86151977539066,31.41562873594531,0.2216,55.0,32.0,16.2,115.1999969482422,14.800000190734863,30.649999618530273,19890.93945,1553.5899658203125,11.81000042,31.244394302368164,99.63999938964844,1.0803803205490112,18.37200927734375,0.4492,73.0,1205.5999755859375,53.880001068115234,55.65999984741211,810.8530746,150110000.0,599053,2481667.385,263375235.4,0.4258,0.5767,50.0,19.85362275167521,20.0
Bitcoin,2017-02-02,1011.7999877929688,18.49197875976563,31.335870342696985,0.2401,51.0,33.0,13.2,115.83999633789062,15.039999961853027,29.38999938964844,19884.91016,1556.8800048828125,11.93000030517578,31.378198623657227,99.84999847,1.0767391920089722,30.29901123046875,0.4478,93.4,1216.699951171875,53.540000915527344,56.560001373291016,814.9445825246675,145820992.0,452586,2186504.055,212437107.4,0.4208,0.5875,45.0,20.813836573795268,32.0
Bitcoin,2017-02-03,1029.9100341796875,20.631500244140625,30.889023681778895,0.2469,60.0,62.0,13.0,116.12999725341795,15.039999961853027,28.11000061035156,20071.46094,1551.5999755859375,10.970000267028809,31.570552825927734,99.87000274658205,1.0761713981628418,25.08001708984375,0.4495,87.0,1218.5,53.83000183105469,56.810001373291016,821.4653674569654,201278000.0,560375,2050478.543,267577532.2,0.4242,0.589,34.0,21.455796005675843,29.0
Bitcoin,2017-02-04,1042.9000244140625,22.778341064453116,30.878382795189783,0.2539,59.0,40.0,13.2,116.65333048502603,15.273333231608072,28.53000068690104,20065.113933333334,1557.4466552734375,11.103333473205566,31.54546356201172,99.88333638509116,1.0768792629241943,30.74005126953125,0.4552,73.0,1222.3333333333333,53.556667327369794,56.446667989095054,829.5895798,155064000.0,500098,1975355.921,215469986.9,0.4414,0.5897,27.0,21.830547179582904,18.0
Bitcoin,2017-02-05,1027.3399658203125,23.702239990234375,30.191356150220873,0.2562,58.0,30.0,12.2,117.17666371663412,15.506666501363119,28.950000763450518,20058.766926666667,1563.2933349609375,11.236666679382324,31.520374298095703,99.89667002360027,1.0775871276855469,21.26000977,0.4585,81.0,1226.1666666666667,53.283332823684894,56.083334604899086,841.9927311728404,114208000.0,510278,2203638.314,193687212.2,0.4426,0.5848,47.0,21.048106051217022,15.0
Bitcoin,2017-02-06,1038.1500244140625,24.48530029296876,29.270548484356883,0.2624,57.0,29.0,10.2,117.6999969482422,15.739999771118164,29.37000084,20052.41992,1569.1400146484375,11.369999885559082,31.495285034179688,99.91000366210938,1.0782949924468994,16.47998047,0.4498,113.4,1230.0,53.00999832,55.720001220703125,841.2086731,111762000.0,440410,1757705.557,218963129.7,0.4425,0.5868,43.0,22.443191873698677,25.0
Bitcoin,2017-02-07,1061.3499755859375,25.25164062500005,28.878368542393893,0.255,57.0,29.0,12.8,117.45999908447266,15.260000228881836,29.61000061035156,20090.28906,1581.1800537109375,11.289999961853027,31.33638572692871,100.26000213623048,1.0743216276168823,21.79003906,0.4617,116.2,1234.199951171875,52.16999816894531,55.04999923706055,842.9210017056112,146007008.0,557391,2175238.105,264475740.0,0.45,0.6111,41.0,23.707240580432256,14.0
Bitcoin,2017-02-08,1063.0699462890625,25.459079589843668,29.778483679990757,0.2577,61.0,53.0,17.4,118.19000244140624,15.199999809265137,29.09000015258789,20054.33984,1600.1400146484375,11.449999809265137,31.528738021850582,100.27999877929688,1.0678056478500366,41.47998047,0.4656,135.2,1237.5999755859375,52.34000015258789,55.119998931884766,845.2822864977469,201855008.0,516491,2085023.019,269607888.2,0.4604,0.6197,46.0,24.716409120936547,27.0
Bitcoin,2017-02-09,994.3829956054688,23.50125854492194,37.34044885240213,0.268,66.0,82.0,15.2,117.29000091552734,14.880000114440918,28.25,20172.40039,1584.0699462890625,10.880000114440918,31.67090416,100.6500015258789,1.0692213773727417,135.6459961,0.4715,172.4,1235.0999755859375,53.0,55.630001068115234,854.0197862529875,407220000.0,575008,2395178.568,377801460.1,0.4585,0.6285,68.0,23.81205631580783,32.0
Bitcoin,2017-02-10,988.6740112304688,21.253719482421843,38.402848955299746,0.267,70.0,47.0,13.8,117.5999984741211,14.880000114440918,26.43000030517578,20269.36914,1576.9000244140625,10.850000381469728,31.963624954223633,100.8000030517578,1.0658594369888306,52.21405029296875,0.4615,147.8,1234.4000244140625,53.86000061035156,56.70000076293945,859.2196691868328,190452000.0,507436,1972446.177,289197729.0,0.4679,0.6308,58.0,23.348686215176137,27.0
Bitcoin,2017-02-11,1004.4500122070312,17.95063964843746,37.549785525456905,0.2411,70.66666666666667,24.0,11.0,117.33333333333333,14.789999961853027,26.616666793823242,20316.966146666666,1578.7666829427083,10.923333485921226,31.997074127197266,100.85333506266275,1.0645577510197957,26.45996094,0.454,138.2,1231.0666910807292,53.550000508626304,56.33000055948893,864.6534197892636,102261000.0,474677,1853403.108,161865706.0,0.473,0.6387,36.0,22.957486373872506,28.0
Bitcoin,2017-02-12,999.1810302734376,14.585100097656207,35.42758579205373,0.2459,71.33333333333333,25.0,11.8,117.06666819254556,14.699999809265137,26.803333282470703,20364.563153333333,1580.6333414713542,10.996666590372723,32.0305233001709,100.9066670735677,1.063256065050761,7.838989258,0.4557,111.0,1227.7333577473958,53.24000040690104,55.960000356038414,871.1907496847168,67530000.0,422085,1849457.278,116966457.1,0.4675,0.6287,36.0,22.329858598966208,20.0
Bitcoin,2017-02-13,990.6420288085938,11.230401611328148,34.761184051605696,0.2508,72.0,42.0,17.0,116.8000030517578,14.609999656677246,26.989999771118164,20412.16016,1582.5,11.06999969482422,32.06397247314453,100.95999908447266,1.061954379081726,26.09796142578125,0.4617,138.8,1224.4000244140625,52.93000030517578,55.59000015258789,883.7781463135244,100607000.0,503161,2178384.199,192208412.1,0.4662,0.6318,72.0,20.658463689890898,14.0
Bitcoin,2017-02-14,1004.5499877929688,9.967161865234402,34.06674243826556,0.2484,78.0,27.0,10.4,116.93000030517578,14.210000038146973,27.489999771118164,20504.41016,1584.3199462890625,10.739999771118164,32.09742355,101.25,1.059849739074707,25.03900146484375,0.4644,126.2,1223.9000244140625,53.20000076293945,55.970001220703125,896.3006561584962,137946000.0,530240,2357500.757,234339661.0,0.4694,0.6447,45.0,19.062853421589217,21.0
Bitcoin,2017-02-15,1007.47998,8.970120849609316,32.15197581879123,0.2456,80.0,22.0,13.4,117.4499969482422,13.710000038146973,27.75,20611.85938,1588.560059,11.970000267028809,32.35667801,101.18000030517578,1.057831645011902,7.260009766,0.4565,112.6,1231.699951171875,53.11000061035156,55.75,906.7817286511972,89759400.0,495897,1906440.004,202429313.0,0.4642,0.6431,55.0,17.773743000084878,22.0
Bitcoin,2017-02-16,1027.439941,8.351179199218791,31.704692878051677,0.2496,79.0,38.0,14.8,118.08000183105467,13.75,27.37000084,20619.76953,1576.6400146484375,11.760000228881836,32.23958969116211,100.44000244140624,1.0607378482818604,25.7199707,0.4573,111.8,1240.0,53.36000061035156,55.650001525878906,918.3023325047492,122277000.0,489190,2102990.202,212531599.8,0.4615,0.6089,58.0,16.451626392226892,25.0
Bitcoin,2017-02-17,1046.209961,7.798258056640634,31.406502622253345,0.2497,78.0,32.0,10.6,117.68000030517578,13.270000457763672,25.290000915527344,20624.05078,1581.959961,11.489999771118164,32.105777740478516,100.9499969482422,1.0672245025634766,27.5300293,0.4588,98.0,1237.5999755859375,53.400001525878906,55.810001373291016,930.7734953,136474000.0,550073,2146125.844,271435652.8,0.4444,0.6147,50.0,15.110260360391084,31.0
Bitcoin,2017-02-18,1054.4200439453125,7.772718505859416,30.226753481266503,0.2575,79.25,23.0,11.6,117.69750022888184,13.382500410079956,25.415000915527344,20653.788085,1585.6924744121093,11.509999752044678,32.19359302520752,101.05499839782716,1.0657047828038533,14.14001465,0.4624,77.2,1237.5749816894531,53.565001487731934,56.02250099182129,946.2736305158508,99073504.0,510386,2210588.074,179904049.6,0.4442,0.6213,24.0,13.282374282292656,17.0
Bitcoin,2017-02-19,1047.8699951171875,7.516458740234384,29.021278065193897,0.2647,80.5,25.0,11.0,117.71500015258789,13.49500036239624,25.540000915527344,20683.525390000003,1589.4249878242188,11.529999732971193,32.28140830993652,101.15999984741212,1.0641850630442302,13.35009766,0.4598,76.2,1237.5499877929688,53.73000144958496,56.23500061035156,966.4247960506882,77423296.0,458999,2008419.457,175243850.9,0.4443,0.6181,47.0,10.497937542911624,24.0
Bitcoin,2017-02-20,1079.97998,7.663918457031286,29.719761691117544,0.2649,81.75,21.0,13.4,117.73250007629395,13.607500314712524,25.665000915527344,20713.262695,1593.157501236328,11.549999713897707,32.36922359466553,101.26500129699708,1.062665343284607,38.80004883,0.4636,112.6,1237.5249938964844,53.89500141143799,56.447500228881836,970.8939839840186,109478000.0,503953,2148454.967,192433479.8,0.4466,0.6141,50.0,10.63877006186006,17.0
Bitcoin,2017-02-21,1115.300048828125,8.504541015625023,30.476917733827896,0.2637,83.0,50.0,17.2,117.75,13.720000267028809,25.790000915527344,20743.0,1596.8900146484375,11.56999969482422,32.45703887939453,101.37000274658205,1.0609403848648071,40.31994629,0.4636,139.6,1237.5,54.060001373291016,56.65999984741211,967.2135207,186868992.0,487721,2107035.344,235255122.9,0.4426,0.6193,51.0,12.511008551041469,18.0
Bitcoin,2017-02-22,1117.439941,8.522281494140657,30.07427831143394,0.2735,80.0,49.0,15.0,117.91000366210938,13.260000228881836,27.09000015258789,20775.59961,1599.800048828125,11.739999771118164,32.55739212036133,101.33000183105467,1.0542073249816897,24.83996582,0.4709,126.6,1232.0,53.59000015258789,55.84000015258789,963.2620293079672,136100000.0,489248,2152117.275,220185412.8,0.4492,0.6195,43.0,14.228029936025926,23.0
Bitcoin,2017-02-23,1166.719970703125,6.898439941406195,32.187546587737764,0.2865,75.0,59.0,25.0,118.94000244140624,13.68000030517578,25.790000915527344,20810.32031,1565.1199951171875,11.710000038146973,32.56575393676758,101.0500030517578,1.055408954620361,59.66003418,0.482,133.8,1250.199951171875,54.45000076293945,56.58000183105469,951.0930537,189454000.0,551455,2411188.068,320075871.9,0.4613,0.6296,58.0,17.776882864191812,35.0
Bitcoin,2017-02-24,1173.6800537109375,8.421900635,34.776297096537746,0.2862,68.0,71.0,18.8,119.6999969482422,13.539999961853027,25.719999313354492,20821.75977,1558.3900146484375,11.470000267028809,32.18104934692383,101.08999633789062,1.0584474802017212,68.43005371,0.4918,132.6,1256.9000244140625,53.99000168,55.99000168,941.7543213728276,330759008.0,590852,2699193.338,369319167.1,0.4741,0.6385,42.0,20.68935016179646,54.0
Bitcoin,2017-02-25,1143.8399658203125,11.621580810546902,35.88227657290112,0.3045,69.0,50.0,12.8,119.50666554768881,13.839999834568685,25.483332951863606,20826.98633,1558.0566813151042,11.676666895548502,32.14759953794922,101.10332997639973,1.0573900938034058,50.26000977,0.498,100.2,1257.0666910807292,54.01000086568685,55.97000122172526,940.8689279,139960992.0,561872,2897863.037,244845187.3,0.483,0.6385,38.0,21.84586903569588,31.0
Bitcoin,2017-02-26,1165.199951171875,14.882878417968756,35.98140106992604,0.3029,70.0,45.0,17.2,119.31333414713544,14.139999707284343,25.246666590372723,20832.212890000003,1557.7233479817708,11.883333524068197,32.11414972897461,101.11666361490884,1.0563327074050903,37.27001953,0.4982,92.8,1257.2333577473958,54.0300000513737,55.95000076345052,938.2624137581788,116486000.0,462927,2837916.158,199581169.9,0.4813,0.6368,38.0,23.40152087690288,21.0
Bitcoin,2017-02-27,1179.969970703125,18.786298828124927,34.73987067821257,0.2915,71.0,47.0,18.0,119.12000274658205,14.43999958,25.010000228881836,20837.43945,1557.3900146484375,12.09000015258789,32.08069992,101.12999725341795,1.055275321006775,18.59997559,0.4899,117.4,1257.4000244140625,54.04999923706055,55.93000030517578,934.0900672114386,131570000.0,501497,2365572.169,262053158.4,0.4766,0.6494,42.0,25.16271023797203,37.0
Bitcoin,2017-02-28,1179.969970703125,24.08933837890629,33.78916946626435,0.3005,64.0,46.0,21.4,119.2300033569336,14.300000190734863,25.459999084472656,20812.24023,1549.6300048828125,12.920000076293944,31.771263122558594,101.12000274658205,1.0584250688552856,21.43005371,0.4989,129.8,1252.5999755859375,54.00999832,55.59000015258789,931.4919401,184956000.0,542157,2548889.197,255334271.6,0.4863,0.6655,48.0,26.597550758863804,27.0
Bitcoin,2017-03-01,1222.5,27.179757080078048,34.433518689656175,0.3038,81.0,47.0,21.4,119.05999755859376,14.40999984741211,24.670000076293945,21115.55078,1564.3299560546875,12.539999961853027,32.26468276977539,101.77999877929688,1.0569148063659668,42.81005859,0.498,128.0,1248.9000244140625,53.83000183105469,55.599998474121094,934.1094979869652,229056992.0,531643,2448421.999,283137400.4,0.4903,0.6642,52.0,27.936953170553014,55.0
Bitcoin,2017-03-02,1251.010009765625,31.81203735351562,35.29612519508252,0.3014,78.0,63.0,29.0,117.58000183105467,13.890000343322754,25.940000534057617,21002.9707,1549.8599853515625,11.81000042,31.69599342346191,102.1999969482422,1.0535852909088137,46.51000977,0.5078,142.8,1231.9000244140625,52.61000061035156,55.08000183105469,937.9914578,368275008.0,565742,2775953.239,431801396.6,0.4958,0.6869,63.0,29.284240915668885,84.0
Bitcoin,2017-03-03,1274.989990234375,36.08285888671867,34.88926608516591,0.3131,77.0,63.0,22.4,117.51000213623048,13.65999984741211,25.59000015258789,21005.71094,1550.199951171875,10.960000038146973,31.938520431518555,101.54000091552734,1.0509721040725708,29.60009766,0.5123,137.4,1225.5,53.33000183105469,55.900001525878906,940.4445107606292,315739008.0,583123,2741612.926,422240157.2,0.5027,0.6834,45.0,30.919110737840533,74.0
Bitcoin,2017-03-04,1255.1500244140625,39.33075927734376,35.88931955397102,0.3228,74.33333333333333,34.0,21.0,117.24666849772136,13.519999821980795,26.046666463216145,20988.58724,1549.2766520182292,11.053333282470703,31.94409688313802,101.57333374023438,1.0546629428863525,48.89001465,0.5091,118.8,1225.1666666666667,53.286668141682945,55.93666712391927,950.7760085504426,183270000.0,489858,2424004.591,261984345.0,0.4998,0.6685,31.0,31.005914976481964,34.0
Bitcoin,2017-03-05,1267.1199951171875,42.76208007812488,35.41365247645523,0.3299,71.66666666666667,55.0,20.8,116.98333485921225,13.379999796549479,26.503332773844402,20971.46354,1548.3533528645833,11.146666526794434,31.949673334757488,101.6066665649414,1.0583537817001343,29.22998047,0.5151,119.6,1224.8333333333333,53.243334452311196,55.973332721959636,965.6328596084702,134127000.0,524843,2599170.734,218660855.89544696,0.5,0.68,31.0,30.448241799908992,32.0
Bitcoin,2017-03-06,1272.8299560546875,45.48630004882807,33.69839332914147,0.3234,69.0,36.0,13.2,116.72000122070312,13.239999771118164,26.959999084472656,20954.33984,1547.4300537109375,11.239999771118164,31.955249786376953,101.63999938964844,1.062044620513916,11.40002441,0.5125,117.0,1224.5,53.20000076293945,56.00999832,981.2449799,153656992.0,537229,2635445.798,292613411.7,0.5017,0.6837,36.0,29.712372437463163,33.0
Bitcoin,2017-03-07,1223.540039,43.861361083984434,36.344936662774224,0.3249,65.0,77.0,17.6,115.77999877929688,13.220000267028809,26.459999084472656,20924.75977,1545.1700439453125,11.449999809265137,31.988706588745117,101.80999755859376,1.0579211711883545,70.75,0.5167,140.4,1215.0999755859375,53.13999938964844,55.91999816894531,1003.0922973613984,291256000.0,571329,2870767.753,347152744.3,0.5058,0.6802,29.0,27.53758095628069,31.0
Bitcoin,2017-03-08,1150.0,39.29948120117194,39.75458962436178,0.326,65.0,75.0,19.0,115.05999755859376,13.579999923706056,31.739999771118164,20855.73047,1545.0899658203125,11.859999656677246,31.687620162963867,102.06999969482422,1.0570154190063477,84.08007813,0.5083,191.4,1208.5,50.279998779296875,53.11000061035156,1021.5730656071642,332603008.0,526233,2442222.938,315179702.1,0.5103,0.6943,26.0,25.280583525259186,26.0
Bitcoin,2017-03-09,1188.489990234375,36.71360107421867,40.93140325610379,0.3113,62.0,60.0,18.4,114.47000122070312,13.619999885559082,31.979999542236328,20858.18945,1544.760009765625,12.300000190734863,31.436744689941406,101.8499984741211,1.054741144180298,56.22998047,0.5027,211.2,1202.4000244140625,49.279998779296875,52.189998626708984,1039.8079452454454,212283008.0,541482,2451454.03,260236116.3,0.5072,0.7056,44.0,23.23721786,39.0
Bitcoin,2017-03-10,1116.719970703125,32.092380371093896,51.809158073748165,0.2852,65.0,104.0,32.8,114.72000122070312,13.029999732971191,33.45000076293945,20902.98047,1545.8599853515625,11.65999984741211,31.787986755371097,101.25,1.0578428506851196,193.2199707,0.4966,475.8,1200.699951171875,48.49000168,51.369998931884766,1051.6309160575015,563795968.0,551015,2659880.948,329245440.2,0.4912,0.7133,38.0,21.699447295903905,42.0
Bitcoin,2017-03-11,1175.8299560546875,28.687819824218877,53.64493319459651,0.2978,64.66666666666667,88.0,21.8,114.72666676839192,12.443333307902018,33.096666971842446,20895.81380333333,1550.7166748046875,11.556666692097982,31.93573379516602,101.29333241780598,1.0615632931391399,77.51000977,0.4966,304.8,1201.2666422526042,48.4600016286263,51.36333211263021,1073.107358535373,283320000.0,518976,2432383.774,243728155.2,0.4808,0.7044,48.0,19.03967942116683,34.0
Bitcoin,2017-03-12,1221.3800048828125,26.839519042968732,53.50029476049587,0.2665,64.33333333333333,54.0,23.4,114.73333231608072,11.856666882832846,32.743333180745445,20888.647136666666,1555.5733642578125,11.453333536783855,32.08348083496094,101.33666483561197,1.06528373559316,51.61999512,0.4961,139.0,1201.8333333333333,48.430001577252604,51.35666529337565,1090.3733464326715,227176000.0,422479,2573064.173,209168664.0,0.4831,0.7059,38.0,17.217671993846732,49.0
Bitcoin,2017-03-13,1231.9200439453125,28.143220214843723,51.13169983619706,0.2917,64.0,63.0,20.0,114.73999786376952,11.270000457763672,32.38999938964844,20881.48047,1560.4300537109375,11.350000381469728,32.23122787475586,101.37999725341795,1.0690041780471802,20.33996582,0.5006,168.8,1202.4000244140625,48.400001525878906,51.349998474121094,1101.421125495399,380276992.0,516185,2616524.973,314605570.3,0.4849,0.7064,41.0,16.263682668596314,90.0
Bitcoin,2017-03-14,1240.0,28.48553955078137,49.20015612579905,0.3082,58.0,61.0,18.8,114.12000274658205,11.56999969482422,33.189998626708984,20837.36914,1566.5,12.300000190734863,32.04725266,101.6999969482422,1.0651443004608154,24.09008789,0.5074,129.6,1201.9000244140625,47.720001220703125,50.91999816894531,1113.5836969099591,245306000.0,561535,2813129.111,347466704.5,0.4941,0.6871,50.0,15.17942459695318,42.0
Bitcoin,2017-03-15,1249.6099853515625,31.271059570312445,46.53300107049643,0.31,50.0,57.0,21.6,116.25,11.229999542236328,30.079999923706055,20950.09961,1567.3499755859375,11.630000114440918,32.88355255126953,100.73999786376952,1.0612443685531616,11.85998535,0.5019,108.4,1200.0999755859375,48.86000061035156,51.810001373291016,1117.5381192426903,297804992.0,526479,2585616.414,326947684.6,0.4898,0.6528,66.0,15.15883601449812,88.0
Bitcoin,2017-03-16,1187.810059,31.380341796874973,50.74778949849669,0.3116,51.0,91.0,26.4,116.7300033569336,11.119999885559082,28.62999916,20934.55078,1581.760009765625,11.210000038146973,33.08425521850586,100.2699966430664,1.0737909078598022,105.5400391,0.5058,133.0,1226.5,48.75,51.74000168,1119.136875464622,638568000.0,594406,2731477.731,526589907.1,0.4923,0.669,89.0,15.00249098111553,100.0
Bitcoin,2017-03-17,1100.22998,29.04140136718752,53.425812556081745,0.3147,45.0,105.0,35.0,116.98999786376952,10.800000190734863,27.450000762939453,20914.61914,1583.739990234375,11.279999732971191,33.02572250366211,100.3000030517578,1.077470064163208,80.59008789,0.4939,129.0,1229.800048828125,48.779998779296875,51.75999832,1108.9691353905764,706598976.0,532934,2500138.202,552676695.4,0.5016,0.628,65.0,16.352282209589823,104.0
Bitcoin,2017-03-18,973.8179931640624,23.97781982421884,60.78217715866072,0.2897,44.333333333333336,119.0,29.4,117.1633326212565,10.983333587646484,27.67000071207682,20911.69922,1587.086669921875,11.299999872843424,33.15395482381185,100.33666992187499,1.076412876447042,156.4149169921875,0.4785,103.2,1231.0666910807292,48.59333292643229,51.713331857294925,1056.8499566877406,621302016.0,505651,2307093.257,393335618.2,0.5012,0.6607,51.0,23.58554455404932,74.0
Bitcoin,2017-03-19,1036.739990234375,19.901059570312555,63.30431029130103,0.2543,43.666666666666664,101.0,30.0,117.3366673787435,11.166666984558107,27.89000066121419,20908.779300000002,1590.433349609375,11.320000012715658,33.282187143961586,100.37333679199219,1.0753556887308757,93.18005371,0.4681,103.4,1232.3333333333333,48.40666707356771,51.66666539458984,1033.175467416817,406648000.0,512176,2330150.157,248882114.1,0.5017,0.6817,48.0,26.500368864092707,59.0
Bitcoin,2017-03-20,1054.22998,15.457280273437618,60.664714955203635,0.214,43.0,58.0,28.4,117.51000213623048,11.350000381469728,28.11000061035156,20905.85938,1593.780029296875,11.34000015258789,33.41041946411133,100.41000366210938,1.0742985010147097,26.34997559,0.4568,105.6,1233.5999755859375,48.220001220703125,51.619998931884766,1015.9917347236905,286529984.0,512638,2014133.751,301488144.2,0.5018,0.6826,56.0,28.48058542893823,57.0
Bitcoin,2017-03-21,1120.540039,13.73507934570307,61.20295483284534,0.2356,37.0,58.0,19.0,118.54000091552734,12.130000114440918,30.56999969482422,20668.00977,1555.469970703125,12.470000267028809,33.04243850708008,99.80999755859376,1.073767900466919,67.07006836,0.4662,93.0,1246.0999755859375,47.34000015258789,50.959999084472656,1009.6140736379848,337391008.0,541182,2221575.561,330728552.8,0.5003,0.6841,55.0,28.820639083258776,51.0
Bitcoin,2017-03-22,1049.1400146484375,11.656939697265445,64.43417251917113,0.2418,32.0,65.0,27.2,118.83000183105467,12.279999732971191,30.049999237060547,20661.30078,1569.8900146484375,12.81000042,33.20134735107422,99.68000030517578,1.081244707107544,106.44000244140624,0.4751,83.8,1249.300048828125,48.040000915527344,50.63999938964844,993.8032323814712,380840992.0,572753,2425381.945,388745237.6,0.5049,0.6871,42.0,30.04711536919914,36.0
Bitcoin,2017-03-23,1038.5899658203125,11.566918945312407,61.90887134313658,0.2674,31.0,67.0,16.2,118.66999816894533,12.579999923706056,29.790000915527344,20656.58008,1567.560059,13.119999885559082,33.209712982177734,99.76000213623048,1.0790164470672607,29.07995605,0.4664,96.6,1246.9000244140625,47.70000076293945,50.560001373291016,980.1616495027764,248540000.0,537475,2160694.826,312768150.5,0.5148,0.6539,57.0,30.668591543798183,41.0
Bitcoin,2017-03-24,937.5200195,7.778320313,65.06623764089245,0.2414,31.0,102.0,30.2,118.86000061035156,12.06000042,30.989999771118164,20596.7207,1573.530029296875,12.960000038146973,33.29333496,99.62999725341795,1.0783880949020386,106.11199951171876,0.4592,84.6,1248.199951171875,47.970001220703125,50.79999923706055,946.0990418789754,491038016.0,540390,2405463.763,415158515.5,0.5057,0.607,38.0,34.27979687794119,102.0
Bitcoin,2017-03-25,972.7789916992188,3.9410192871091567,65.56493306888675,0.2381,29.666666666666668,128.0,41.6,119.08333333333333,12.210000356293945,30.920000076293945,20581.47395666667,1576.1433512369792,12.806666692097982,33.262672423691406,99.47666422526041,1.080575982729594,72.04797363,0.4352,65.4,1250.5999755859375,47.890000661214195,50.78333282470703,927.0694126,435803008.0,490877,1714220.762,307287313.6,0.5054,0.552,44.0,35.492671054527044,106.0
Bitcoin,2017-03-26,966.7249755859376,-1.58564209,64.72272698193501,0.2026,28.333333333333332,86.0,28.2,119.30666605631511,12.360000292587891,30.850000381469727,20566.22721333333,1578.7566731770833,12.65333334604899,33.232009887382816,99.32333119710287,1.0827638705571492,53.77404785,0.4392,66.2,1253.0,47.81000010172526,50.766666412353516,911.8695566,303668000.0,462863,2211048.928,234975161.59091896,0.5036,0.5813,30.0,35.96231906793914,45.0
Bitcoin,2017-03-27,1045.77002,-2.791781006,65.79074997094858,0.2158,27.0,76.0,30.8,119.52999877929688,12.510000228881836,30.780000686645508,20550.98047,1581.3699951171875,12.5,33.20134735107422,99.16999816894533,1.0849517583847046,74.41601563,0.438,87.6,1255.4000244140625,47.72999954223633,50.75,907.9001803057264,372535008.0,459508,1843886.294,304061325.5,0.501,0.5897,66.0,35.36010801,68.0
Bitcoin,2017-03-28,1047.1500244140625,-3.603120117,63.72855668340315,0.2137,39.0,53.0,29.2,119.04000091552734,12.350000381469728,29.920000076293945,20701.5,1592.97998,11.529999732971191,33.29333496,99.70999908447266,1.0860947370529177,36.92004395,0.4529,107.2,1255.300048828125,48.369998931884766,51.33000183105469,902.5735973674892,326332000.0,553957,2264423.985,426602354.3,0.4982,0.623,52.0,35.559293815852136,60.0
Bitcoin,2017-03-29,1039.969970703125,-2.54512085,61.980088348874354,0.2434,39.0,50.0,19.4,119.33000183105467,11.649999618530272,28.540000915527344,20659.32031,1604.6800537109375,11.420000076293944,33.35187911987305,100.0,1.0817711353302002,39.25,0.4506,79.2,1253.4000244140625,49.50999832,52.41999816894531,898.2454288,298457984.0,534780,2063813.439,270264531.2,0.5011,0.5874,37.0,35.23324095658721,64.0
Bitcoin,2017-03-30,1026.4300537109375,-2.135297852,59.64222925503735,0.2442,43.0,41.0,28.4,118.47000122070312,12.09000015258789,27.81999969482422,20728.49023,1608.9100341796875,11.539999961853027,33.17625427246094,100.41000366210938,1.0759629011154177,29.25006103515625,0.455,56.2,1245.0,50.349998474121094,52.959999084472656,892.1867280735653,352968992.0,521048,2413075.132,345704441.2,0.4858,0.5827,52.0,35.66416503874355,37.0
Bitcoin,2017-03-31,1071.790039,0.9363439941407704,58.84564075356146,0.2422,47.0,50.0,23.6,118.72000122070312,12.40999984741211,27.59000015258789,20663.2207,1607.969970703125,12.369999885559082,32.94209289550781,100.3499984741211,1.0687072277069092,48.2800293,0.4419,59.6,1247.300048828125,50.599998474121094,52.83000183105469,891.3983941,447287008.0,489452,2209101.935,463530445.1,0.4863,0.5336,46.0,35.01896518951776,44.0
Bitcoin,2017-04-01,1080.5,2.404262695312582,56.830238191365105,0.2415,46.333333333333336,38.0,14.8,118.93000030517578,12.476666450500488,27.356666564941406,20658.884113333334,1612.893310546875,12.373333295186361,33.00342051188151,100.41333262125652,1.0680991411209106,30.63000488,0.4465,70.4,1248.4667154947917,50.47999954274739,52.92666753133138,895.6921820673057,289633984.0,502791,2025106.759,275732331.5,0.4935,0.5513,38.0,33.13655695190102,21.0
Bitcoin,2017-04-02,1102.1700439453125,4.178663330078052,55.0666508,0.2569,45.666666666666664,33.0,15.6,119.13999938964844,12.543333053588867,27.123332977294925,20654.54752666667,1617.816650390625,12.376666704813639,33.06474812825521,100.47666676839192,1.067491054534912,32.14001465,0.4562,63.8,1249.6333821614583,50.3600006113737,53.02333323160807,903.9253608820826,514187008.0,501563,2378690.407,278337308.6,0.481,0.5478,41.0,30.57894778994484,44.0
Bitcoin,2017-04-03,1143.810059,7.498843994140543,54.67402904498605,0.2595,45.0,54.0,26.4,119.3499984741211,12.609999656677246,26.88999938964844,20650.21094,1622.739990234375,12.380000114440918,33.126075744628906,100.54000091552734,1.0668829679489136,48.79003906,0.4672,71.2,1250.800048828125,50.24000168,53.119998931884766,914.8804123384948,580444032.0,564025,2916926.023,357722808.5,0.4782,0.5879,41.0,27.74929868734234,33.0
Bitcoin,2017-04-04,1133.25,11.08380126953125,53.334449961415615,0.2649,43.0,47.0,19.6,119.62000274658205,12.40999984741211,27.969999313354492,20689.24023,1613.4000244140625,11.789999961853027,33.14279556274414,100.54000091552734,1.067008137702942,35.91992188,0.4591,83.2,1255.0,51.029998779296875,54.16999816894531,931.646891,436310016.0,496731,2045569.045,348486729.2,0.4794,0.5881,31.0,23.626568806084823,41.0
Bitcoin,2017-04-05,1124.780029296875,11.94026123046865,51.05770074542164,0.2777,43.0,33.0,16.4,119.62000274658205,13.229999542236328,27.729999542236328,20648.15039,1600.189941,12.890000343322754,33.04243850708008,100.55999755859376,1.0680338144302368,21.45996094,0.471,69.6,1245.4000244140625,51.150001525878906,54.36000061035156,939.1989557,414784000.0,577217,2673677.81,376232820.4,0.472,0.5849,64.0,21.664866813703625,34.0
Bitcoin,2017-04-06,1182.6800537109375,13.607742919921748,51.95286253648528,0.2767,43.0,59.0,20.0,119.18000030517578,12.850000381469728,26.790000915527344,20662.94922,1599.5799560546875,12.390000343322754,32.98390197753906,100.66999816894533,1.0672472715377808,62.55993652,0.4671,75.2,1250.300048828125,51.70000076293945,54.88999938964844,931.4915097,511222016.0,548640,2432718.259,366852393.9,0.4741,0.5834,36.0,23.81791702618509,29.0
Bitcoin,2017-04-07,1176.9000244140625,14.642543945312582,49.898368170039895,0.2746,40.0,44.0,15.6,119.45999908447266,13.449999809265137,27.459999084472656,20656.09961,1598.1300048828125,12.869999885559082,32.92537307739258,101.18000030517578,1.0644639730453491,23.18994141,0.4799,67.4,1254.300048828125,52.24000168,55.24000168,937.5630367125711,317022016.0,542132,2835523.669,411459319.5,0.4793,0.6031,30.0,24.356208308018044,32.0
Bitcoin,2017-04-08,1175.949951171875,14.34476318359384,47.934200758898655,0.2932,37.333333333333336,41.0,14.2,119.45999908447266,13.549999872843424,27.209999084472656,20656.739583333336,1602.010009921875,13.263333320617676,32.88076909383138,101.12666575113933,1.062376340230306,22.40002441,0.4753,67.8,1253.2333577473958,52.52000173035156,55.48666763407878,937.1735362,209312000.0,468194,2302445.271,201802714.52163997,0.471,0.6059,30.0,25.566471287050252,32.0
Bitcoin,2017-04-09,1187.8699951171875,14.16160278320308,46.321041817972855,0.2921,34.666666666666664,28.0,11.8,119.45999908447266,13.649999936421713,26.959999084472656,20657.379556666667,1605.8900149609374,13.65666675567627,32.83616511027018,101.07333119710286,1.0602887074152627,25.34997559,0.4817,63.8,1252.1666666666667,52.80000178070313,55.73333358815755,935.6966569,242343008.0,489533,2639028.48,218412547.3,0.4676,0.6124,42.0,26.91767328480344,23.0
Bitcoin,2017-04-10,1187.1300048828125,14.542202148437582,43.81953359938997,0.2895,32.0,41.0,16.2,119.45999908447266,13.75,26.709999084472656,20658.01953,1609.77002,14.050000190734863,32.791561126708984,101.0199966430664,1.0582010746002195,11.29992676,0.4811,67.2,1251.0999755859375,53.08000183105469,55.97999954223633,932.6711175,215883008.0,548201,2501424.11,276975890.5,0.4675,0.6286,52.0,28.006964142166986,41.0
Bitcoin,2017-04-11,1205.010009765625,13.538801269531405,42.18527701416569,0.2983,31.0,52.0,13.2,121.19000244140624,15.199999809265137,27.270000457763672,20651.30078,1600.9000244140625,15.06999969482422,32.71629333496094,100.70999908447266,1.0597598552703855,20.60998535,0.4886,89.6,1271.199951171875,53.400001525878906,56.22999954223633,932.7315880393706,216182000.0,582104,2847416.315,353047267.6,0.465,0.6265,59.0,29.22300964365101,26.0
Bitcoin,2017-04-12,1200.3699951171875,12.250998535156214,39.913471861926176,0.2974,28.0,42.0,16.2,122.0199966430664,16.079999923706055,26.920000076293945,20591.85938,1592.8599853515625,15.770000457763672,32.87518310546875,100.77999877929688,1.0611318349838257,10.38000488,0.4822,68.8,1275.300048828125,53.11000061035156,55.86000061035156,936.2050829998695,288702016.0,548652,2459161.238,324225506.2,0.4671,0.6228,42.0,29.847054571758303,32.0
Bitcoin,2017-04-13,1169.280029296875,10.693000488281314,40.59465767480198,0.3027,25.0,53.0,20.4,122.5999984741211,16.200000762939453,26.020000457763672,20453.25,1587.260009765625,15.960000038146973,32.73301315307617,100.55999755859376,1.0670650005340576,49.45007324,0.4792,66.6,1285.9000244140625,53.18000030517578,55.88999938964844,963.4482535391325,351968992.0,449522,2152057.91,296565393.5,0.465,0.6465,68.0,26.720388598486032,37.0
Bitcoin,2017-04-14,1167.540039,8.040402832031305,39.91003996700363,0.2982,26.25,73.0,15.0,122.5099983215332,16.200000762939453,25.96500015258789,20499.16748,1592.7275085449219,15.634999990463257,32.818735122680664,100.49499893188478,1.0616387128829956,31.01000977,0.4769,56.8,1286.7750244140625,53.04750061035156,55.75749969482422,985.9885688928682,254827008.0,558991,2375849.278,355707472.0,0.4587,0.6441,50.0,24.205882094111946,43.0
Bitcoin,2017-04-15,1172.52002,5.232001953124836,38.70503990239622,0.2843,27.5,49.0,16.6,122.4199981689453,16.200000762939453,25.90999984741211,20545.08496,1598.1950073242188,15.309999942779541,32.904457092285156,100.43000030517578,1.0614434878031414,23.04003906,0.4744,59.0,1287.6500244140625,52.915000915527344,55.625,1014.9225120609764,203559008.0,520822,2472770.088,274787437.0,0.4533,0.6402,43.0,20.69196177289703,24.0
Bitcoin,2017-04-16,1182.939941,3.513400878906168,36.99039070735899,0.2846,28.75,22.0,13.4,122.32999801635741,16.200000762939453,25.854999542236328,20591.00244,1603.6625061035156,14.984999895095825,32.99017906188965,100.3650016784668,1.0612482627232869,14.60998535,0.4766,59.8,1288.5250244140625,52.782501220703125,55.49250030517578,1026.8366758752495,183231008.0,429264,2422454.871,248893303.71512803,0.4519,0.6512,49.0,19.679539923817817,45.0
Bitcoin,2017-04-17,1193.9100341796875,2.386203613281168,35.93750565683335,0.2847,30.0,43.0,13.6,122.23999786376952,16.200000762939453,25.799999237060547,20636.91992,1609.1300048828125,14.65999984741211,33.07590103149414,100.3000030517578,1.0610530376434326,22.25,0.4734,66.4,1289.4000244140625,52.650001525878906,55.36000061035156,1040.1045070693674,253206000.0,469210,2405342.15,355041524.0,0.4444,0.6493,44.0,18.51889765192376,45.0
Bitcoin,2017-04-18,1211.6700439453125,1.9834033203123909,35.07053573547472,0.2838,32.0,34.0,15.0,122.81999969482422,15.670000076293944,26.87999916,20523.2793,1603.810059,14.420000076293944,32.65775680541992,99.5,1.0644525289535522,23.79992676,0.4789,78.8,1291.699951171875,52.40999984741211,54.88999938964844,1057.011470597138,270524000.0,553139,2573482.227,346671691.3,0.4587,0.6554,55.0,16.939977254130753,38.0
Bitcoin,2017-04-19,1210.290039,2.5734033203125364,33.31050130515063,0.2892,30.0,30.0,14.0,121.7300033569336,14.5,29.809999465942383,20404.49023,1607.5,14.93000030517578,32.45703887939453,99.73999786376952,1.0728693008422852,10.43005371,0.4814,79.8,1281.4000244140625,50.439998626708984,52.93000030517578,1083.1003712168742,288060992.0,566249,2444733.66,305279308.3,0.4644,0.6488,60.0,13.90316045616017,32.0
Bitcoin,2017-04-20,1229.0799560546875,2.7282031250001637,33.24403727498362,0.2921,34.0,48.0,10.4,121.95999908447266,14.539999961853027,27.959999084472656,20578.71094,1619.689941,14.149999618530272,32.858463287353516,99.77999877929688,1.0715012550354004,32.38000488,0.4784,90.0,1281.9000244140625,50.27000045776367,52.99000168,1098.0876933099223,315108000.0,491206,2424413.356,344219152.7,0.4666,0.6301,60.0,12.594235219358884,30.0
Bitcoin,2017-04-21,1222.050048828125,1.367004395,32.32516909909193,0.2941,37.0,28.0,13.6,122.30999755859376,15.31000042,30.059999465942383,20547.75977,1622.3599853515625,14.630000114440918,32.858463287353516,99.98000336,1.0714898109436035,20.37988281,0.4893,71.4,1287.4000244140625,49.619998931884766,51.959999084472656,1115.0967644443688,272167008.0,612636,2938953.715,324930181.6,0.4738,0.63,25.0,10.833828215572035,35.0
Bitcoin,2017-04-22,1231.709961,-0.072797852,31.95123472705858,0.3017,37.666666666666664,24.0,12.0,122.03333282470705,14.303333600617675,29.99999936396159,20619.80339,1628.5199788411458,13.366666793823242,33.01457087198893,99.68333435263021,1.0767911672592163,27.09008789,0.4838,59.8,1283.5333658854167,49.48999913533529,51.83999888102213,1128.0969701689685,249320000.0,530090,2504139.263,220730616.6,0.4731,0.6299,42.0,9.674076477,26.0
Bitcoin,2017-04-23,1207.209961,-1.665600586,31.6875758,0.3048,38.333333333333336,28.0,13.8,121.75666809082031,13.296666781235352,29.939999261980795,20691.84701,1634.6799723307292,12.103333473205566,33.17067845662435,99.38666534526041,1.082092523574829,28.26000977,0.4868,58.6,1279.6667073567708,49.359999338785805,51.71999867757162,1133.8718581013172,258951008.0,490004,3003304.2248380096,211860005.8,0.4642,0.6285,49.0,9.209965686,27.0
Bitcoin,2017-04-24,1250.1500244140625,-2.611401367,32.54774756320676,0.3032,39.0,30.0,15.6,121.4800033569336,12.289999961853027,29.87999916,20763.89063,1640.8399658203125,10.84000015258789,33.326786041259766,99.08999633789062,1.087393879890442,41.30993652,0.4792,64.8,1275.800048828125,49.22999954223633,51.599998474121094,1139.644076958319,235806000.0,449880,2166919.011,272159698.5,0.4657,0.635,40.0,9.177083839,51.0
Bitcoin,2017-04-25,1265.489990234375,-2.889799805,31.480764548089315,0.3047,46.0,32.0,15.6,120.25,12.449999809265137,29.38999938964844,20996.11914,1666.739990234375,10.760000228881836,33.619503021240234,98.81999969482422,1.0864840745925903,17.60998535,0.487,135.6,1265.5999755859375,49.560001373291016,52.099998474121094,1148.154979089276,242556000.0,580199,2730056.146,393127864.7084339,0.4564,0.6382,45.0,8.877749746595338,44.0
Bitcoin,2017-04-26,1281.0799560546875,-1.159802246,31.327850353248117,0.3064,48.0,38.0,15.2,120.83999633789062,12.020000457763672,29.31999969482422,20975.08984,1671.9100341796875,10.850000381469728,33.494056701660156,98.95999908447266,1.0928245782852173,28.89990234,0.4919,109.6,1262.0999755859375,49.619998931884766,51.81999969482422,1143.607974194951,329631008.0,606557,2834899.0032735406,373574588.2,0.4623,0.6404,54.0,10.410997438628048,47.0
Bitcoin,2017-04-27,1317.72998,3.060397949218668,31.848717836386644,0.3126,50.0,47.0,20.4,120.38999938964844,11.529999732971191,29.87999916,20981.33008,1690.1500244140625,10.359999656677246,33.45223617553711,99.08000183105467,1.090893268585205,38.39990234,0.4961,86.6,1263.699951171875,48.970001220703125,51.439998626708984,1135.6682143197463,449196992.0,554692,2802873.462,398959237.4,0.4687,0.6498,41.0,12.819786371950975,59.0
Bitcoin,2017-04-28,1316.47998,6.578999023437518,32.35309757519385,0.317,49.0,40.0,16.8,120.7699966430664,11.600000381469728,28.549999237060547,20940.50977,1692.3399658203125,10.81999969482422,33.502418518066406,99.0500030517578,1.0864251852035522,38.91003418,0.4976,59.8,1266.0999755859375,49.33000183105469,51.72999954223633,1132.7588858286729,527488992.0,582827,2599659.647,423281308.5061471,0.4779,0.6534,57.0,14.374170497402902,56.0
Bitcoin,2017-04-29,1321.790039,11.019799804687407,30.898589907992505,0.3305,49.666666666666664,36.0,13.6,120.40333048502605,11.850000381469728,28.839999516805012,20931.493493333335,1704.5499674479167,10.583333015441896,33.56653340657552,99.08000183105467,1.0878669420878093,11.98999023,0.5099,67.2,1261.8333333333333,49.16666793823242,51.65999984741211,1130.4494159894898,422705984.0,634026,3282240.049,363036770.9,0.4861,0.6511,49.0,15.763417987524967,70.0
Bitcoin,2017-04-30,1347.8900146484375,14.607800292968705,31.047975645591254,0.3305,50.333333333333336,40.0,20.0,120.03666432698569,12.100000381469728,29.12999979654948,20922.477216666666,1716.7599690755208,10.34666633605957,33.63064829508463,99.11000061035156,1.0893086989720662,32.98999023,0.506,69.0,1257.5666910807292,49.003334045410156,51.59000015258789,1127.0861857797954,413115008.0,526653,2841932.311,269552199.7,0.4861,0.6528,48.0,17.506879135274396,85.0
Bitcoin,2017-05-01,1421.5999755859375,17.461401367187364,35.00382964523653,0.3327,51.0,72.0,31.0,119.66999816894533,12.350000381469728,29.420000076293945,20913.46094,1728.969970703125,10.109999656677246,33.69476318359375,99.13999938964844,1.0907504558563232,86.01989746,0.5091,80.6,1253.300048828125,48.84000015258789,51.52000045776367,1111.9218161673225,713624000.0,542848,3028192.094,446976193.6,0.4894,0.6545,72.0,21.526964266744987,128.0
Bitcoin,2017-05-02,1452.8199462890625,18.52479980468752,36.66141917113482,0.3388,47.0,69.0,22.6,119.6500015258789,12.380000114440918,32.22999954223633,20949.89063,1733.209961,10.59000015258789,33.937294006347656,98.98000336,1.090893268585205,58.21008301,0.52,79.2,1255.0999755859375,47.65999984741211,50.459999084472656,1099.022375328819,477337984.0,609091,3252918.867,458087464.4,0.5024,0.662,55.0,25.366490326188313,57.0
Bitcoin,2017-05-03,1490.0899658203125,20.966799316406195,37.27703418011625,0.3528,47.0,49.0,27.2,117.9800033569336,12.539999961853027,32.79999923706055,20957.90039,1728.0799560546875,10.68000030517578,33.71148681640625,99.20999908447266,1.0935654640197754,45.2800293,0.523,71.2,1246.4000244140625,47.81999969482422,50.790000915527344,1091.4822445045147,583795968.0,547222,2801412.846,468116196.0,0.5094,0.667,51.0,28.74707216928389,68.0
Bitcoin,2017-05-04,1537.6700439453125,22.626599121093705,43.10153662149188,0.3591,45.0,89.0,34.0,116.79000091552734,12.40999984741211,34.66999816894531,20951.4707,1716.050048828125,10.460000038146973,33.33515167236328,98.76000213623048,1.0888975858688354,118.1900634765625,0.5402,100.8,1226.5,45.52000045776367,48.380001068115234,1084.083612483078,933548992.0,676231,3837374.26,635339356.0,0.5189,0.6837,100.0,32.34202129700696,81.0
Bitcoin,2017-05-05,1555.449951171875,26.538195800781295,46.28856762732282,0.3724,47.0,83.0,22.8,117.01000213623048,12.010000228881836,33.83000183105469,21006.93945,1727.449951171875,10.56999969482422,33.61113739013672,98.65000153,1.098152995109558,87.7199707,0.5379,85.6,1224.800048828125,46.220001220703125,49.099998474121094,1081.9036136453724,946035968.0,523630,2992751.478,590516942.2,0.5304,0.6827,71.0,35.12028076496861,58.0
Bitcoin,2017-05-06,1578.800048828125,32.105197753906396,45.57510199880869,0.3768,49.666666666666664,31.0,20.6,116.92333475748698,11.990000089009603,33.83666737874349,21008.7194,1728.7733154296875,10.303333282470705,33.60834884675781,98.81666819666667,1.0976070960362754,36.30004883,0.5529,63.2,1224.9667154947917,46.290000915527344,49.179999033610024,1082.3686387292514,582529984.0,677422,3736751.784,472765822.9,0.5405,0.6849,57.0,37.500241667417875,73.0
Bitcoin,2017-05-07,1596.709961,40.14503906250002,44.95973478014378,0.3737,52.333333333333336,47.0,20.8,116.8366673787435,11.96999994913737,33.84333292643229,21010.49935,1730.0966796875,10.036666870117188,33.60556030337891,98.98333486333333,1.0970611969629924,36.95996094,0.5516,73.4,1225.1333821614583,46.36000061035156,49.25999959309896,1085.9350142211483,1080029952.0,581370,3798375.635,442601453.2,0.5453,0.6921,68.0,39.39293719527499,59.0
Bitcoin,2017-05-08,1723.3499755859375,48.875439453124955,50.79404048502191,0.3836,55.0,66.0,29.0,116.75,11.949999809265137,33.849998474121094,21012.2793,1731.4200439453125,9.770000457763672,33.60277176,99.15000153,1.0965152978897097,126.4299316,0.5643,87.6,1225.300048828125,46.43000030517578,49.34000015258789,1074.707903880229,1340320000.0,691481,4358595.025,737787408.6889108,0.5461,0.7087,77.0,44.004680997085934,108.0
Bitcoin,2017-05-09,1755.3599853515625,57.136838378906305,55.53660483653819,0.3716,61.0,92.0,35.6,116.0500030517578,12.100000381469728,34.209999084472656,20975.7793,1752.449951171875,9.960000038146973,34.029293060302734,99.58999633789062,1.0927767753601074,117.1899414,0.563,98.8,1214.300048828125,45.880001068115234,48.72999954223633,1070.7302934956906,1167920000.0,621157,3851908.960532601,759833620.7,0.5559,0.7156,85.0,47.59648836697023,117.0
Bitcoin,2017-05-10,1787.1300048828125,63.11583984374988,56.522559192522074,0.408,61.0,62.0,22.2,116.04000091552734,11.199999809265137,34.02000045776367,20943.10938,1785.5,10.210000038146973,34.255088806152344,99.66999816894533,1.0886842012405396,69.33996582,0.5771,93.2,1217.300048828125,47.33000183105469,50.220001220703125,1070.1326449504718,915723008.0,592447,3872761.357,743762053.1,0.5655,0.7313,77.0,50.64734926624587,73.0
Bitcoin,2017-05-11,1848.5699462890625,69.53303710937507,60.95523912,0.4148,63.0,81.0,26.2,116.5,11.239999771118164,33.720001220703125,20919.41992,1791.949951171875,10.600000381469728,34.33035659790039,99.62000274658205,1.087074637413025,118.5800781,0.5789,98.2,1222.699951171875,47.83000183105469,50.77000045776367,1072.690296778436,799489984.0,568522,3603539.089,668519296.1,0.568,0.735,69.0,53.49303415293225,96.0
Bitcoin,2017-05-12,1724.239990234375,70.78819824218749,68.18272308285385,0.4275,62.0,74.0,23.0,116.83000183105467,11.130000114440918,33.720001220703125,20896.60938,1805.5,10.399999618530272,34.47253418,99.25,1.086495876312256,162.1400146484375,0.5881,90.0,1226.199951171875,47.84000015258789,50.84000015258789,1096.9880311638367,740984000.0,600569,4010123.292,613819101.6,0.5675,0.7295,58.0,52.65246379024852,38.0
Bitcoin,2017-05-13,1804.9100341796875,74.40379882812499,74.87753101834197,0.4377,59.333333333333336,61.0,21.4,116.93333435058592,11.179999987284342,33.51333363850912,20925.05273666667,1808.933349609375,10.406666437784828,34.58961613993815,99.1366678873698,1.0885735750198366,161.9100341796875,0.5873,87.0,1226.9999593098958,48.176666259765625,51.166666666666664,1126.2218844145357,579635008.0,623294,3887658.169,426951909.1,0.5648,0.741,49.0,51.70222231085205,30.0
Bitcoin,2017-05-14,1808.9100341796875,77.10381958007815,73.44342514761219,0.4092,56.666666666666664,50.0,17.8,117.03666687011719,11.229999860127768,33.3066660563151,20953.496093333335,1812.36669921875,10.413333257039387,34.7066980998763,99.02333577473958,1.090651273727417,54.80004883,0.5809,82.4,1227.7999674479167,48.51333236694336,51.493333180745445,1155.1015111793524,437196000.0,691331,4502606.745,453587626.1,0.5644,0.725,59.0,50.646637696031505,37.0
Bitcoin,2017-05-15,1738.4300537109375,79.20612182617197,75.64460976318453,0.4247,54.0,71.0,17.8,117.13999938964844,11.279999732971191,33.099998474121094,20981.93945,1815.800048828125,10.420000076293944,34.82378005981445,98.91000366210938,1.0927289724349976,104.2600098,0.5924,99.0,1228.5999755859375,48.849998474121094,51.81999969482422,1192.6801820929877,731529024.0,636240,4329595.855,704107293.8,0.5621,0.7689,77.0,48.10980207813196,45.0
Bitcoin,2017-05-16,1734.449951171875,76.99112182617182,77.34141637608207,0.4271,66.0,91.0,21.0,117.6500015258789,11.18999958,33.439998626708984,20979.75,1832.010009765625,10.649999618530272,34.85723114013672,98.11000061035156,1.0981770753860474,99.39990234,0.5788,99.6,1235.0,48.65999984741211,51.650001525878906,1233.5538846000757,959044992.0,453277,3642086.24,594333395.3,0.5614,0.7755,75.0,45.13976807294415,161.0
Bitcoin,2017-05-17,1839.0899658203125,79.11692016601569,86.25560197,0.4141,45.0,63.0,27.0,119.79000091552734,13.029999732971191,33.900001525878906,20606.92969,1763.760009765625,15.59000015258789,34.263458251953125,97.41999816894533,1.1093976497650146,202.1400146484375,0.5862,94.6,1257.5,49.06999969482422,52.209999084472656,1267.759294347321,1064729984.0,591516,4421399.763,944733565.6,0.5601,0.7897,75.0,43.407920208297504,97.0
Bitcoin,2017-05-18,1888.6500244140625,78.74272094726575,87.04877221,0.4178,47.0,56.0,24.8,118.80999755859376,12.949999809265137,32.79999923706055,20663.01953,1788.52002,14.65999984741211,33.69476318359375,97.87999725341795,1.115635633468628,97.35998535,0.5925,84.8,1251.699951171875,49.349998474121094,52.50999832,1306.586761903399,894321024.0,570190,4037060.379,658815926.2290739,0.5658,0.8,83.0,41.413966067032526,91.0
Bitcoin,2017-05-19,1987.709961,81.24569824218747,89.10743098789773,0.428,49.0,58.0,30.6,119.4000015258789,12.039999961853027,29.760000228881836,20804.83984,1801.949951171875,12.039999961853027,34.41398620605469,97.15000153,1.1113580465316772,114.2700195,0.5992,73.2,1252.699951171875,50.33000183105469,53.61000061035156,1343.6876331849685,1157289984.0,633618,4815456.243,845185438.9,0.56,0.7631,60.0,40.141046478464794,86.0
Bitcoin,2017-05-20,2084.72998,86.07039550781246,90.58618138329344,0.4447,50.0,60.0,32.4,119.56666819254558,12.133333206176758,30.036666870117188,20834.836586666668,1806.9266357421875,11.670000076293945,34.42513783772787,97.09333547333333,1.1144006252288818,109.8099365234375,0.6112,65.0,1255.3666178385417,50.46333440144857,53.6966667175293,1373.2710559341435,961336000.0,646322,4886339.565,661263295.4,0.562,0.7814,61.0,40.12523605416763,65.0
Bitcoin,2017-05-21,2041.199951171875,91.51079589843744,89.94288829341534,0.4583,51.0,74.0,28.0,119.73333485921223,12.22666645050049,30.31333351135254,20864.833333333332,1811.9033203125,11.300000190734862,34.43628946940104,97.03666941666667,1.1174432039260864,81.58007813,0.6134,61.8,1258.0332845052083,50.596666971842446,53.78333282470703,1404.9793631216853,1147859968.0,608720,4467333.321,543457757.4,0.5686,0.7834,93.0,39.33117651117494,97.0
Bitcoin,2017-05-22,2173.399902,97.09659423828134,103.94910393149728,0.4727,52.0,72.0,39.4,119.9000015258789,12.31999969482422,30.59000015258789,20894.83008,1816.8800048828125,10.93000030517578,34.44744110107422,96.98000336,1.120485782623291,286.0299072265625,0.6168,92.2,1260.699951171875,50.72999954223633,53.869998931884766,1422.1728710632424,1942220032.0,604611,4964459.573,920544426.0,0.5753,0.7659,88.0,40.64776520678512,122.0
Bitcoin,2017-05-23,2320.419922,103.65519042968754,107.05417979464926,0.4716,49.0,69.0,29.8,119.13999938964844,11.890000343322754,31.770000457763672,20937.91016,1806.3800048828125,10.720000267028809,34.48089599609375,97.34999847,1.123885989189148,142.3200684,0.6369,86.0,1254.800048828125,51.470001220703125,54.150001525878906,1420.667251,1378749952.0,687291,5849528.149,1021925535.0,0.5885,0.7694,76.0,44.43480378275656,69.0
Bitcoin,2017-05-24,2443.639892578125,110.63739013671876,113.92888472561182,0.4772,54.0,89.0,40.4,119.61000061035156,11.75,30.940000534057617,21012.41992,1813.9300537109375,10.020000457763672,34.61470031738281,97.23999786376952,1.117930532,202.3498535,0.6421,111.4,1252.4000244140625,51.36000061035156,53.959999084472656,1407.0406155640785,1725379968.0,631836,5777645.71,1085441233.0,0.6112,0.7802,100.0,49.65567035270019,141.0
Bitcoin,2017-05-25,2304.97998,113.98259033203136,139.96324382445204,0.5075,57.0,218.0,51.0,119.4800033569336,11.199999809265137,33.029998779296875,21082.94922,1833.1300048828125,9.989999771118164,34.78196334838867,97.25,1.123090744018555,478.4099121,0.6597,105.0,1255.800048828125,48.900001525878906,51.459999084472656,1431.8766007688664,2406700032.0,659056,6652086.797,1318459471.0,0.6228,0.7995,114.0,50.00512068560514,92.0
Bitcoin,2017-05-26,2202.419922,115.16338867187504,165.80872989614298,0.5322,58.0,176.0,38.0,120.54000091552734,11.59000015258789,30.040000915527344,21080.2793,1845.52002,9.81000042,34.90740966796875,97.40000153,1.121076226234436,501.8000488,0.6711,101.4,1267.5999755859375,49.79999923706055,52.150001525878906,1472.082470857067,1763480064.0,641521,5857614.171794121,1036939907.0,0.6417,0.8141,76.0,48.27137574623351,70.0
Bitcoin,2017-05-27,2038.8699951171875,110.97819091796872,182.8488202690747,0.5165,56.5,206.0,47.4,120.44000053405762,11.597500085830688,30.105000495910645,21067.577149999997,1849.0175174414062,9.952500343610229,34.86141300201416,97.37000084232422,1.1199193398157756,404.3699951171875,0.6618,72.0,1266.2249755859375,49.76499938964844,52.07250118255615,1520.1517177852284,1700480000.0,651462,5550225.488,680256464.0,0.6467,0.8297,75.0,45.08189323549306,56.0
Bitcoin,2017-05-28,2155.800048828125,107.0429956054686,186.1074825908149,0.5094,55.0,116.0,25.4,120.34000015258789,11.605000019073486,30.170000076293945,21054.875,1852.5150148828125,10.095000267220458,34.81541633605957,97.34000015464844,1.118762453397115,213.2600098,0.6425,79.0,1264.8499755859375,49.72999954223633,51.9950008392334,1548.424628239059,1147139968.0,592663,5637036.093,528810229.4,0.6431,0.8261,66.0,43.92025222363245,35.0
Bitcoin,2017-05-29,2255.610107421875,102.19000000000004,187.09124290240848,0.4683,53.5,87.0,32.4,120.23999977111816,11.612499952316284,30.234999656677246,21042.17285,1856.0125123242187,10.237500190830689,34.76941967010498,97.30999946697266,1.1176055669784546,199.880127,0.6429,104.6,1263.4749755859375,49.69499969482422,51.917500495910645,1571.4135313800386,994625024.0,594356,5363911.687055101,568563505.5,0.644,0.8295,70.0,43.57491602307605,66.0
Bitcoin,2017-05-30,2175.469970703125,98.35280029,186.3982893078168,0.5,52.0,79.0,34.6,120.13999938964844,11.619999885559082,30.299999237060547,21029.4707,1859.510009765625,10.380000114440918,34.72342300415039,97.27999877929688,1.1129041910171509,177.3898926,0.6577,108.0,1262.0999755859375,49.65999984741211,51.84000015258789,1597.547399326265,1443970048.0,634489,6715480.583,935087103.8,0.637,0.8627,139.0,42.49560270177606,142.0
Bitcoin,2017-05-31,2286.409912109375,99.58600097656245,184.90626934051735,0.5094,50.0,72.0,26.8,120.62000274658205,11.81999969482422,32.290000915527344,21008.65039,1851.3199462890625,10.40999984741211,34.45581055,96.91999816894533,1.117168664932251,165.5100098,0.6541,114.0,1272.0,48.31999969482422,50.310001373291016,1613.7941664046866,1544829952.0,614127,5896299.599,840617433.5,0.6212,0.8887,95.0,42.59252334606642,126.0
Bitcoin,2017-06-01,2407.879883,106.49679931640615,183.2686772782483,0.4893,58.0,73.0,27.0,120.72000122070312,11.81000042,31.190000534057617,21144.17969,1857.3900146484375,9.890000343322754,34.74851608276367,97.1999969482422,1.124353528022766,160.0598145,0.6575,103.6,1267.0,48.36000061035156,50.33000183105469,1648.445469415581,1653180032.0,610355,6453340.297,945259538.0,0.6232,0.8652,86.0,41.84910845966576,73.0
Bitcoin,2017-06-02,2488.550048828125,113.28519775390625,178.40877036328416,0.5113,57.0,63.0,25.0,121.61000061035156,12.09000015258789,32.470001220703125,21206.28906,1864.969970703125,9.75,34.924137115478516,96.72000122070312,1.1215791702270508,115.2299805,0.6613,94.8,1276.800048828125,47.65999984741211,49.95000076293945,1668.7462035048302,1317030016.0,534562,5582333.531,722150565.1,0.6179,0.8533,76.0,42.48425448512824,71.0
Bitcoin,2017-06-03,2515.350098,118.8865966796875,176.97527560519242,0.527,57.333333333333336,65.0,32.0,121.6500015258789,12.206666628391927,32.88333384195963,21198.87239333333,1869.0533040364583,9.856666564941406,34.91019821166992,96.74666849772134,1.1237469514211018,158.3398438,0.6715,76.6,1277.6333821614583,47.573333740234375,49.790000915527344,1696.0907435248648,1514950016.0,601584,7556602.026,828539265.4,0.6149,0.8,71.0,42.528292053464085,63.0
Bitcoin,2017-06-04,2511.810059,125.90559814453128,173.85917402736618,0.5388,57.666666666666664,74.0,27.2,121.69000244140625,12.323333104195964,33.29666646321615,21191.455726666667,1873.1366373697917,9.963333129882814,34.89625930786133,96.77333577473958,1.125914732615153,133.3498535,0.6749,64.0,1278.4667154947917,47.48666763305664,49.630001068115234,1751.3942359189075,1355120000.0,537388,6277178.516,634490205.0,0.6185,0.8374,58.0,40.26115636532649,71.0
Bitcoin,2017-06-05,2686.810059,134.3550024414062,174.0542393033132,0.5487,58.0,69.0,25.0,121.7300033569336,12.43999958,33.709999084472656,21184.03906,1877.219970703125,10.06999969482422,34.882320404052734,96.8000030517578,1.128082513809204,176.5900879,0.6802,82.8,1279.300048828125,47.400001525878906,49.470001220703125,1801.609246971194,1369309952.0,576033,6653843.259,772048124.0,0.6194,0.8465,97.0,39.17362127688527,87.0
Bitcoin,2017-06-06,2863.199951171875,143.59060302734383,183.9860688899069,0.5445,55.0,116.0,47.2,123.0999984741211,13.229999542236328,32.119998931884766,21136.23047,1867.040039,10.449999809265137,34.89904022216797,96.63999938964844,1.1256824731826782,309.0698242,0.6811,127.6,1294.4000244140625,48.189998626708984,50.119998931884766,1814.7450418749072,2089609984.0,617594,6998125.227,888558904.1,0.6257,0.8192,81.0,41.620786895563114,154.0
Bitcoin,2017-06-07,2732.159912109375,147.615,182.9027657,0.5671,55.0,80.0,35.6,122.4499969482422,13.15999984741211,34.22999954223633,21173.68945,1879.6500244140625,10.390000343322754,34.85723114013672,96.75,1.1271415948867798,168.8198242,0.7005,122.8,1290.0999755859375,45.720001220703125,48.060001373291016,1857.7448639032473,1517709952.0,657365,7719493.898,937299020.2,0.6335,0.8433,71.0,40.79799765,79.0
Bitcoin,2017-06-08,2805.620117,152.56540039062497,180.14900369604857,0.5917,55.0,84.0,27.6,121.6500015258789,12.619999885559082,33.84000015258789,21182.5293,1929.290039,10.15999984741211,35.066307067871094,96.91999816894533,1.125517725944519,144.3500977,0.6993,112.2,1276.300048828125,45.63999938964844,47.86000061035156,1884.2891063006584,1281170048.0,609713,7029707.6,798267726.3,0.6289,0.8594,82.0,41.30407838323656,88.0
Bitcoin,2017-06-09,2823.810059,157.6742016601563,174.85906369990224,0.5688,54.0,75.0,31.4,120.54000091552734,12.5,32.59000015258789,21271.9707,1857.0799560546875,10.699999809265137,34.798683166503906,97.26999664,1.118480563163757,106.0898438,0.6966,85.6,1268.5,45.83000183105469,48.150001525878906,1903.1675951405985,1348950016.0,571965,6703956.914,685475617.7,0.629,0.8709,82.0,42.1701801,70.0
Bitcoin,2017-06-10,2947.709961,162.1099975585937,176.97198353606993,0.5812,53.666666666666664,80.0,29.4,120.48000081380208,12.46999994913737,33.04333368937174,21259.870440000002,1852.1033121744792,10.953333218892416,34.73735555013021,97.22666422321615,1.1190527677536009,204.4399414,0.7003,95.0,1267.6999918619792,45.91333516438802,48.196667989095054,1927.490967701411,2018889984.0,516466,6249243.428,681180409.1,0.6306,0.88,81.0,43.101822261494874,109.0
Bitcoin,2017-06-11,2958.110107421875,163.2522021484374,175.47898959487745,0.581,53.333333333333336,67.0,25.6,120.42000071207683,12.43999989827474,33.4966672261556,21247.77018,1847.1266682942708,11.206666628519693,34.67602793375651,97.18333180643229,1.1196249723434448,156.0700684,0.7041,92.8,1266.8999837239583,45.99666849772135,48.243334452311196,1940.9337502741537,1752400000.0,467562,6463254.64,649078150.9,0.6372,0.8721,85.0,44.49088555413845,111.0
Bitcoin,2017-06-12,2659.629883,161.89080322265636,197.13762970752012,0.595,53.0,184.0,53.0,120.36000061035156,12.40999984741211,33.95000076293945,21235.66992,1842.1500244140625,11.460000038146973,34.61470031738281,97.13999938964844,1.1201971769332886,478.6999512,0.7059,124.6,1266.0999755859375,46.08000183105469,48.290000915527344,1959.6914822901729,2569530112.0,538625,6495311.588,891415561.2,0.6373,0.8961,106.0,44.04761087710183,277.0
Bitcoin,2017-06-13,2717.02002,159.32160156250006,192.96066731769724,0.6019,55.0,116.0,36.2,120.4800033569336,12.15999984741211,32.34000015258789,21328.4707,1859.0999755859375,10.420000076293944,34.78196334838867,96.98000336,1.1196202039718628,138.6601563,0.701,121.8,1265.800048828125,46.459999084472656,48.720001220703125,1967.4352922855544,1781200000.0,611163,6081318.614,838920669.8,0.6389,0.9217,71.0,44.278312999896315,189.0
Bitcoin,2017-06-14,2506.370117,152.24460205078117,205.88420084634387,0.5602,52.0,156.0,35.6,119.81999969482422,11.5,32.02000045776367,21374.56055,1855.5,10.640000343322754,34.77360916137695,96.94000244140624,1.1208877563476562,373.8901367,0.6849,125.8,1272.800048828125,44.72999954223633,47.0,1986.6675876949985,1696560000.0,565825,5950179.968,822548360.6,0.6429,0.8909,77.0,43.38021252775793,104.0
Bitcoin,2017-06-15,2464.580078,141.40140625000004,214.1603293573193,0.5657,52.0,262.0,47.0,119.31999969482422,11.029999732971191,31.899999618530273,21359.90039,1844.25,10.899999618530272,34.41398620605469,97.43000030517578,1.1215791702270508,321.75,0.6759,135.0,1252.199951171875,44.459999084472656,46.91999816894531,2020.161688371136,2026259968.0,573732,5519035.464,704179683.3,0.6408,0.9027,98.0,41.55833937,99.0
Bitcoin,2017-06-16,2518.560059,130.8900048828125,209.91816436974293,0.527,50.0,125.0,25.6,119.33999633789062,10.15999984741211,27.93000030517578,21384.2793,1839.989990234375,10.380000114440918,34.47253418,97.16000366210938,1.1146905422210691,154.7700195,0.6635,96.8,1254.0,44.74000168,47.369998931884766,2098.1995709070156,1195190016.0,536166,5412747.319,614860742.1,0.6387,0.8989,78.0,36.97118847826024,91.0
Bitcoin,2017-06-17,2655.879883,128.62960449218758,209.22615123395772,0.5217,52.333333333333336,86.0,30.4,119.03666432698567,10.336666424941406,28.733333587646484,21432.516276666665,1851.2333170572917,10.376666704813639,34.58682759623698,97.28333536783855,1.1167353391647337,200.2299805,0.671,96.0,1250.7333170572917,44.56000137431315,47.21666590372721,2162.833047411901,1534509952.0,477379,5553872.735,529453963.4,0.6365,0.912,83.0,33.56594328352573,78.0
Bitcoin,2017-06-18,2548.290039,123.82220458984352,204.69357039805004,0.5319,54.666666666666664,97.0,30.8,118.73333231608073,10.513333002470704,29.536666870117188,21480.753253333332,1862.4766438802083,10.373333295186361,34.701121012473955,97.4066670735677,1.1187801361083984,145.7700195,0.6759,89.4,1247.4666341145833,44.3800010686263,47.063332875569664,2205.8174439602644,1178659968.0,433247,5352903.245,531175986.6,0.6284,0.9166,68.0,31.20860472002143,50.0
Bitcoin,2017-06-19,2589.600098,123.83880371093755,198.2554624120286,0.5578,57.0,91.0,30.6,118.43000030517578,10.68999958,30.34000015258789,21528.99023,1873.719970703125,10.369999885559082,34.81541442871094,97.52999877929688,1.120824933052063,113.8200684,0.6744,95.2,1244.199951171875,44.20000076293945,46.90999984741211,2278.9313831100503,1446840064.0,532520,5967196.345,612343421.0,0.631,0.8619,93.0,26.984551826879468,71.0
Bitcoin,2017-06-20,2721.790039,126.1726025390626,196.51220463371405,0.5367,50.0,119.0,30.8,118.18000030517578,11.140000343322754,32.49000168,21467.14063,1866.689941,10.859999656677246,34.43061065673828,97.75,1.1144545078277588,173.6298828,0.6704,112.6,1241.0,43.22999954223633,46.02000045776367,2337.1491768453384,1854189952.0,591484,5831891.725,699302928.9,0.6298,0.865,68.0,24.018896903637817,59.0
Bitcoin,2017-06-21,2689.100098,126.88160400390645,190.4477691185827,0.5488,47.0,144.0,34.4,118.5199966430664,11.25,33.31999969482422,21410.0293,1900.780029296875,10.75,34.50622559,97.55999755859376,1.1136974096298218,111.6101074,0.6705,105.6,1243.4000244140625,42.529998779296875,44.81999969482422,2372.1151182009635,1626579968.0,585195,6054325.837,835467130.1,0.6252,0.8142,64.0,22.326619073168903,93.0
Bitcoin,2017-06-22,2705.409912109375,124.40000488281248,182.65720581100535,0.5692,50.0,77.0,23.6,118.91999816894533,11.239999771118164,32.650001525878906,21397.28906,1902.6700439453125,10.479999542236328,34.68266296386719,97.54000091552734,1.1167196035385132,81.37988281,0.6733,82.4,1247.5999755859375,42.74000168,45.220001220703125,2394.6288215116156,1097939968.0,534178,5940316.947,691666616.6,0.6242,0.8054,61.0,21.36571252176466,57.0
Bitcoin,2017-06-23,2744.909912109375,124.01480224609396,173.87883466490675,0.5561,52.0,73.0,21.8,119.43000030517578,10.859999656677246,31.920000076293945,21394.75977,1910.1199951171875,10.020000457763672,34.86750411987305,97.3000030517578,1.1149640083312988,58.79980469,0.6788,99.8,1256.199951171875,43.00999832,45.540000915527344,2415.3364765889364,961318976.0,506613,6351539.589,556447573.9,0.6222,0.8156,74.0,20.58905367726303,57.0
Bitcoin,2017-06-24,2608.719970703125,120.2460009765623,173.94106076027057,0.5627,52.333333333333336,86.0,22.0,119.07333374023438,10.923333168029785,31.87000020345052,21399.69010666667,1905.1566567447917,9.980000178019205,34.97952651977539,97.3433354695638,1.1166038513183594,174.75,0.6766,63.0,1252.8999837239583,43.133332569371746,45.63666788736979,2429.764875687444,982750016.0,469728,5726988.96,433119966.2,0.6206,0.8454,48.0,19.841529480491047,45.0
Bitcoin,2017-06-25,2589.409912109375,114.454397,170.8124058901173,0.5624,52.666666666666664,127.0,28.6,118.71666717529297,10.986666679382324,31.820000330607098,21404.620443333333,1900.1933183723959,9.939999898274738,35.091548919677734,97.38666788736978,1.11824369430542,130.1398926,0.6607,72.4,1249.6000162760417,43.25666681874349,45.73333485921224,2420.7901764520625,1161100032.0,378449,4568837.75,518143023.0,0.6169,0.8157,52.0,20.18231641407866,48.0
Bitcoin,2017-06-26,2478.449951171875,107.36359374999984,175.6800883935018,0.5445,53.0,230.0,38.8,118.36000061035156,11.050000190734863,31.770000457763672,21409.55078,1895.22998,9.899999618530272,35.20357131958008,97.43000030517578,1.1198835372924805,238.9599609,0.6582,119.4,1246.300048828125,43.380001068115234,45.83000183105469,2398.1610444685366,1663280000.0,515884,5353248.873,702272424.6,0.6065,0.8278,68.0,20.581299342274463,63.0
Bitcoin,2017-06-27,2552.449951171875,99.63919433593765,178.80722214664453,0.5348,48.0,165.0,30.0,118.80999755859376,11.960000038146973,32.279998779296875,21310.66016,1852.439941,11.06000042,34.79189682006836,96.47000122070312,1.118355631828308,219.4599609,0.6508,94.8,1246.4000244140625,44.24000168,46.650001525878906,2385.7400783154267,1489789952.0,556139,4795574.543,687790878.6,0.6041,0.8497,62.0,20.908603450442243,60.0
Bitcoin,2017-06-28,2574.790039,91.88299804687496,174.57528189286634,0.5238,60.0,103.0,33.6,118.9000015258789,11.380000114440918,30.799999237060547,21454.60938,1880.9100341796875,10.029999732971191,35.060752868652344,96.0500030517578,1.1339154243469238,119.5600586,0.6528,90.2,1248.0,44.74000168,47.310001373291016,2379.504124234882,1183869952.0,549137,6013686.136,712593812.8,0.6014,0.8305,71.0,20.59956582131893,54.0
Bitcoin,2017-06-29,2539.320068359375,85.86139892578149,167.70205444739375,0.5395,47.0,70.0,28.0,118.31999969482422,11.210000038146973,30.459999084472656,21287.0293,1847.0799560546875,11.43999958,34.615455627441406,95.62999725341795,1.1382650136947632,78.35009766,0.6511,98.8,1244.199951171875,44.93000030517578,47.41999816894531,2372.8710619288113,949979008.0,467648,4992120.709,636140007.5,0.6038,0.8358,54.0,20.135185831553816,47.0
Bitcoin,2017-06-30,2480.840087890625,78.29460449218777,161.49619829824954,0.5442,49.0,83.0,22.0,118.0199966430664,11.0,28.700000762939453,21349.63086,1843.1800537109375,11.18000030517578,34.775089263916016,95.66000366210938,1.144164800643921,80.82006836,0.6605,89.6,1240.699951171875,46.040000915527344,47.91999816894531,2382.2842450450903,860273024.0,533428,5808462.214,771010449.2,0.6015,0.833,57.0,17.80978078679406,40.0
Bitcoin,2017-07-01,2434.550048828125,74.86600585937504,156.82075835283885,0.5407,50.0,103.0,19.0,117.37666320800781,11.31000010172526,29.220000584920246,21392.84375,1835.0900472005208,11.193333625793455,34.84230295817057,95.84000142415366,1.1435461441675823,96.04003906,0.6551,85.6,1233.0999755859375,46.38333384195963,48.506665547688804,2403.2632296537795,779913984.0,440617,5723792.559,513530891.98504704,0.6058,0.8083,35.0,14.346964980776937,50.0
Bitcoin,2017-07-02,2506.469970703125,72.31520507812456,154.1506999995111,0.5273,51.0,125.0,23.4,116.73332977294922,11.62000020345052,29.740000406901043,21436.056640000003,1827.0000406901042,11.206666946411133,34.90951665242513,96.01999918619792,1.1429274876912434,119.4399414,0.6568,89.0,1225.5,46.72666676839193,49.09333292643229,2395.258436,803747008.0,409306,6234521.41,461231537.2,0.6068,0.7943,58.0,14.416397763138312,48.0
Bitcoin,2017-07-03,2564.060059,71.02960449218745,151.32065209217996,0.5209,52.0,72.0,20.0,116.08999633789062,11.93000030517578,30.260000228881836,21479.26953,1818.9100341796875,11.220000267028809,34.97673034667969,96.1999969482422,1.1423088312149048,114.5300293,0.6511,134.2,1217.9000244140625,47.06999969482422,49.68000030517578,2398.2807960574983,964112000.0,497459,6150160.476,590179543.7,0.6084,0.7786,65.0,13.630046312534864,39.0
Bitcoin,2017-07-04,2601.639892578125,73.25,145.67203338805103,0.5371,54.5,79.0,26.0,116.30499649047852,11.905000209808348,31.4350004196167,21478.719725000003,1825.77001953125,11.144999980926514,34.943124771118164,96.24499893188478,1.1371389627456665,72.23999023,0.6555,98.4,1219.1500244140625,46.10000038146973,48.73500061035156,2405.4567054116383,985516032.0,548402,5722827.45,567987081.5,0.6106,0.7966,51.0,13.417743340027814,38.0
Bitcoin,2017-07-05,2601.989990234375,77.95539794921888,141.2740205400206,0.5418,57.0,83.0,22.4,116.5199966430664,11.880000114440918,32.61000061035156,21478.16992,1832.6300048828125,11.06999969482422,34.90951919555664,96.29000091552734,1.1360150575637815,84.09985352,0.6583,86.4,1220.4000244140625,45.130001068115234,47.790000915527344,2420.2272738182846,941566016.0,476017,5452524.495,728739862.5,0.6016,0.8002,67.0,12.770934973794146,47.0
Bitcoin,2017-07-06,2608.560059,79.13859863281232,133.68516402265303,0.5486,44.0,74.0,27.6,116.47000122070312,11.720000267028809,32.81999969482422,21320.03906,1812.1099853515625,12.539999961853027,34.48942565917969,95.81999969482422,1.134687423706055,35.0300293,0.6552,89.2,1222.199951171875,45.52000045776367,48.11000061035156,2427.3653554677444,761956992.0,459295,5302487.885,536928215.1,0.6034,0.7937,59.0,12.54501677955698,66.0
Bitcoin,2017-07-07,2518.659912109375,77.70759765625007,153.9412076917939,0.5497,49.0,118.0,24.8,115.27999877929688,12.539999961853027,33.16999816894531,21414.33984,1834.1500244140625,11.18999958,34.55665207,96.01000213623048,1.1424784660339355,417.2697754,0.6537,103.2,1208.5999755859375,44.22999954223633,46.709999084472656,2420.654598662951,917411968.0,559414,5325202.363,731970317.3,0.6026,0.7745,59.0,12.566706314708703,54.0
Bitcoin,2017-07-08,2571.340087890625,74.27719970703129,148.5904092,0.5487,48.0,71.0,25.0,115.3433329264323,12.433333396911621,33.189998626708984,21412.399736666666,1842.7833658854167,11.163332938892415,34.66587193867513,96.02333577473959,1.1417792636892903,79.0300293,0.6538,80.2,1209.7666422526042,44.28666687011719,46.766666412353516,2422.4820342385074,733329984.0,451049,6009727.18,561328143.4,0.6016,0.7649,30.0,12.508864275761834,55.0
Bitcoin,2017-07-09,2518.439941,65.68720214843734,146.39823017135228,0.5326,47.0,54.0,22.4,115.4066670735677,12.326666831970215,33.209999084472656,21410.459633333336,1851.4167073567708,11.136666297784831,34.77509180735026,96.03666941324869,1.1410800613446452,117.8999023,0.6483,82.4,1210.9333089192708,44.34333419799805,46.823333740234375,2416.450559617565,527856000.0,390403,4856461.583,714533490.9,0.6072,0.7838,43.0,12.717812385377208,45.0
Bitcoin,2017-07-10,2372.560059,54.96360351562498,151.37193010888964,0.5411,46.0,151.0,29.4,115.47000122070312,12.220000267028809,33.22999954223633,21408.51953,1860.050048828125,11.109999656677246,34.88431167602539,96.0500030517578,1.140380859,216.0300293,0.6589,87.8,1212.0999755859375,44.400001525878906,46.880001068115234,2388.8167974801977,1111200000.0,567053,6632606.653,717332560.2,0.6084,0.7876,68.0,13.598206915938734,60.0
Bitcoin,2017-07-11,2337.790039,42.86200439,148.89250025178146,0.5338,44.0,230.0,48.6,115.62000274658205,12.300000190734863,33.61000061035156,21409.07031,1883.530029296875,10.890000343322754,35.16997146606445,95.73999786376952,1.1438875792535705,116.6599121,0.6459,72.4,1213.5999755859375,45.040000915527344,47.52000045776367,2355.491452,1329760000.0,563335,5605340.886,649422149.0,0.6051,0.7944,65.0,14.930284636269285,77.0
Bitcoin,2017-07-12,2398.840087890625,31.830209960937736,148.86946940232383,0.5043,47.0,164.0,36.2,116.02999877929688,11.56000042,32.47999954223633,21532.14063,1921.3499755859375,10.300000190734863,35.85051345825195,95.79000091552734,1.1473942995071411,148.5700684,0.6381,109.6,1218.0999755859375,45.49000168,47.74000168,2344.824909556455,1117410048.0,513003,5756410.921,557154714.2,0.6058,0.7934,48.0,14.652229981476207,65.0
Bitcoin,2017-07-13,2357.899902,18.442807617187555,144.2637853434525,0.5039,54.0,139.0,29.8,115.81999969482422,11.289999961853027,31.760000228881836,21553.08984,1919.239990234375,9.899999618530272,36.02695846557617,95.73000336,1.1418914794921875,84.38989258,0.6329,102.8,1216.300048828125,46.08000183105469,48.41999816894531,2338.8563425803695,835769984.0,489849,5143505.439,445628844.5,0.6068,0.7904,44.0,13.699218371559333,52.0
Bitcoin,2017-07-14,2233.340087890625,8.335810547,146.81851705441127,0.5125,64.0,141.0,35.8,116.7699966430664,11.109999656677246,30.280000686645508,21637.74023,1942.8399658203125,9.510000228881836,36.48065948486328,95.11000061035156,1.140393853187561,180.0300293,0.624,114.4,1226.5999755859375,46.540000915527344,48.90999984741211,2287.977070229523,882502976.0,473083,4517081.231,505928728.9,0.6015,0.7679,57.0,16.37939034576592,61.0
Bitcoin,2017-07-15,1998.8599853515625,-2.362590332,153.6836268155917,0.5071,65.0,228.0,39.4,116.94333140055339,11.09999974568685,30.39000066121419,21635.067053333332,1942.72998046875,9.613333384195965,36.42464955647787,95.11666615804036,1.1427756150563557,240.7298583984375,0.6079,76.8,1228.6666666666667,46.36666742960612,48.746665954589844,2171.1276030729896,993608000.0,446600,4159161.405,459530087.7,0.5881,0.7771,37.0,23.66780728561859,59.0
Bitcoin,2017-07-16,1929.8199462890625,-7.831394043,158.11622420264763,0.4853,66.0,278.0,59.8,117.11666615804036,11.089999834696453,30.500000635782875,21632.39387666667,1942.6199951171875,9.716666539510092,36.368639628092446,95.12333170572916,1.1451573769251504,215.7399902,0.5907,76.0,1230.7333577473958,46.1933339436849,48.58333206176758,2062.7929255133913,1182870016.0,406437,4283016.915,461680301.7,0.5815,0.7665,61.0,30.579146789313626,64.0
Bitcoin,2017-07-17,2228.409912109375,-7.947600098,168.29863989855227,0.4445,67.0,217.0,47.8,117.29000091552734,11.079999923706056,30.61000061035156,21629.7207,1942.510009765625,9.81999969482422,36.31262969970703,95.12999725341795,1.147539138793945,297.8699951171875,0.5767,79.6,1232.800048828125,46.02000045776367,48.41999816894531,2040.2771023598095,1201760000.0,475432,4205460.833,538362228.5,0.5669,0.7278,59.0,31.306006555310763,67.0
Bitcoin,2017-07-18,2318.879883,-4.967404785,172.19445761227175,0.429,74.0,163.0,45.8,118.11000061035156,11.140000343322754,29.959999084472656,21574.73047,1989.8499755859375,9.890000343322754,36.42184829711914,94.66000366210938,1.1474337577819824,222.8400879,0.5937,79.8,1241.0999755859375,46.400001525878906,48.84000015258789,2032.150124996458,1512450048.0,561056,5318674.738,612361551.3,0.5683,0.7265,66.0,31.08443353385657,68.0
Bitcoin,2017-07-19,2273.429931640625,-1.575407715,169.6762778832702,0.4847,69.0,136.0,34.0,118.08000183105467,11.079999923706056,29.549999237060547,21640.75,1994.199951171875,9.789999961853027,36.72431182861328,94.8000030517578,1.1549744606018066,136.9399414,0.6104,75.6,1241.199951171875,47.119998931884766,49.70000076293945,2019.8393446663456,1245100032.0,519401,4764906.234,597506642.3,0.57,0.7369,88.0,31.17491547731833,44.0
Bitcoin,2017-07-20,2817.600098,13.119594726562354,202.6144050768759,0.499,73.0,173.0,57.4,118.23999786376952,10.850000381469728,29.25,21611.7793,2002.469970703125,9.579999923706056,36.68229675292969,94.26999664,1.1528440713882446,630.8100586,0.6232,104.2,1244.800048828125,46.790000915527344,49.29999923706055,1994.3041320265352,2249260032.0,477428,5545614.341,654227781.2,0.5558,0.729,88.0,34.47402377418754,65.0
Bitcoin,2017-07-21,2667.760009765625,20.49819824,203.61050574660797,0.4908,73.0,130.0,43.8,119.26000213623048,11.220000267028809,29.25,21580.07031,2004.97998,9.359999656677246,36.65710449,93.94000244140624,1.1628718376159668,216.5598145,0.6323,78.6,1254.300048828125,45.77000045776367,48.060001373291016,1990.999433482073,1489449984.0,542765,6018796.604,703181494.4,0.5779,0.7,68.0,35.54412508854149,78.0
Bitcoin,2017-07-22,2810.120117,25.477402343750327,203.6890382602431,0.5749,73.0,113.0,32.6,119.27666727701825,11.413333574930826,29.246666590372723,21557.77018,2010.4966630989584,9.383333206176758,36.69350814673503,93.95333608093749,1.164637804031372,204.7099609,0.6497,61.2,1254.1667073567708,45.960000356038414,48.24000040690104,1974.9429556206076,1177129984.0,433136,6110647.805,500549276.74863094,0.5838,0.6458,76.0,37.886890570851016,56.0
Bitcoin,2017-07-23,2730.399902,28.513002929687445,201.87124911553823,0.5523,73.0,106.0,33.4,119.293332417806,11.606666882832846,29.24333318074544,21535.47005,2016.0133461979167,9.406666755676268,36.72991180347005,93.96666972046874,1.1664037704467773,178.2399902,0.6515,88.2,1254.0333658854167,46.15000025431315,48.41999944051107,1968.6034554312484,1072840000.0,353198,6298100.871,429477474.2,0.5918,0.625,78.0,38.956988459914086,49.0
Bitcoin,2017-07-24,2754.860107421875,31.41480468749978,193.02830763295515,0.574,73.0,99.0,30.4,119.30999755859376,11.800000190734863,29.239999771118164,21513.16992,2021.530029296875,9.43000030517578,36.76631546020508,93.98000336,1.1681697368621826,78.07006836,0.6602,94.4,1253.9000244140625,46.34000015258789,48.599998474121094,1961.7120398770408,866473984.0,469353,6819394.908,568575160.5,0.5908,0.6981,63.0,40.022048105335614,72.0
Bitcoin,2017-07-25,2576.47998,18.58439941406232,199.7491511725655,0.5628,70.0,166.0,37.2,118.91999816894533,12.06999969482422,29.18000030517578,21613.42969,2010.719970703125,9.43000030517578,36.67390060424805,94.0500030517578,1.1638869047164917,287.1201172,0.6507,111.6,1251.699951171875,47.88999938964844,50.20000076293945,1961.866979408212,1460089984.0,511832,5561050.822,801341191.7,0.5928,0.7159,83.0,39.92616053107111,56.0
Bitcoin,2017-07-26,2529.449951171875,6.711796875000346,196.90706615577508,0.5622,75.0,134.0,39.4,119.87999725341795,11.630000114440918,29.440000534057617,21711.00977,2025.6700439453125,9.600000381469728,36.97636413574219,93.66999816894533,1.164456129074097,159.9599609,0.6405,128.0,1249.0,48.75,50.970001220703125,1961.79986,937404032.0,460147,5002271.538,675892184.5,0.6016,0.7044,78.0,39.67291714436658,49.0
Bitcoin,2017-07-27,2671.780029296875,-0.927202148,194.5551314638447,0.5334,73.0,148.0,37.0,119.79000091552734,11.239999771118164,29.809999465942383,21796.55078,1972.030029296875,10.109999656677246,36.77471923828125,93.86000061035156,1.1728004217147827,163.9799805,0.6467,142.2,1259.5999755859375,49.040000915527344,51.49000168,1960.4462095851677,789104000.0,443426,5771434.982,849185180.9,0.6071,0.809,84.0,40.28320408215181,72.0
Bitcoin,2017-07-28,2809.010009765625,-5.160400391,196.77761649321295,0.5274,69.0,198.0,56.4,120.69000244140624,11.43999958,29.86000061035156,21830.31055,1998.3199462890625,10.289999961853027,36.75790786743164,93.26000213623048,1.1688660383224487,217.7199707,0.6484,105.8,1268.4000244140625,49.709999084472656,52.52000045776367,1950.7540522973372,1380099968.0,487087,5722925.456,1311599708.0,0.6124,0.7794,87.0,41.83843611357444,89.0
Bitcoin,2017-07-29,2726.449951171875,-11.96860352,191.02278395351917,0.5477,68.0,166.0,50.4,120.71000162760416,11.496666272225749,30.186667124430336,21850.58008,1988.8499755859375,10.28000005086263,36.77191034828776,93.12666829427084,1.1708204348882039,115.9599609,0.664,105.4,1267.8000081380208,49.86333211263021,52.563334147135414,1949.164073412076,803745984.0,416823,5834980.159,935494063.2692372,0.6279,0.8052,59.0,42.630849120693895,52.0
Bitcoin,2017-07-30,2757.179931640625,-13.57260254,185.49829450259816,0.5648,67.0,99.0,29.8,120.73000081380208,11.553332964451497,30.513333638509113,21870.849609999997,1979.3800048828125,10.270000139872232,36.78591282914388,92.9933344523112,1.1727748314539592,113.6799316,0.6624,82.4,1267.1999918619792,50.01666514078776,52.606667836507164,1957.1418717988931,705942976.0,386559,5356955.021,1157398140.0,0.6556,0.7901,65.0,43.20399250781466,47.0
Bitcoin,2017-07-31,2875.340087890625,-8.55300293,184.32055987852863,0.5521,66.0,168.0,45.8,120.75,11.609999656677246,30.84000015258789,21891.11914,1969.9100341796875,10.260000228881836,36.79991531,92.86000061035156,1.1747292280197144,169.0100098,0.6623,99.4,1266.5999755859375,50.16999816894531,52.650001525878906,1965.0724579810676,860574976.0,485989,5611505.186,1718996680.1900496,0.6848,0.7882,81.0,44.24555416490803,58.0
Bitcoin,2017-08-01,2718.260009765625,-6.172802734,187.9933763325177,0.5574,66.0,154.0,50.8,120.6500015258789,11.279999732971191,30.540000915527344,21963.91992,1975.280029296875,10.09000015258789,36.909149169921875,93.02999877929688,1.182410478591919,235.7399902,0.6692,100.4,1272.5999755859375,49.15999984741211,52.630001068115234,1977.931412157458,1324669952.0,301132,5340232.194,1380839766.0,0.7189,0.7496,89.0,44.21238033713652,65.0
Bitcoin,2017-08-02,2710.669922,-6.367602539,181.27527383778428,0.572,61.0,132.0,47.2,120.4000015258789,11.239999771118164,30.43000030517578,22016.24023,1976.1300048828125,10.279999732971191,36.94275665283203,92.83000183105467,1.1811256408691406,93.93994141,0.6664,103.2,1271.800048828125,49.59000015258789,52.36000061035156,1997.3072229467805,1094950016.0,403176,5580585.361,1424505879.0,0.7376,0.741,114.0,43.77149494,145.0
Bitcoin,2017-08-03,2804.72998,1.5467968749999272,177.48205185048718,0.553,59.0,85.0,40.4,120.58999633789062,11.31000042,29.649999618530273,22026.09961,1990.25,10.43999958,36.79152297973633,92.80999755859376,1.1851149797439575,128.170166,0.6605,119.2,1267.800048828125,49.029998779296875,52.00999832,2036.6307980948548,804796992.0,427729,5137047.949,958777484.7,0.745,0.7649,70.0,42.45593541183945,95.0
Bitcoin,2017-08-04,2895.889892578125,13.983593749999727,175.9197701055863,0.5472,64.0,103.0,34.6,119.6500015258789,10.869999885559082,28.530000686645508,22092.81055,2000.560059,10.029999732971191,36.92594909667969,93.54000091552734,1.1884952783584597,155.6101074,0.6757,87.6,1258.300048828125,49.58000183105469,52.41999816894531,2136.736073301224,1002120000.0,467901,6640166.26,1176713943.0,0.7504,0.7828,59.0,37.53070247699901,76.0
Bitcoin,2017-08-05,3252.909912109375,30.32599121,193.00978164380336,0.5604,62.0,139.0,50.6,119.60333506266277,10.823333104451498,28.59666697184245,22101.347006666667,2008.3733726666667,9.99666659037272,37.009969075520836,93.50333404541016,1.1849443515141806,415.1799316,0.6836,98.2,1258.2666829427083,49.51666768391927,52.4033317565918,2243.1530755530384,1945699968.0,463850,7486508.361751201,979154079.3,0.76,0.7629,71.0,33.62363707844075,116.0
Bitcoin,2017-08-06,3213.939941,40.31458984375013,189.05836448397812,0.5692,60.0,96.0,43.6,119.55666859944662,10.776666323343912,28.663333257039387,22109.88346333333,2016.1866863333332,9.96333344777425,37.09398905436198,93.46666717529297,1.1813934246699016,137.6899414,0.6926,91.2,1258.2333170572917,49.45333353678385,52.38666534423828,2292.4051441535566,1105030016.0,408436,5937807.544,1036954561.0,0.7716,0.7652,68.0,33.02199292731599,69.0
Bitcoin,2017-08-07,3378.939941,57.05458984374991,191.03919838244397,0.6154,58.0,131.0,50.4,119.51000213623048,10.729999542236328,28.729999542236328,22118.41992,2024.0,9.93000030517578,37.178009033203125,93.43000030517578,1.1778424978256226,216.7900391,0.707,108.2,1258.199951171875,49.38999938964844,52.369998931884766,2310.8768679366785,1482279936.0,512718,6910134.937,1372173978.0,0.7705,0.7782,69.0,34.86423415858572,115.0
Bitcoin,2017-08-08,3419.939941,67.69418945312509,187.32354275021584,0.6138,52.0,136.0,48.0,119.86000061035156,11.100000381469728,29.440000534057617,22085.33984,2020.719970703125,10.960000038146973,37.18640899658203,93.63999938964844,1.1800941228866575,139.0200195,0.7141,112.8,1256.4000244140625,49.16999816894531,52.13999938964844,2359.231725938631,1752760064.0,587788,7561715.693,1230025637.0,0.7788,0.7507,82.0,34.79263925149012,110.0
Bitcoin,2017-08-09,3342.469970703125,71.48159179687491,186.44972454595933,0.6318,41.0,137.0,42.6,121.30999755859376,12.31000042,29.059999465942383,22048.69922,2018.689941,11.109999656677246,36.850337982177734,93.51999664,1.1754610538482666,175.0900879,0.7089,100.4,1273.0,49.560001373291016,52.70000076293945,2342.7675619556244,1468960000.0,532300,6474128.573,808740219.2,0.7836,0.7407,80.0,37.43926674404972,75.0
Bitcoin,2017-08-10,3381.280029296875,70.63819335937478,182.70188568330153,0.6354,31.0,81.0,35.4,122.20999908447266,13.43000030517578,29.270000457763672,21844.00977,1957.540039,16.040000915527344,35.97654724121094,93.40000153,1.1761523485183716,133.9799805,0.7061,115.4,1283.699951171875,48.59000015258789,51.900001525878906,2346.5000578498075,1515110016.0,550475,6425354.782,961276232.3,0.7778,0.7553,87.0,39.17093537839923,60.0
Bitcoin,2017-08-11,3650.620117,78.38119628906225,191.62316909989607,0.6272,25.0,108.0,39.8,122.79000091552734,13.449999809265137,28.40999984741211,21858.32031,1960.52002,15.510000228881836,36.06055832,93.06999969482422,1.177024483680725,307.5998535,0.7134,120.0,1287.699951171875,48.81999969482422,52.099998474121094,2308.4391325875604,2021190016.0,580988,7518972.014,985601487.7,0.777,0.7624,95.0,44.02596272203999,83.0
Bitcoin,2017-08-12,3884.709961,84.56419921875022,201.95151207155527,0.6379,28.666666666666668,157.0,53.2,122.5,13.00333309173584,28.65999984741211,21903.45052,1972.0166832552084,14.450000127156576,36.18378448546875,93.1999994913737,1.1788664261500041,336.2199707,0.7255,100.8,1286.5332845052083,48.40999984741211,51.643332163492836,2261.632439846866,2219589888.0,530700,7177458.752810391,854157635.5,0.7714,0.8187,84.0,50.11112088220734,73.0
Bitcoin,2017-08-13,4073.260009765625,97.24820312500016,212.5685532014888,0.6622,32.333333333333336,201.0,71.2,122.20999908447267,12.556666374206543,28.90999984741211,21948.58073,1983.5133465104166,13.390000025431316,36.3070106509375,93.32999928792317,1.180708368619283,350.5900879,0.7433,133.8,1285.3666178385417,48.0,51.186665852864586,2209.980414835478,3159089920.0,516471,8678087.327,946915671.5,0.7701,0.8121,121.0,56.66535944104485,90.0
Bitcoin,2017-08-14,4325.129883,119.54900390625016,221.3829401658914,0.6843,36.0,188.0,65.4,121.91999816894533,12.109999656677246,29.15999984741211,21993.71094,1995.010009765625,12.329999923706056,36.43023681640625,93.45999908447266,1.182550311088562,335.9699707,0.7536,157.0,1284.199951171875,47.59000015258789,50.72999954223633,2176.338116567026,2463089920.0,542910,7951134.225,866674915.8931191,0.7665,0.8304,99.0,62.73914368695387,184.0
Bitcoin,2017-08-15,4181.930176,139.77500976562487,244.8406075256938,0.7041,27.0,279.0,64.4,120.9800033569336,12.199999809265137,29.309999465942383,21998.99023,1996.310059,12.039999961853027,36.47225570678711,93.84999847,1.1775789260864258,549.7902832,0.7662,153.2,1273.699951171875,47.54999923706055,50.79999923706055,2212.4467208063943,3258050048.0,650900,9519693.715,1222636276.0,0.7677,0.83,126.0,64.00517739,151.0
Bitcoin,2017-08-16,4376.629883,157.35440429687517,254.9812826019835,0.7272,32.0,156.0,47.8,121.87000274658205,12.579999923706056,29.18000030517578,22024.86914,2000.010009765625,11.739999771118164,36.850337982177734,93.48999786376952,1.174122333526611,386.8100586,0.7604,149.0,1276.9000244140625,46.779998779296875,50.27000045776367,2225.572279420145,2272039936.0,543437,8485087.621,962691292.8,0.7581,0.8143,97.0,66.69086811846095,96.0
Bitcoin,2017-08-17,4331.689941,169.69640136718726,253.98192201434185,0.7154,17.0,146.0,41.8,122.48999786376952,13.34000015258789,29.309999465942383,21750.73047,1968.5999755859375,15.550000190734863,36.37982940673828,93.62000274658205,1.1774264574050903,240.9902344,0.7726,138.6,1286.4000244140625,47.09000015258789,51.029998779296875,2250.028919618306,2553359872.0,631516,11714248.9,1362840511.0,0.759,0.8237,90.0,68.23051009108183,93.0
Bitcoin,2017-08-18,4160.620117,172.83160156250003,261.17821190394244,0.7348,17.0,189.0,51.2,122.3000030517578,12.119999885559082,27.530000686645508,21674.50977,1972.27002,14.260000228881836,36.69069290161133,93.43000030517578,1.171550154685974,354.7299805,0.7731,145.2,1285.699951171875,48.50999832,52.720001220703125,2323.565058915638,2941710080.0,580733,9384491.84,1160893969.0,0.7639,0.8508,138.0,66.72247299,103.0
Bitcoin,2017-08-19,4193.700195,172.37440429687513,262.00189082486617,0.731,16.333333333333332,164.0,51.6,122.45333607991536,12.416666666666666,27.943333943684895,21684.256513333334,1971.0566816276041,13.903333345921224,36.735505421956375,93.31999969345053,1.1729090611139932,272.7097168,0.7706,111.6,1287.3999837239583,48.12999852396159,52.36666742960612,2407.1277441355032,2975820032.0,535351,8768479.013,1278649849.0,0.7648,0.8733,135.0,64.71615661923842,112.0
Bitcoin,2017-08-20,4087.659912109375,171.36699707031266,252.31676692666144,0.7142,15.666666666666666,117.0,41.4,122.60666910807292,12.713333447774252,28.356667200724285,21694.003256666667,1969.8433432552083,13.546666462960612,36.78031794230143,93.20999908172526,1.1742679675420122,126.4101563,0.7586,97.2,1289.1000162760417,47.74999872792318,52.01333363850912,2490.5935005268934,2109769984.0,444726,7630711.01,758991072.4,0.7643,0.8918,110.0,62.369596035022155,76.0
Bitcoin,2017-08-21,4001.739990234375,164.78879882812498,242.90414350779272,0.7204,15.0,142.0,39.8,122.76000213623048,13.010000228881836,28.770000457763672,21703.75,1968.6300048828125,13.18999958,36.82513046264648,93.09999847,1.1756268739700315,120.5400391,0.7552,110.6,1290.800048828125,47.369998931884766,51.65999984741211,2623.0958456069297,2800890112.0,501756,6995369.37,816604742.1,0.7669,0.9136,91.0,57.57292302888494,73.0
Bitcoin,2017-08-22,4100.52002,160.3800000000001,257.9952537929504,0.7152,23.0,235.0,54.8,122.20999908447266,12.489999771118164,27.969999313354492,21899.89063,2006.1600341796875,11.350000381469728,37.236812591552734,93.5500030517578,1.1811953783035278,454.1796875,0.739,143.0,1285.0999755859375,47.63999938964844,51.869998931884766,2777.968777416131,3764239872.0,419159,5699902.864,849443167.6,0.7664,0.8924,92.0,51.95676352,76.0
Bitcoin,2017-08-23,4151.52002,158.95160156249997,252.23629802537357,0.7083,19.0,111.0,43.4,122.66999816894533,12.68000030517578,27.799999237060547,21812.08984,2017.5999755859375,12.25,37.41325759887695,93.15000153,1.176221489906311,177.369873,0.7611,138.4,1288.9000244140625,48.40999984741211,52.56999969482422,2934.620405839727,2369819904.0,628517,10516192.94,1053263975.0,0.7661,0.9105,104.0,46.365208,81.0
Bitcoin,2017-08-24,4334.680176,159.34820312500003,251.80016038740047,0.718,22.0,110.0,41.4,122.29000091552734,12.760000228881836,28.37000084,21783.40039,2009.5799560546875,12.229999542236328,37.53087234,93.27999877929688,1.1816558837890625,246.1303711,0.7497,134.8,1286.5,47.43000030517578,52.040000915527344,3088.6499015047957,2037750016.0,423333,7293876.044,772021041.6,0.7602,0.8988,70.0,41.29005392304318,117.0
Bitcoin,2017-08-25,4371.600098,161.54680664062516,244.4108701923183,0.7268,29.0,110.0,42.2,122.73999786376952,12.630000114440918,28.87999916,21813.66992,1992.949951171875,11.279999732971191,37.74932861328125,92.73999786376952,1.1802195310592651,148.3500977,0.7499,147.4,1292.5,47.869998931884766,52.40999984741211,3175.213599696061,1727970048.0,471225,7365237.84,763980859.6,0.7536,0.8714,87.0,39.15350350825738,102.0
Bitcoin,2017-08-26,4352.399902,168.31620605468743,234.7929341517956,0.7447,31.0,84.0,34.0,123.38999938964842,13.15333334604899,29.383332569882814,21811.91341,1991.3766274479167,11.293333053588867,37.70451863606771,92.56333160400389,1.1852082808812459,109.7597656,0.758,115.2,1298.2333170572917,47.436665852864586,52.23666636149088,3291.387106436855,1511609984.0,472785,7490392.364,687934750.3,0.7509,0.8728,70.0,35.63823417024727,59.0
Bitcoin,2017-08-27,4382.879883,173.8178027343747,225.11485347577445,0.7489,33.0,79.0,41.4,124.04000091552733,13.676666577657064,29.886665979765628,21810.156899999998,1989.8033037239584,11.306666374206545,37.659708658854164,92.38666534423828,1.1901970307032268,99.29980469,0.7701,105.6,1303.9666341145833,47.0033327738444,52.063332875569664,3384.886302995116,1537459968.0,509083,9978452.553,779804114.1,0.7441,0.8592,71.0,33.06148186603943,61.0
Bitcoin,2017-08-28,4382.660156,180.10460449218726,221.84165244625484,0.7497,35.0,99.0,38.6,124.69000244140624,14.199999809265137,30.38999938964844,21808.40039,1988.22998,11.31999969482422,37.614898681640625,92.20999908447266,1.1951857805252075,179.2900391,0.7606,132.6,1309.699951171875,46.56999969482422,51.88999938964844,3486.267571880402,1959330048.0,504371,8575624.628,908258408.0,0.7373,0.8442,74.0,30.078457019642872,106.0
Bitcoin,2017-08-29,4579.02002,189.57999999999993,225.5351267692902,0.7515,29.0,138.0,49.6,124.41999816894533,13.5,30.489999771118164,21865.36914,1997.8900146484375,11.699999809265137,37.54768753051758,92.34999847,1.1963869333267212,273.550293,0.7676,153.6,1313.0999755859375,46.439998626708984,52.0,3622.081993043741,2486080000.0,593018,10414805.87,1113343543.0,0.7353,0.8504,78.0,26.07936705206781,120.0
Bitcoin,2017-08-30,4565.299805,198.86939453124975,220.50475080585875,0.7559,34.0,113.0,47.6,124.36000061035156,12.779999732971191,29.780000686645508,21892.42969,2024.560059,11.220000267028809,37.60649871826172,92.87999725341795,1.1970456838607788,155.1098633,0.7795,160.4,1308.0999755859375,45.959999084472656,50.86000061035156,3788.4368156312657,1937849984.0,565809,11654892.53,1024732296.0,0.7457,0.8549,81.0,20.64081540274065,77.0
Bitcoin,2017-08-31,4703.390137,208.2855957031252,218.08654734427955,0.7758,43.0,126.0,44.4,125.81999969482422,13.260000228881836,29.100000381469727,21948.09961,2043.3599853515625,10.59000015258789,37.66530227661133,92.66999816894533,1.1893434524536133,186.6499023,0.786,156.2,1316.199951171875,47.22999954223633,52.380001068115234,3878.268385372216,1944930048.0,589298,11477924.64,1173285283.0,0.7442,0.872,83.0,18.647593130393364,110.0
Bitcoin,2017-09-01,4892.009766,222.73699707031255,217.7575068531703,0.7757,49.0,161.0,59.4,126.05999755859376,12.729999542236328,28.969999313354492,21987.56055,2046.800048828125,10.130000114440918,37.94257354736328,92.80999755859376,1.191043257713318,213.4799805,0.7945,177.8,1324.5,47.290000915527344,52.31999969482422,3887.269297941358,2599079936.0,591521,12687490.923069598,1220477320.0,0.7555,0.8712,109.0,20.34228298341476,147.0
Bitcoin,2017-09-02,4578.77002,232.36119140625033,238.3319566984796,0.7894,52.25,281.0,55.2,126.40999794006349,13.122499704360962,29.122499465942383,21928.99805,2039.5875244140625,10.65499997138977,37.81864547729492,92.68499755859376,1.1901233593622844,505.7998047,0.7948,121.4,1328.1749877929688,47.632500648498535,52.58500003814697,3915.7816308407946,2722139904.0,536082,11028567.49,945272819.3,0.764,0.8662,78.0,20.07543025618718,82.0
Bitcoin,2017-09-03,4582.959961,239.9139916992185,242.4861193896596,0.8043,55.5,168.0,41.4,126.7599983215332,13.514999866485596,29.274999618530273,21870.43555,2032.375,11.179999828338623,37.694717407226555,92.55999755859376,1.189203461011251,296.4902344,0.7874,111.6,1331.8499755859375,47.97500038146973,52.85000038146973,3917.6118790747223,1933190016.0,437077,9941124.526,784444826.1,0.7653,0.8631,78.0,20.522895851389205,91.0
Bitcoin,2017-09-04,4236.310059,241.4935986328123,259.6821094667375,0.7794,58.75,284.0,55.0,127.10999870300293,13.90750002861023,29.427499771118164,21811.87305,2025.1624755859375,11.704999685287476,37.570789337158196,92.43499755859376,1.1882835626602173,483.2299805,0.7845,221.8,1335.5249633789062,48.31750011444092,53.11500072479248,3924.1790764762904,2987330048.0,561329,11230260.06,1452488600.0,0.7655,0.8631,105.0,20.33393408,98.0
Bitcoin,2017-09-05,4376.529785,238.3649951171874,271.8283685282651,0.7827,62.0,188.0,53.8,127.45999908447266,14.300000190734863,29.579999923706055,21753.31055,2017.949951171875,12.229999542236328,37.44686126708984,92.30999755859376,1.1893434524536133,429.7297363,0.7849,232.0,1339.199951171875,48.65999984741211,53.380001068115234,3924.174444796621,2697969920.0,601577,12122198.04,1363578234.0,0.7714,0.8823,94.0,20.33394028744503,88.0
Bitcoin,2017-09-06,4597.120117,233.24760253906243,269.60635755079977,0.7625,41.0,143.0,41.4,126.80999755859376,14.170000076293944,30.06999969482422,21807.64063,2024.3800048828125,11.630000114440918,37.69051361083984,92.29000091552734,1.1924067735671997,240.6601563,0.7723,195.0,1333.9000244140625,49.15999984741211,54.20000076293945,3926.877213907104,2172100096.0,587814,10596679.56,1328829016.0,0.7721,0.8766,76.0,20.75476799897578,74.0
Bitcoin,2017-09-07,4599.879883,232.86800292968744,262.04232922127835,0.7701,38.0,141.0,38.8,128.1300048828125,14.489999771118164,29.729999542236328,21784.7793,2046.310059,11.550000190734863,37.96777344,91.52999877929688,1.1927765607833862,163.7099609,0.7861,185.0,1345.0999755859375,49.09000015258789,54.49000168,3951.2231459693808,1844620032.0,526960,11388138.07,1250684681.0,0.774,0.8877,73.0,20.543023113799908,77.0
Bitcoin,2017-09-08,4228.75,209.4090014648441,285.1693105882852,0.7834,38.0,177.0,50.8,127.97000122070312,13.770000457763672,29.489999771118164,21797.78906,2022.1400146484375,12.119999885559082,37.715721130371094,91.33000183105467,1.2029062509536743,585.8200684,0.7871,262.0,1346.0,47.47999954223633,53.779998779296875,3955.9796017314247,2700890112.0,606486,11151766.56,1085398538.0,0.7819,0.9005,126.0,20.39847070571673,47.0
Bitcoin,2017-09-09,4226.060059,194.4452001953127,278.7079285,0.7857,45.0,137.0,46.4,127.37666829427083,13.606666882832846,28.90333302815755,21884.315753333332,2037.5066731770833,11.65666643778483,37.883758544921875,91.5066680908203,1.2025255759557087,194.7099609,0.7751,191.6,1341.0,47.676666259765625,53.79999923706055,3978.6949475921424,1386230016.0,452504,9960595.283,792417840.2,0.7718,0.8633,82.0,19.650494290417644,68.0
Bitcoin,2017-09-10,4122.939941,177.73919921874997,279.8287837470419,0.761,52.0,200.0,43.6,126.78333536783853,13.443333307902018,28.31666628519694,21970.842446666666,2052.873331705729,11.19333299001058,38.051795959472656,91.68333435058594,1.2021449009577434,294.3999023,0.7563,188.2,1336.0,47.87333297729492,53.81999969482422,4004.958064,1679090048.0,412030,7986083.417531111,849737599.4,0.7647,0.8631,81.0,18.709014832987183,77.0
Bitcoin,2017-09-11,4161.27002,160.79179687500027,271.4317291601996,0.7602,59.0,136.0,38.0,126.19000244140624,13.279999732971191,27.729999542236328,22057.36914,2068.239990234375,10.729999542236328,38.21983337402344,91.86000061035156,1.2017642259597778,162.2700195,0.7572,239.8,1331.0,48.06999969482422,53.84000015258789,4016.5771273955233,1557330048.0,537475,9856433.088,842959044.9,0.7648,0.8319,101.0,18.307969822593932,55.0
Bitcoin,2017-09-12,4130.810059,141.78179687500003,270.57445790880143,0.7537,59.0,190.0,46.8,126.55999755859376,11.56000042,27.59000015258789,22118.85938,2084.310059,10.579999923706056,38.17782211303711,91.91000366210938,1.1959433555603027,259.4299316,0.7578,295.8,1328.0,48.22999954223633,54.27000045776367,4012.690024525465,1864530048.0,549110,10615411.2,914888950.9,0.7517,0.8377,97.0,18.441282772393524,74.0
Bitcoin,2017-09-13,3882.590087890625,139.68100097656225,275.6805722434406,0.7493,67.0,390.0,75.4,125.61000061035156,11.979999542236328,26.62000084,22158.17969,2091.639892578125,10.5,37.97617721557617,92.51999664,1.1974613666534424,342.0600586,0.7558,305.8,1323.4000244140625,49.29999923706055,55.15999984741211,3928.163392855361,2219409920.0,543778,10157696.56,1001341344.0,0.7456,0.8509,117.0,21.35221137323946,88.0
Bitcoin,2017-09-14,3154.949951171875,121.02500000000008,310.7562449570788,0.7449,68.0,471.0,88.6,126.16000366210938,12.18999958,26.09000015258789,22203.48047,2085.75,10.43999958,38.076995849609375,92.12000274658205,1.1890605688095093,766.7399902,0.7289,333.6,1324.699951171875,49.88999938964844,55.470001220703125,3619.642372895288,2716310016.0,552955,8831890.222,1008072397.0,0.7357,0.8493,141.0,33.07427825408755,87.0
Bitcoin,2017-09-15,3637.52002,114.08340332031275,344.76150131617135,0.7187,77.0,422.0,116.8,125.52999877929688,12.06000042,26.649999618530273,22268.33984,2095.449951171875,10.170000076293944,38.30384826660156,91.87000274658205,1.1921650171279907,786.829834,0.7082,371.0,1320.4000244140625,49.88999938964844,55.619998931884766,3521.9801322952535,4148069888.0,637365,8179314.315,1345810787.0,0.7121,0.8145,196.0,36.22833193799973,107.0
Bitcoin,2017-09-16,3625.040039,101.78660156249998,343.06782613845377,0.6507,78.0,187.0,54.6,125.13999938964844,12.27000014,26.94333330790202,22289.343096666667,2098.516601447917,10.163333257039387,38.34865951538086,91.9300028483073,1.192682107289632,321.0500488,0.7036,220.6,1315.7000325520833,49.89666620890299,55.57333246866862,3431.7300467785194,1818400000.0,486763,8409604.104,755451379.9,0.7276,0.811,96.0,39.00662031823453,32.0
Bitcoin,2017-09-17,3582.879883,91.39620117187496,334.21799327253746,0.7007,79.0,159.0,40.6,124.75,12.47999986,27.236666997273762,22310.346353333334,2101.5832517239583,10.156666437784828,38.393470764160156,91.99000295003255,1.1931991974512737,219.170166,0.7124,188.6,1311.0000406901042,49.903333028157554,55.526666005452476,3343.0647438349606,1239149952.0,433779,8420246.46,556559929.5,0.7237,0.7994,73.0,41.681151670554215,56.0
Bitcoin,2017-09-18,4065.199951171875,91.43439941406268,345.7988579,0.7022,80.0,169.0,52.2,124.36000061035156,12.68999958,27.530000686645508,22331.34961,2104.649902,10.149999618530272,38.43828201293945,92.0500030517578,1.193716287612915,488.1398926,0.6982,251.0,1306.300048828125,49.90999984741211,55.47999954223633,3330.5197585191313,1943209984.0,481945,6915897.470973491,810015857.7,0.7192,0.7913,103.0,41.309890724452536,67.0
Bitcoin,2017-09-19,3924.969970703125,99.91699707,337.18465024998125,0.7025,81.0,159.0,41.4,124.62000274658205,12.270000457763672,25.760000228881836,22370.80078,2104.870117,10.18000030517578,38.52229309082031,91.79000091552734,1.1959290504455566,225.1999512,0.7171,266.0,1306.199951171875,49.47999954223633,55.13999938964844,3307.953599546572,1563980032.0,578179,8616020.847,869566641.2,0.7185,0.7833,93.0,41.17365999238454,84.0
Bitcoin,2017-09-20,3905.949951171875,104.35599609375004,325.50431181136656,0.7385,79.0,136.0,39.8,123.62000274658205,12.31999969482422,26.989999771118164,22412.58984,2097.399902,9.779999732971191,38.34585952758789,92.51000213623048,1.199256420135498,173.6599121,0.7029,265.6,1312.0,50.40999984741211,56.290000915527344,3298.201950177681,1213830016.0,480583,6356831.373,730398025.9,0.7147,0.7464,95.0,40.11142216834868,67.0
Bitcoin,2017-09-21,3631.040039,106.44279785156232,323.8818637578761,0.7237,73.0,228.0,47.2,122.68000030517578,12.18999958,26.299999237060547,22359.23047,2084.260009765625,9.670000076293944,38.34585952758789,92.26000213623048,1.1872113943099976,302.7900391,0.7015,265.8,1290.5999755859375,50.54999923706055,56.43000030517578,3287.862061697879,1411480064.0,533109,8852045.829,713400154.4,0.7067,0.6502,148.0,38.13908905621176,56.0
Bitcoin,2017-09-22,3630.699951171875,105.83359863281248,315.3717299347689,0.7207,70.0,157.0,42.8,123.23999786376952,12.369999885559082,26.38999938964844,22349.58984,2069.129883,9.590000153,38.12741470336914,92.16999816894533,1.194557547569275,204.7399902,0.6895,208.8,1293.300048828125,50.65999984741211,56.86000061035156,3256.7492266387794,1194829952.0,515184,6725660.407,720084890.8,0.6996,0.719,95.0,37.77790734431874,59.0
Bitcoin,2017-09-23,3792.399902,97.60339843749988,308.8901694260354,0.6923,70.66666666666667,126.0,37.0,123.6699981689453,12.836666742960611,26.569999694824222,22331.75650666667,2048.446574018229,9.796666781382324,37.91176732381185,92.32999928929688,1.1939449310302734,224.6298828,0.6864,181.8,1297.800048828125,51.18000030517578,57.58000055948893,3258.4238834606817,928113984.0,427805,8189263.438,496249141.6,0.6783,0.7191,69.0,36.08076237847369,43.0
Bitcoin,2017-09-24,3682.840087890625,85.20940429687516,296.0587287527472,0.6925,71.33333333333333,91.0,28.2,124.0999984741211,13.303333600362143,26.75,22313.923173333333,2027.7632650364583,10.003333409764648,37.696119944254555,92.49000040964845,1.193332314491272,129.25,0.6858,160.0,1302.300048828125,51.70000076293945,58.300000508626304,3230.405730704183,768014976.0,383449,6998744.171,358367841.8,0.6726,0.7179,96.0,36.35113201969429,49.0
Bitcoin,2017-09-25,3926.070068359375,75.69820800781235,294.10238540433664,0.7084,72.0,141.0,42.6,124.52999877929688,13.770000457763672,26.93000030517578,22296.08984,2007.0799560546875,10.210000038146973,37.480472564697266,92.65000153,1.1927196979522705,268.6699219,0.683,199.4,1306.800048828125,52.220001220703125,59.02000045776367,3235.350621475517,1374210048.0,505249,6662197.507592759,992813616.6,0.664,0.7651,136.0,35.16022639548246,52.0
Bitcoin,2017-09-26,3892.350098,67.55900878906277,280.2372143,0.698,67.0,135.0,35.6,123.13999938964844,13.31999969482422,27.799999237060547,22284.32031,2008.699951171875,10.170000076293944,37.37965012,92.97000122070312,1.185564637184143,99.98999023,0.6906,230.4,1297.0,51.880001068115234,58.439998626708984,3272.748392206232,1043740032.0,544622,7447375.634770859,783377529.6,0.6813,0.7433,103.0,31.744405920998197,50.0
Bitcoin,2017-09-27,4200.669922,66.65420898437515,283.4509658927221,0.7218,73.0,137.0,47.8,121.9800033569336,12.989999771118164,27.290000915527344,22340.71094,2039.1400146484375,9.869999885559082,37.24522399902344,93.36000061035156,1.1786059141159058,325.2297363,0.7018,238.6,1283.4000244140625,52.13999938964844,57.900001525878906,3324.1578375822833,1686880000.0,548155,7976853.3304663105,694820657.4,0.6902,0.7376,116.0,28.219994182169987,73.0
Bitcoin,2017-09-28,4174.72998,65.36920898437484,275.31945856333124,0.7185,79.0,135.0,34.6,122.20999908447266,11.75,27.18000030517578,22381.19922,2038.4300537109375,9.550000190734863,37.22001647949219,93.08999633789062,1.1749638319015503,169.6098633,0.7108,226.0,1285.5,51.560001373291016,57.40999984741211,3328.0820121463844,1712320000.0,561793,9951711.283,846414368.6,0.6962,0.6974,93.0,27.897099016109145,65.0
Bitcoin,2017-09-29,4163.069824,72.40640136718775,268.17805750523615,0.7477,84.0,119.0,33.2,121.58000183105467,11.770000457763672,26.829999923706055,22405.08984,2059.22998,9.510000228881836,37.64851379394531,93.08000183105467,1.178175449371338,175.3398438,0.7174,254.2,1281.5,51.66999816894531,57.540000915527344,3332.6613676518664,1367049984.0,569238,9243216.054,722207773.1604038,0.713,0.6963,95.0,27.519831808263383,64.0
Bitcoin,2017-09-30,4338.709961,71.9255957,263.13464714771925,0.7449,86.33333333333333,86.0,33.0,121.31000010172525,11.753333727518717,27.1266663869222,22455.92643,2057.909993333333,9.490000089009603,37.651312510172524,93.24000040690103,1.1790286699930828,197.5703125,0.7105,208.2,1278.566650390625,51.3066660563151,57.06666692097982,3314.9154539938895,1207449984.0,467808,7783987.878334361,654917752.4,0.7129,0.7173,77.0,28.91588929268209,71.0
Bitcoin,2017-10-01,4403.740234,72.03799804687469,253.90575633582856,0.741,88.66666666666667,109.0,31.4,121.03999837239583,11.736666997273764,27.423332850138348,22506.763020000002,2056.590006666667,9.46999994913737,37.65411122639974,93.3999989827474,1.1798818906148276,133.9301758,0.7135,166.2,1275.63330078125,50.9433339436849,56.59333292643229,3293.323027523155,1208210048.0,416590,7508761.407,495152833.5,0.7205,0.7021,61.0,30.56037426635365,65.0
Bitcoin,2017-10-02,4409.319824,63.14459472656199,242.3960608497873,0.7561,91.0,128.0,37.6,120.7699966430664,11.720000267028809,27.719999313354492,22557.59961,2055.27002,9.449999809265137,37.65690994262695,93.55999755859376,1.1807351112365725,92.77001953,0.7242,206.0,1272.699951171875,50.58000183105469,56.119998931884766,3272.995906196617,1431730048.0,606138,9042032.792,853330484.1,0.7289,0.7321,95.0,32.20727595644547,67.0
Bitcoin,2017-10-03,4317.47998,46.34639648437496,237.48063351230243,0.759,92.0,140.0,39.0,120.83000183105467,11.380000114440918,27.950000762939453,22641.66992,2074.120117,9.510000228881836,38.253440856933594,93.56999969482422,1.173378348350525,173.5800781,0.7331,218.0,1271.5,50.41999816894531,56.0,3269.2401964809656,1288019968.0,591542,10862816.37,710676602.5,0.7257,0.7265,90.0,33.32879792898776,69.0
Bitcoin,2017-10-04,4229.359863,31.659194335937173,230.65274088419156,0.7582,91.0,150.0,39.8,121.16999816894533,11.40999984741211,27.040000915527344,22661.64063,2082.429931640625,9.630000114440918,38.24503326416016,93.45999908447266,1.17475688457489,141.8901367,0.718,187.6,1273.699951171875,49.97999954223633,55.79999923706055,3414.0003178867464,1116770048.0,496068,7937087.792672801,611184779.7,0.7152,0.7648,91.0,28.29991600228176,80.0
Bitcoin,2017-10-05,4328.410156,16.933002929687973,228.36256882326717,0.75,94.0,137.0,41.8,120.5199966430664,11.399999618530272,26.450000762939453,22775.39063,2114.449951171875,9.18999958,38.53069686889648,93.95999908447266,1.175723671913147,198.590332,0.7103,230.4,1269.9000244140625,50.790000915527344,57.0,3451.254775121953,1161769984.0,552623,7562750.53,822991499.9,0.7073,0.76,88.0,27.921081959654263,68.0
Bitcoin,2017-10-06,4370.810059,7.334799804687464,218.6752592198195,0.7408,92.0,132.0,32.8,121.08999633789062,11.529999732971191,27.59000015258789,22773.66992,2122.800048828125,9.649999618530272,38.33745193481445,93.8000030517578,1.1712344884872437,92.74023438,0.7192,192.8,1271.5999755859375,49.290000915527344,55.619998931884766,3497.1230755122465,1069939968.0,609683,9444311.296,731048570.2,0.7083,0.754,100.0,27.240071375667412,74.0
Bitcoin,2017-10-07,4426.890137,5.939003906250036,211.82917485590383,0.7488,89.33333333333333,98.0,29.4,121.41999816894531,11.673333168029785,27.5,22769.47005,2123.5166829427085,9.8766663869222,38.32905197143555,93.78000132242838,1.1722384691238403,122.8300781,0.7256,177.4,1275.0,49.38666788736979,55.676666259765625,3559.515063166271,906928000.0,505785,9178387.061,552496903.7,0.7104,0.7732,77.0,25.9718789,50.0
Bitcoin,2017-10-08,4610.47998,14.427597656250327,212.30566236619643,0.7517,86.66666666666667,112.0,44.6,121.74999999999999,11.816666603088379,27.40999984741211,22765.27018,2124.2333170572915,10.103333155314129,38.32065200805664,93.75999959309894,1.173242449760437,218.5,0.7328,200.4,1278.4000244140625,49.48333485921224,55.733333587646484,3540.8354847793426,1313869952.0,496286,10982026.7,678141979.3,0.7076,0.7765,109.0,28.031281441428625,69.0
Bitcoin,2017-10-09,4772.02002,27.16620605468779,219.6023979784324,0.7568,84.0,255.0,80.2,122.08000183105467,11.960000038146973,27.31999969482422,22761.07031,2124.949951171875,10.329999923706056,38.312252044677734,93.73999786376952,1.1742464303970337,314.4599609,0.7381,223.2,1281.800048828125,49.58000183105469,55.790000915527344,3524.710711,1968739968.0,585028,10167276.29,1115416692.0,0.7122,0.7745,120.0,30.55709182042701,96.0
Bitcoin,2017-10-10,4781.990234,43.73560546874978,215.13578556702652,0.7692,85.0,188.0,55.2,122.4000015258789,12.220000267028809,26.540000915527344,22830.67969,2138.419922,10.079999923706056,38.69033432006836,93.29000091552734,1.1741636991500854,157.0698242,0.7399,208.4,1290.5999755859375,50.91999816894531,56.61000061035156,3525.3991838592938,1597139968.0,613364,10589103.23,1189113920.0,0.7231,0.7629,74.0,32.28972248174167,81.0
Bitcoin,2017-10-11,4826.47998,57.47240234375022,208.49037928768533,0.7822,83.0,166.0,45.2,122.79000091552734,12.130000114440918,26.43000030517578,22872.89063,2151.699951171875,9.850000381469728,38.86676406860352,92.95999908447266,1.1814883947372437,122.1000977,0.7395,226.8,1285.800048828125,51.29999923706055,56.939998626708984,3587.033591289947,1222279936.0,604455,9171956.332,850897594.1,0.7316,0.7502,79.0,31.749726416488897,68.0
Bitcoin,2017-10-12,5446.910156,78.05480468750011,238.2346490707078,0.7779,79.0,290.0,103.0,122.88999938964844,11.81999969482422,25.850000381469727,22841.00977,2156.310059,9.909999847,38.84996795654297,93.12000274658205,1.1865493059158323,624.9101563,0.748,263.4,1293.300048828125,50.599998474121094,56.25,3564.235161545007,2791610112.0,588010,10642773.59,1072717735.0,0.7338,0.7598,117.0,36.305358895444485,141.0
Bitcoin,2017-10-13,5647.209961,95.96980468750009,250.0357246,0.7823,74.0,282.0,98.0,123.81999969482422,11.760000228881836,25.729999542236328,22871.7207,2170.850098,9.609999656677246,39.202842712402344,93.08999633789062,1.1831799745559692,403.449707,0.7575,238.6,1301.5,51.45000076293945,57.16999816894531,3519.391781433691,3615480064.0,660222,11205665.750219902,1477309948.0508797,0.7426,0.7631,150.0,41.73535869578532,188.0
Bitcoin,2017-10-14,5831.790039,111.48640136718676,249.7517485,0.824,75.33333333333333,139.0,59.0,123.53666687011719,11.883333524068197,25.926666259765625,22900.134113333334,2176.6700849999997,9.709999720118164,39.19444147745768,93.15333048502605,1.1825882196426392,246.0600586,0.7807,199.2,1300.9666748046875,51.59000015258789,57.38666534423828,3514.975997880475,1669030016.0,594482,11510644.76,1028513972.0,0.7626,0.7695,89.0,45.66260189747336,87.0
Bitcoin,2017-10-15,5678.189941,122.39719726562544,258.61734625708414,0.8374,76.66666666666667,205.0,51.0,123.25333404541016,12.006666819254557,26.123332977294922,22928.54752666667,2182.490072,9.809999783559082,39.18604024251302,93.21666463216145,1.181996464729309,373.8701172,0.7981,199.0,1300.433349609375,51.72999954223633,57.60333251953125,3536.163873696939,1976039936.0,578165,14834968.366717702,874457455.4997791,0.7667,0.7852,88.0,47.662223853655824,100.0
Bitcoin,2017-10-16,5725.589844,134.73219726562456,256.71753720523884,0.8468,78.0,145.0,51.4,122.97000122070312,12.130000114440918,26.31999969482422,22956.96094,2188.310059,9.909999847,39.17763900756836,93.27999877929688,1.181404709815979,232.0200195,0.7941,234.2,1299.9000244140625,51.869998931884766,57.81999969482422,3588.5534520650917,2008070016.0,643476,13619475.744053802,1148993979.0,0.7682,0.8006,101.0,48.39849886273601,96.0
Bitcoin,2017-10-17,5605.509766,133.28138671875058,261.78270474861466,0.8383,78.0,137.0,51.2,122.12999725341795,11.640000343322754,25.87000084,22997.43945,2183.110107421875,10.31000042,38.97599029541016,93.48999786376952,1.1794538497924805,327.6298828,0.7906,240.4,1283.0,51.880001068115234,57.880001068115234,3626.4435913614448,1821570048.0,670982,13032444.825660504,1132927241.0,0.7659,0.7938,75.0,49.03765079645449,80.0
Bitcoin,2017-10-18,5590.689941,127.26418945312524,275.5174989964815,0.8407,82.0,257.0,56.8,121.66999816894533,11.880000114440918,26.40999984741211,23157.59961,2178.179931640625,10.06999969482422,39.06840896606445,93.36000061035156,1.1771907806396484,452.3798828,0.7832,217.6,1279.9000244140625,52.040000915527344,58.150001525878906,3686.978685139321,2399269888.0,646494,11245621.252409495,1358005109.0,0.7629,0.799,89.0,48.74654946889071,87.0
Bitcoin,2017-10-19,5708.52002,120.92479492187522,271.0726804297685,0.8279,83.0,164.0,54.8,122.38999938964844,11.93999958,26.299999237060547,23163.03906,2154.77002,10.050000190734863,38.723934173583984,93.26999664,1.179523468017578,213.2900391,0.7894,249.0,1286.9000244140625,51.290000915527344,57.22999954223633,3758.5613548014576,1780540032.0,692419,13803228.1,1435812894.9323204,0.7668,0.8514,108.0,48.215747340152625,117.0
Bitcoin,2017-10-20,6011.450195,120.57019531249988,282.63033774282076,0.826,89.0,224.0,70.2,121.61000061035156,11.489999771118164,24.510000228881836,23328.63086,2149.090087890625,9.970000267028809,38.86676406860352,93.6999969482422,1.184805989265442,432.8798828,0.7994,227.0,1277.4000244140625,51.470001220703125,57.75,3792.5806177454024,2354429952.0,644681,13887260.5,1094088679.0,0.7725,0.8662,97.0,49.38547780252342,179.0
Bitcoin,2017-10-21,6031.600098,116.50780273437522,278.85746066074427,0.8332,86.0,265.0,76.0,121.67333475748697,11.556666374078777,24.700000127156574,23310.407553333334,2139.4400227864585,10.336666742960613,38.76314417521159,93.77999877929688,1.1816587845484416,229.8100586,0.7978,227.0,1277.5,51.61333465576172,57.62333297729492,3837.6339859458058,2207099904.0,606428,12830906.72,967343844.2,0.7648,0.877,88.0,50.02021564590865,150.0
Bitcoin,2017-10-22,6008.419922,120.64380859374978,279.2190650331911,0.8509,83.0,213.0,55.8,121.73666890462239,11.623332977039388,24.890000025431316,23292.184246666668,2129.7899576822915,10.703333218892416,38.659524281819664,93.86000061035156,1.1785115798314412,283.9199219,0.8114,188.8,1277.5999755859375,51.75666809082031,57.496665954589844,3904.819579050576,2034630016.0,573815,14386157.9,996113498.4702268,0.7651,0.8653,59.0,49.742103667525726,104.0
Bitcoin,2017-10-23,5930.319824,127.35760742187448,283.7833910241239,0.8513,80.0,253.0,61.2,121.8000030517578,11.68999958,25.079999923706055,23273.96094,2120.139892578125,11.06999969482422,38.555904388427734,93.94000244140624,1.175364375114441,343.1196289,0.8043,227.4,1277.699951171875,51.900001525878906,57.369998931884766,4014.206097076794,2401840128.0,640565,13668326.72,2395811602.0,0.7723,0.867,113.0,47.89292530471682,118.0
Bitcoin,2017-10-24,5526.640137,130.2998047,294.32313764740076,0.8477,75.0,260.0,66.2,121.33000183105467,11.729999542236328,25.600000381469727,23441.75977,2128.739990234375,11.15999984741211,38.555904388427734,93.95999908447266,1.1759172677993774,431.3398438,0.8007,223.8,1275.0,52.470001220703125,58.33000183105469,4171.225564920929,2735699968.0,716464,13135948.05,2184205097.0,0.8063,0.8491,125.0,43.861925073098405,133.0
Bitcoin,2017-10-25,5750.799805,131.62400390624953,298.76078462347925,0.8396,75.0,253.0,51.6,121.3499984741211,12.020000457763672,25.440000534057617,23329.46094,2105.370117,11.229999542236328,38.47188949584961,93.70999908447266,1.1759034395217896,356.4501953,0.7974,245.2,1275.4000244140625,52.18000030517578,58.439998626708984,4327.746335678347,1966989952.0,636265,13615215.095617702,2093083248.0,0.8187,0.8454,80.0,40.13099338806067,121.0
Bitcoin,2017-10-26,5904.830078,134.9863964843753,295.6764135677843,0.8138,71.0,181.0,50.8,120.33000183105467,11.619999885559082,25.219999313354492,23400.85938,2145.649902,11.300000190734863,38.21142578,94.61000061035156,1.182075023651123,255.5795898,0.7929,228.6,1266.300048828125,52.63999938964844,59.29999923706055,4497.272995962703,1905040000.0,555570,14196709.08,2041879050.7801695,0.8182,0.8523,102.0,36.189281038137935,94.0
Bitcoin,2017-10-27,5780.899902,130.0137988281249,293.0974063486569,0.8278,74.0,186.0,51.2,120.9000015258789,11.479999542236328,25.18000030517578,23434.18945,2211.800048828125,9.800000190734863,38.76594161987305,94.91999816894533,1.163724422454834,259.5703125,0.7791,234.8,1268.5,53.900001525878906,60.439998626708984,4687.174872022784,1710130048.0,552393,8529517.936,963485339.9,0.8135,0.873,90.0,31.351604083944984,116.0
Bitcoin,2017-10-28,5753.089844,133.5533984374997,285.5568968550028,0.8375,71.0,121.0,41.6,120.97666676839192,11.56666628519694,25.230000178019207,23405.70637666667,2214.65006521875,10.033333460489908,38.68472544352213,94.77666473388672,1.162635048230489,187.5302734,0.7702,209.2,1270.3666585286458,53.98333485921224,60.59333292643229,4858.020663511301,1403920000.0,440634,7127115.614,645357529.9,0.8131,0.8719,75.0,26.98270587021476,69.0
Bitcoin,2017-10-29,6153.850098,146.30259765625033,303.09782442339537,0.828,68.0,116.0,43.4,121.05333201090494,11.653333028157553,25.28000005086263,23377.223303333332,2217.500081609375,10.266666730244955,38.603509267171226,94.63333129882812,1.161545674006144,531.1298828,0.7931,212.8,1272.2333170572917,54.06666819254557,60.7466672261556,4998.812749,2859040000.0,666758,13129615.25,1284903848.0,0.8084,0.8651,111.0,24.132198224016435,61.0
Bitcoin,2017-10-30,6130.529785,158.9689941,293.8865610159207,0.8263,65.0,164.0,48.8,121.12999725341795,11.739999771118164,25.329999923706055,23348.74023,2220.350098,10.5,38.52229309082031,94.48999786376952,1.160456299781799,174.1401367,0.7927,256.6,1274.0999755859375,54.150001525878906,60.900001525878906,5178.524927175796,1772150016.0,672661,12873410.436056498,1690377716.0,0.8052,0.8508,92.0,19.945218650932446,93.0
Bitcoin,2017-10-31,6468.399902,178.9573925781251,299.11609934737277,0.8515,69.0,212.0,54.8,120.66999816894533,11.81000042,25.309999465942383,23377.24023,2233.260009765625,10.18000030517578,38.88357162475586,94.5500030517578,1.1652703285217283,367.1000977,0.7932,267.8,1267.0,54.380001068115234,61.369998931884766,5351.225388,2311379968.0,611388,12195846.98,1557216922.0,0.7846,0.8153,119.0,16.558617983302945,106.0
Bitcoin,2017-11-01,6767.310059,208.06699218749964,305.5671048069354,0.8469,69.0,260.0,87.0,121.11000061035156,11.800000190734863,25.649999618530273,23435.00977,2234.530029296875,10.199999809265137,39.08521270751953,94.81999969482422,1.165175199508667,389.4301758,0.8071,229.6,1274.0999755859375,54.29999923706055,61.290000915527344,5300.284259,2870320128.0,733925,14990408.23,1921728654.8397405,0.7701,0.8316,131.0,20.33793312826145,167.0
Bitcoin,2017-11-02,7078.5,241.4983935546879,327.2130161265292,0.8646,66.0,364.0,130.8,121.19000244140624,10.949999809265137,25.649999618530273,23516.25977,2202.699951171875,9.93000030517578,39.13562774658203,94.69000244140624,1.1628718376159668,608.6098633,0.8142,264.0,1274.9000244140625,54.540000915527344,60.619998931884766,5194.452228312573,4653770240.0,705011,15012708.83,2362825790.0,0.7851,0.8425,158.0,26.035305390401795,190.0
Bitcoin,2017-11-03,7207.759766,283.9987890624998,336.57995052150926,0.8806,66.0,289.0,86.2,120.62000274658205,10.649999618530272,24.81999969482422,23539.18945,2221.300048828125,9.140000343322754,38.93398666381836,94.94000244140624,1.1661807298660278,458.3500977,0.8177,246.2,1266.5,55.63999938964844,62.06999969482422,5098.847704770217,3369860096.0,670963,12745769.16,1685749159.2142498,0.8106,0.8287,122.0,31.18200953351571,214.0
Bitcoin,2017-11-04,7379.950195,318.69559570312504,345.50853106461574,0.897,63.333333333333336,213.0,62.2,120.96333567301433,10.746666272353515,25.496666590372723,23542.266273333335,2223.2100423177085,9.226666768391926,39.07961654663086,94.86666870117186,1.1646185318628948,461.5800781,0.8304,206.8,1270.8000081380208,56.209999084472656,62.803332009882816,5034.634820220413,2483800064.0,588106,14231239.16,1400428676.0,0.8224,0.8253,99.0,35.623431385910834,121.0
Bitcoin,2017-11-05,7407.410156,348.20040039062496,341.1357816358932,0.9043,60.666666666666664,206.0,66.0,121.30666859944662,10.843332926176757,26.173333485921223,23545.343096666667,2225.1200358072915,9.3133331934611,39.22524642944336,94.7933349609375,1.1630563338597615,284.2900391,0.8393,200.6,1275.1000162760417,56.779998779296875,63.536664324941405,5002.046537395445,2380410112.0,555522,15064674.29,1346375106.0,0.8331,0.8561,101.0,38.898926673357266,161.0
Bitcoin,2017-11-06,7022.759766,364.2679980468756,348.0875087288651,0.9143,58.0,335.0,70.0,121.6500015258789,10.93999958,26.850000381469727,23548.41992,2227.030029296875,9.399999618530272,39.37087631225586,94.72000122070312,1.1614941358566284,438.4599609,0.8382,210.2,1279.4000244140625,57.349998474121094,64.26999664,5056.850640175358,3111899904.0,608698,13802573.41,1629540869.1229298,0.8379,0.8482,121.0,38.97140350442768,128.0
Bitcoin,2017-11-07,7144.379883,361.9333984374998,339.6926908620712,0.9106,61.0,294.0,60.2,121.20999908447266,10.979999542236328,28.75,23557.23047,2233.290039,9.890000343322754,39.11882019042969,94.91000366210938,1.1612648963928225,230.2197266,0.8419,243.6,1273.699951171875,57.20000076293945,63.689998626708984,5122.406229944399,2326340096.0,714417,15916555.64,1826864277.0,0.8418,0.8686,91.0,38.87677353964721,80.0
Bitcoin,2017-11-08,7459.689941,351.5716015625003,362.7432059679054,0.889,54.0,312.0,86.0,121.62999725341795,11.31999969482422,27.989999771118164,23563.35938,2228.129883,9.779999732971191,39.30366897583008,94.87000274658205,1.1601063013076782,662.3999023,0.8378,227.0,1281.5999755859375,56.810001373291016,63.49000168,5159.437211879818,4602200064.0,646147,15423711.175748298,1888840266.0,0.847,0.8859,188.0,39.91642360734678,134.0
Bitcoin,2017-11-09,7143.580078,341.4756005859381,362.4165428184121,0.8954,54.0,248.0,71.4,122.12999725341795,11.729999542236328,28.37000084,23461.93945,2217.719970703125,10.5,39.06000900268555,94.44000244140624,1.159689188,345.3100586,0.8468,231.2,1285.5999755859375,57.16999816894531,63.93000030517578,5197.992374699044,3226249984.0,727946,16678466.001275202,2366841244.0,0.8446,0.9027,134.0,40.12414833,89.0
Bitcoin,2017-11-10,6618.140137,325.5702001953123,399.0389242465613,0.9119,59.0,424.0,104.6,121.12999725341795,11.68000030517578,29.399999618530273,23422.21094,2227.969970703125,11.289999961853027,38.89197540283203,94.38999938964844,1.164686679840088,875.1298828,0.8302,261.4,1272.4000244140625,56.74000168,63.52000045776367,5244.730326503346,5208249856.0,619944,12713071.5,2022293930.0,0.843,0.9084,170.0,39.41088918992859,136.0
Bitcoin,2017-11-11,6357.600098,311.3106054687496,418.3168359075211,0.8938,55.666666666666664,355.0,110.2,121.18999735514322,11.630000114440916,29.673332850138348,23428.040366666668,2228.6033528020835,11.359999974568685,38.86396789550781,94.42333221435547,1.1651620467503867,668.9296875,0.8019,219.2,1274.0333658854167,56.746667226666666,63.40000025431315,5281.739176985049,4908680192.0,459977,8785091.451,1401933563.0,0.8421,0.9183,227.0,38.708825156662726,139.0
Bitcoin,2017-11-12,5950.069824,292.88040527343765,467.4399218471625,0.8661,52.333333333333336,476.0,169.8,121.2499974568685,11.579999923706055,29.946666081746418,23433.86979333333,2229.2367349010415,11.429999987284342,38.835960388183594,94.45666503906249,1.1656374136606853,1106.040039,0.7834,252.6,1275.6667073567708,56.753332773333334,63.28000005086263,5284.627783295154,8957349888.0,463412,9479344.928,1946782857.0861003,0.8437,0.9105,196.0,38.64494325480605,251.0
Bitcoin,2017-11-13,6559.490234,279.7190087890622,503.1156347397759,0.8505,49.0,305.0,117.0,121.30999755859376,11.529999732971191,30.219999313354492,23439.69922,2229.870117,11.5,38.807952880859375,94.48999786376952,1.166112780570984,966.8999023,0.7949,254.8,1277.300048828125,56.75999832,63.15999984741211,5426.486358751734,6263249920.0,694905,16209519.46,2070829566.0,0.8641,0.8807,161.0,35.60963856709222,136.0
Bitcoin,2017-11-14,6635.75,269.16000488281225,488.8380880061312,0.8187,49.0,242.0,107.2,121.55999755859376,11.609999656677246,30.079999923706055,23409.4707,2219.280029296875,11.59000015258789,38.5474968,93.83000183105467,1.1664936542510986,303.2299805,0.798,305.6,1281.5,55.70000076293945,62.209999084472656,5537.495509922217,3197110016.0,604148,14792712.326735295,1841446048.5940297,0.8771,0.8857,157.0,33.36354797957161,116.0
Bitcoin,2017-11-15,7315.540039,277.88180175781235,504.4560984610504,0.8627,36.0,262.0,104.6,121.41000366210938,11.75,29.84000015258789,23271.2793,2202.639892578125,13.130000114440918,38.34585952758789,93.80999755859376,1.1792869567871094,707.4902344,0.8207,317.0,1276.5,55.33000183105469,61.869998931884766,5626.321706728804,4200880128.0,709294,17885007.84,2274507065.0,0.8753,0.9035,186.0,32.46855149118809,135.0
Bitcoin,2017-11-16,7871.689941,296.76419921875004,524.9092203343682,0.8679,50.0,340.0,102.4,121.4000015258789,11.020000457763672,28.420000076293945,23458.35938,2233.169922,11.760000228881836,39.14403152,93.93000030517578,1.178516149520874,790.7998047,0.8332,330.8,1277.4000244140625,55.13999938964844,61.36000061035156,5709.108214705211,5123809792.0,677402,17978355.35,2257254597.0,0.8827,0.877,194.0,32.60875294,201.0
Bitcoin,2017-11-17,7708.990234,324.2960058593753,519.0942760247705,0.9053,44.0,266.0,100.8,122.86000061035156,10.619999885559082,26.959999084472656,23358.24023,2229.530029296875,11.43000030517578,39.33726501464844,93.66000366210938,1.177745342254639,443.5,0.8527,298.4,1295.800048828125,56.54999923706055,62.720001220703125,5856.9666316390685,4651670016.0,684299,19741865.16,2848162964.0,0.8873,0.838,153.0,30.70074304492901,183.0
Bitcoin,2017-11-18,7790.149902,339.30460449218754,512.1268486636261,0.9348,46.333333333333336,192.0,68.0,122.3433329264323,10.80666669209798,27.03333282470703,23382.27018,2231.59667953125,11.170000076293944,39.40447998046875,93.80000305175781,1.1762254635492961,421.550293,0.8452,230.8,1288.7333577473958,56.39666620890299,62.55333455403646,5935.083479410918,3667190016.0,614840,15573684.42,1967731645.0,0.9037,0.8139,174.0,30.44761038709907,131.0
Bitcoin,2017-11-19,8036.490234,359.06661132812496,504.6756493729207,0.9299,48.666666666666664,186.0,78.0,121.82666524251303,10.993333498636881,27.106666564941406,23406.30013,2233.663329765625,10.909999847412108,39.47169494628906,93.94000244140624,1.1747055848439536,407.8100586,0.8444,207.4,1281.6666666666667,56.243333180745445,62.38666788736979,6017.944447201481,3149319936.0,603430,17836891.91,1585417384.0,0.9062,0.7652,136.0,30.38924293060585,136.0
Bitcoin,2017-11-20,8200.639648,366.54080078125025,496.3059950092299,0.9334,51.0,227.0,84.4,121.30999755859376,11.18000030517578,27.18000030517578,23430.33008,2235.72998,10.649999618530272,39.538909912109375,94.08000183105467,1.1731857061386108,387.5004883,0.8567,288.6,1274.5999755859375,56.09000015258789,62.220001220703125,6043.6133525537225,3488450048.0,734768,20867770.61,2388363839.0,0.898,0.8183,158.0,31.719720039270097,165.0
Bitcoin,2017-11-21,8071.259766,366.3591992187503,502.7091521737492,0.9442,54.0,232.0,82.4,121.51000213623048,10.84000015258789,26.63999938964844,23590.83008,2277.02002,9.729999542236328,40.06822204589844,93.9499969482422,1.174122333526611,585.9501953,0.8615,326.2,1281.0999755859375,56.83000183105469,62.56999969482422,6063.053389661659,4277609984.0,753814,20674487.35,2632881287.0,0.8996,0.8207,124.0,32.69701743056746,175.0
Bitcoin,2017-11-22,8253.549805,374.3953906249999,483.3013556,0.956,54.0,197.0,66.8,122.62999725341795,10.75,26.829999923706055,23526.17969,2286.080078,9.880000114440918,40.16905594,93.22000122070312,1.173722743988037,226.7895508,0.8629,281.0,1291.5999755859375,58.02000045776367,63.31999969482422,6047.079500335863,3633530112.0,673819,17481272.61,2033543436.7307005,0.9118,0.864,177.0,34.47951369084926,166.0
Bitcoin,2017-11-23,8038.77002,378.0419922,465.1105709830414,0.9476,56.5,178.0,68.2,122.4749984741211,10.664999961853027,26.85499954185303,23542.08496,2294.1700438828125,9.775000095367432,40.12704467837402,92.99000167846681,1.1814744472503662,228.6303711,0.8668,236.6,1289.1499633789062,58.48500061035156,63.59000015258789,6050.195318960938,4225179904.0,747162,18447902.24,2481622641.0,0.908,0.8959,146.0,35.33063593714772,130.0
Bitcoin,2017-11-24,8253.69043,382.5919921875002,462.8333859463063,0.9549,59.0,168.0,67.6,122.31999969482422,10.579999923706056,26.87999916,23557.99023,2302.260009765625,9.670000076293944,40.08503341674805,92.76000213623048,1.1853959560394287,433.2299805,0.8603,284.8,1286.699951171875,58.95000076293945,63.86000061035156,6035.082483100456,5058610176.0,698359,17352431.98,2685926757.0,0.903,0.8838,142.0,36.712738815669525,166.0
Bitcoin,2017-11-25,8790.919922,395.0562011718748,472.61457405951654,0.9464,56.333333333333336,141.0,64.8,122.49000040690103,10.62666670481364,27.373332976783853,23565.586586666665,2298.413330078125,9.736666679382322,39.88898849487305,92.80666860082032,1.1878134806950886,599.7700195,0.8645,249.2,1289.066650390625,58.67000071207682,63.85333379109701,5973.409809094561,4342060032.0,697526,18139440.14,2302620557.0,0.8971,0.8839,127.0,39.87980918500259,175.0
Bitcoin,2017-11-26,9330.549805,419.89059570312475,492.2378076088368,0.9538,53.666666666666664,243.0,101.0,122.66000111897786,10.673333485921225,27.866666793567706,23573.182943333333,2294.566650390625,9.803333282470703,39.69294357299805,92.85333506541016,1.1902310053507488,747.3398438,0.8742,286.0,1291.433349609375,58.390000661214195,63.846666971842446,5897.076474496883,5475579904.0,712607,19771137.91,2290199012.0,0.9045,0.8934,158.0,44.33340209525116,252.0
Bitcoin,2017-11-27,9818.349609,445.3265917968747,491.92080740016985,0.9774,51.0,303.0,107.6,122.83000183105467,10.720000267028809,28.36000061035156,23580.7793,2290.719970703125,9.869999885559082,39.49689865112305,92.90000153,1.1926485300064087,465.6298828,0.8949,317.4,1293.800048828125,58.11000061035156,63.84000015258789,5782.318564974043,5653320192.0,829651,22731345.29,3382462034.2421103,0.9161,0.9034,154.0,50.009482125454305,295.0
Bitcoin,2017-11-28,10058.7998,474.8739844,484.5979204876577,1.0,60.0,341.0,129.4,122.80999755859376,10.640000343322754,28.12999916,23836.71094,2283.22998,10.029999732971191,39.79096221923828,93.26000213623048,1.1904903650283811,389.4003906,0.9017,348.6,1294.699951171875,57.99000168,63.61000061035156,5663.061948834635,6348819968.0,816745,21683705.038940404,3229165153.0,0.9247,0.8877,193.0,55.537837211984886,247.0
Bitcoin,2017-11-29,9888.610352,498.5007812499998,586.8673631090751,1.0,67.0,576.0,193.2,122.04000091552734,11.020000457763672,28.020000457763672,23940.67969,2194.389892578125,10.699999809265137,39.16083526611328,93.26000213623048,1.184805989265442,1916.370117,0.9099,383.8,1282.0999755859375,57.29999923706055,63.11000061035156,5652.216482358064,11568799744.0,903005,26294380.2,4301831779.0,0.936,0.893,240.0,58.29520165047064,292.0
Bitcoin,2017-11-30,10233.59961,518.2409765624998,659.1589939807483,1.0,73.0,563.0,125.2,121.0999984741211,11.789999961853027,25.950000762939453,24272.34961,2205.030029296875,11.279999732971191,38.73234176635742,93.01000213623048,1.185199261,1598.950195,0.916,421.0,1273.199951171875,57.400001525878906,63.56999969482422,5724.195683832104,8310689792.0,851420,23742417.19,3446153829.0,0.9544,0.8785,177.0,59.67056906714361,173.0
Bitcoin,2017-12-01,10975.59961,530.7415722656251,708.6511947455162,1.0,70.0,331.0,110.4,121.58999633789062,11.390000343322754,23.729999542236328,24231.58984,2185.669922,11.43000030517578,38.51390075683594,92.90000153,1.1898245811462402,1352.049805,0.9165,418.0,1278.800048828125,58.36000061035156,63.49000168,5810.305777580271,6783119872.0,869275,25856448.17,2503164990.0,0.9608,0.8833,190.0,61.48005964,165.0
Bitcoin,2017-12-02,11074.59961,535.1319726562497,687.6832941163722,1.0,68.0,209.0,97.2,121.45333099365234,11.386666933695475,23.713333129882812,24251.076820000002,2170.269938234375,11.513333638509113,38.539103190104164,92.99666850046874,1.1885451873143513,415.1005859,0.9292,343.6,1277.300048828125,58.063334147135414,63.14333470764648,6068.481998,5138500096.0,683883,24108052.61,1962210937.0,0.9664,0.9084,116.0,59.61284056,136.0
Bitcoin,2017-12-03,11323.2002,539.2245800781247,709.7559299160956,1.0,66.0,242.0,100.0,121.31666564941406,11.383333524068197,23.696666717529297,24270.5638,2154.86995446875,11.596666971842446,38.5643056233724,93.09333547093749,1.1872657934824624,996.7001953,0.9358,359.6,1275.800048828125,57.76666768391927,62.79666773529297,6242.071966415013,6608309760.0,762993,27678238.93,2065023836.1631997,0.9685,0.9326,182.0,59.46877540891599,217.0
Bitcoin,2017-12-04,11657.2002,556.6723828124996,700.1591056810174,1.0,64.0,290.0,93.2,121.18000030517578,11.380000114440918,23.68000030517578,24290.05078,2139.469970703125,11.68000030517578,38.589508056640625,93.19000244140624,1.1859863996505735,575.4003906,0.9429,433.0,1274.300048828125,57.470001220703125,62.45000076293945,6441.4108118579115,6132409856.0,885110,28891001.96,2600783556.0,0.966,0.9469,226.0,58.96692126715016,223.0
Bitcoin,2017-12-05,11916.7002,572.3521972656254,680.6763403198732,1.0,60.0,305.0,110.0,120.31999969482422,12.279999732971191,23.12999916,24180.64063,2150.330078,11.329999923706056,38.56430435180664,93.37999725341795,1.1867746114730835,427.4003906,0.9434,362.8,1261.5999755859375,57.619998931884766,62.86000061035156,6549.030012977464,6895260160.0,891236,29210388.29,2657542628.0,0.9666,0.9495,260.0,60.13321450573086,208.0
Bitcoin,2017-12-06,14291.5,635.4982128906249,807.2279884443466,1.0,62.0,529.0,171.4,120.06999969482422,11.670000076293944,23.12999916,24140.91016,2174.510009765625,11.020000457763672,38.04338836669922,93.61000061035156,1.1832919120788574,2445.699219,0.9489,387.8,1262.800048828125,55.959999084472656,61.220001220703125,6232.454788904621,12656300032.0,978252,33116592.85,3394252519.0,0.962,0.9364,227.0,71.30550137,257.0
Bitcoin,2017-12-07,17899.69922,773.1306054687502,1024.0259474170718,1.0,60.0,721.0,272.2,118.48999786376952,12.989999771118164,23.12999916,24211.48047,2188.989990234375,10.15999984741211,38.152618408203125,93.8000030517578,1.1804285049438477,3842.399414,0.9637,495.2,1249.800048828125,56.689998626708984,62.20000076293945,5337.338430908368,17950699520.0,869099,34256501.85,5271885975.0,0.9757,0.9403,285.0,95.29697061,335.0
Bitcoin,2017-12-08,16569.40039,880.5200097656252,1237.774094030138,1.0,62.0,544.0,204.0,118.4800033569336,11.699999809265137,23.850000381469727,24329.16016,2200.800048828125,9.579999923706056,38.59790802001953,93.90000153,1.1772184371948242,4016.5,0.988,503.0,1245.199951171875,57.36000061035156,63.400001525878906,5175.469610290474,21135998976.0,902012,41311081.41,4805489432.0,1.0,0.9714,249.0,102.66327848780656,255.0
Bitcoin,2017-12-09,15178.2002,944.2748046875012,1371.368773697628,1.0,62.0,458.0,134.0,118.32333628336589,11.619999885559082,23.553333282470703,24348.11654,2209.8500162760415,9.500000000137371,38.662321726679686,93.89000193552735,1.1771445671717324,3108.099609,0.9914,351.8,1244.699951171875,57.57000096690104,63.83000183105469,5328.440993071207,13911300096.0,877575,42165253.38,3943426403.6660295,1.0,0.9705,227.0,103.0420578062846,227.0
Bitcoin,2017-12-10,15455.40039,1008.9286035156256,1460.842432719226,1.0,62.0,425.0,140.6,118.16666920979819,11.539999961853027,23.25666618347168,24367.07292,2218.8999837239585,9.420000076568686,38.72673543333985,93.88000234105469,1.1770706971486409,2624.0,0.9879,330.0,1244.199951171875,57.78000132345052,64.26000213623047,5525.665555008875,13433299968.0,739392,38120250.24,3660690673.7636504,1.0,0.9766,221.0,102.66557495440657,198.0
Bitcoin,2017-12-11,16936.80078,1053.7764160156255,1507.1465865205314,1.0,62.0,300.0,140.4,118.01000213623048,11.460000038146973,22.959999084472656,24386.0293,2227.949951171875,9.340000153,38.79114914,93.87000274658205,1.176996827125549,2109.100586,0.9842,395.4,1243.699951171875,57.99000168,64.69000244140625,5693.029137075779,12153900032.0,867655,44253709.96,4272284928.0,1.0,0.9843,319.0,103.48554526231068,256.0
Bitcoin,2017-12-12,17415.40039,1037.2978417968752,1485.936199760136,1.0,67.0,316.0,172.0,118.1500015258789,12.140000343322754,22.84000015258789,24504.80078,2213.389892578125,9.920000076293944,38.53069686889648,94.09999847,1.1777591705322266,1210.201172,0.9961,379.2,1238.5,57.13999938964844,63.34000015258789,5913.162398116698,14603799552.0,867772,42937956.76,5729890455.0,1.0,0.9846,351.0,103.50071402398204,319.0
Bitcoin,2017-12-13,16408.19922,1037.7114160156252,1495.0407150674478,1.0,67.0,287.0,133.2,119.16999816894533,10.869999885559082,23.489999771118164,24585.42969,2214.830078,10.18000030517578,38.992801666259766,93.43000030517578,1.1742602586746216,1613.399414,0.9986,363.4,1245.4000244140625,56.599998474121094,62.439998626708984,6395.589734366634,12976900096.0,958477,50475052.9,4755215235.0,1.0,1.0,230.0,99.07400875650929,242.0
Bitcoin,2017-12-14,16564.0,1070.640419921874,1452.5306918929873,1.0,69.0,333.0,144.2,118.93000030517578,10.399999618530272,23.0,24508.66016,2223.889892578125,10.489999771118164,38.70713424682617,93.48999786376952,1.1835860013961792,899.9003906,0.9977,460.2,1253.800048828125,57.040000915527344,63.310001373291016,6937.526739592027,13777399808.0,1072862,49974171.33,3607678571.0,1.0,1.0,276.0,93.99727399,232.0
Bitcoin,2017-12-15,17706.90039,1118.2058203124998,1462.3570431417024,1.0,68.0,299.0,126.8,119.18000030517578,9.43000030517578,21.25,24651.74023,2241.830078,9.420000076293944,38.79114914,93.93000030517578,1.1774957180023191,1552.798828,0.9966,382.4,1254.300048828125,57.29999923706055,63.22999954223633,7401.709190492782,14309999616.0,942514,48342967.76,4219284344.1262994,1.0,1.0,202.0,90.62969939885936,212.0
Bitcoin,2017-12-16,19497.40039,1173.9682128906245,1515.145714167295,1.0,70.0,222.0,111.4,119.36333465576172,9.596666971842446,20.31000010172526,24698.55989333333,2256.923421140625,9.456666628519693,38.9367828373112,93.85333251953125,1.1764493783315022,2201.398438,0.9991,320.0,1256.933349609375,57.2533327738444,63.289999643961586,7706.342860636138,12740599808.0,819305,49815223.74,3461171452.0,1.0,1.0,244.0,90.25022368915612,224.0
Bitcoin,2017-12-17,19140.80078,1212.0208203125003,1486.5567624857026,1.0,72.0,272.0,114.8,119.54666900634766,9.763333638509113,19.37000020345052,24745.379556666667,2272.01676428125,9.493333180745442,39.082416534622396,93.77666473388673,1.175403038660685,1114.900391,0.9999,321.6,1259.566650390625,57.20666631062826,63.34999974568685,8113.007822251895,13314599936.0,877465,55498368.93,5098289902.0,1.0,1.0,213.0,88.17048719983502,224.0
Bitcoin,2017-12-18,19114.19922,1253.5966210937495,1452.881251549224,1.0,74.0,304.0,122.0,119.7300033569336,9.93000030517578,18.43000030517578,24792.19922,2287.110107421875,9.529999732971191,39.228050231933594,93.6999969482422,1.1743566989898682,1015.099609,0.9995,333.8,1262.199951171875,57.15999984741211,63.40999984741211,8608.243032,14839499776.0,922524,54532107.97,4869203329.0,1.0,1.0,277.0,84.93477019777518,236.0
Bitcoin,2017-12-19,17776.69922,1270.2560058593754,1484.989761483208,1.0,72.0,363.0,139.6,119.81999969482422,10.31999969482422,18.87999916,24754.75,2266.399902,10.029999732971191,39.02079391479492,93.47000122070312,1.1784253120422363,1902.400391,0.993,370.6,1260.699951171875,57.459999084472656,63.79999923706055,9341.112295516115,16894499840.0,887698,44228748.17,3906879033.0,1.0,1.0,228.0,78.34539093636371,320.0
Bitcoin,2017-12-20,16624.59961,1237.3385937499988,1511.5618516228003,1.0,72.0,539.0,185.2,120.13999938964844,9.789999961853027,19.459999084472656,24726.65039,2263.330078,9.720000267028809,39.07196807861328,93.34999847,1.1841325759887695,1856.999023,0.9864,394.6,1266.0999755859375,58.09000015258789,64.55999755859375,10121.881769979138,22149699584.0,853864,44203326.97,5449320743.0,1.0,1.0,312.0,70.86409895,232.0
Bitcoin,2017-12-21,15802.90039,1143.7203906249997,1562.5216496095647,1.0,68.0,473.0,139.6,120.30999755859376,9.640000343322754,17.860000610351562,24782.28906,2270.800048828125,9.619999885559082,39.32783508300781,93.27999877929688,1.1878176927566528,2224.999023,0.9778,377.8,1267.300048828125,58.36000061035156,64.90000153,10798.837463192876,16516599808.0,840740,46165232.3,3765982143.0,1.0,1.0,252.0,64.31652536652999,238.0
Bitcoin,2017-12-22,13831.7998,1011.0321679687496,1744.5129882535243,1.0,66.0,1023.0,232.2,120.94000244140624,10.010000228881836,19.260000228881836,24754.06055,2260.350098,9.899999618530272,39.66047286987305,93.34999847,1.185733199119568,4110.400391,0.9754,379.6,1275.4000244140625,58.470001220703125,65.25,11332.657630377029,22197999616.0,890732,48973790.42,4135071531.0,1.0,1.0,260.0,58.83189805503817,253.0
Bitcoin,2017-12-23,14699.2002,901.6539941406244,1746.6478027086298,1.0,65.5,360.0,117.4,121.14750099182127,10.300000190734863,19.692500114440918,24752.098147499997,2255.410095472656,9.987499713897703,39.651944160461426,93.32749938655762,1.1856910387674968,1774.400391,0.9466,283.8,1277.5750122070312,58.845001220703125,65.69249916,11972.215409135331,13086000128.0,729638,41645027.49,2381107619.0,1.0,1.0,225.0,52.41670238740837,218.0
Bitcoin,2017-12-24,13925.7998,799.6475976562488,1761.2801025151564,1.0,65.0,357.0,101.8,121.35499954223631,10.590000152587889,20.125,24750.135745,2250.4700929453124,10.074999809265137,39.643415451049805,93.30500030311524,1.1856488784154258,1878.299805,0.9584,269.2,1279.75,59.220001220703125,66.13499832000001,12475.90501,11572299776.0,652210,38398460.73,2531170728.0,1.0,1.0,219.0,47.275394933867005,179.0
Bitcoin,2017-12-25,14026.59961,728.9073925781249,1717.1957815765738,1.0,64.5,237.0,77.0,121.56249809265137,10.880000114440916,20.557499885559082,24748.1733425,2245.5300904179685,10.162499904632568,39.634886741638184,93.28250121967287,1.1856067180633545,1144.099609,0.9425,253.0,1281.9249877929688,59.595001220703125,66.57749748,12975.03575048278,10664699904.0,565075,33837650.83,2523983332.0,1.0,1.0,172.0,42.18428809975167,141.0
Bitcoin,2017-12-26,16099.7998,729.7363867187505,1768.4389121336044,1.0,64.0,283.0,97.0,121.7699966430664,11.170000076293944,20.989999771118164,24746.21094,2240.590087890625,10.25,39.62635803222656,93.26000213623048,1.187253713607788,2432.298828,0.9479,262.4,1284.0999755859375,59.970001220703125,67.01999664,13202.991576704648,13454300160.0,605854,38650262.93,3068717710.3976407,1.0,1.0,180.0,40.28983748330838,200.0
Bitcoin,2017-12-27,15838.5,768.5527929687505,1771.8790316910256,1.0,61.0,256.0,103.0,122.2300033569336,10.729999542236328,20.63999938964844,24774.30078,2237.139892578125,10.470000267028809,39.728702545166016,93.02999877929688,1.1857894659042358,1816.600586,0.9627,269.4,1287.0,59.63999938964844,66.44000244140625,13148.172400975964,12487600128.0,749192,43901419.48,4777859402.0,1.0,0.9836,229.0,39.95534708611997,238.0
Bitcoin,2017-12-28,14606.5,761.6601855468762,1784.6805712800594,1.0,58.0,355.0,99.8,122.8499984741211,10.43000030517578,20.709999084472656,24837.50977,2245.389892578125,10.18000030517578,40.00163650512695,92.59999847,1.1900794506072998,1951.100586,0.9562,338.4,1294.0999755859375,59.84000015258789,66.72000122070312,12956.44636478437,12336499712.0,741489,37806663.78,3590765167.0,1.0,0.9533,208.0,41.34139591081985,205.0
Bitcoin,2017-12-29,14656.2002,780.9955957031252,1726.6319590457697,1.0,53.0,241.0,105.2,123.6500015258789,10.960000038146973,21.31999969482422,24719.2207,2226.060059,11.039999961853027,40.18928146362305,92.12000274658205,1.1941723823547363,972.0,0.94,271.4,1306.300048828125,60.41999816894531,66.59999847,12887.258869702247,13025500160.0,838926,41872625.55,3675013582.3208303,1.0,0.9047,200.0,41.936040857807775,304.0
Bitcoin,2017-12-30,12952.2002,775.2930078,1769.8583034889289,1.0,56.5,414.0,121.6,124.0250015258789,11.210000038146973,21.672499656677246,24745.4179675,2243.2875369257813,10.722500085830688,40.37905311584473,92.05250167743654,1.196279803911845,2331.800781,0.9335,298.6,1308.1500244140625,60.407498359680176,66.59249877620606,12475.413396722606,14452599808.0,815100,34517255.35,3922944907.0,1.0,0.921,165.0,45.80384492864285,349.0
Bitcoin,2017-12-31,14156.40039,749.7282128906245,1759.2827661861484,1.0,60.0,226.0,83.6,124.4000015258789,11.460000038146973,22.024999618530273,24771.615235,2260.5150148515622,10.40500020980835,40.568824768066406,91.98500060829102,1.1983872254689534,1621.800781,0.9198,215.8,1310.0,60.39499855041504,66.58499908241211,12252.543074286708,12136299520.0,678713,34803527.15,3132315786.0,1.0,0.8863,161.0,47.246147406742715,204.0
Bitcoin,2018-01-01,13657.2002,729.9884179687488,1705.1697254094593,1.0,63.5,192.0,68.8,124.7750015258789,11.710000038146973,22.3774995803833,24797.8125025,2277.7424927773436,10.08750033378601,40.758596420288086,91.91749953914551,1.200494647026062,957.5,0.9178,201.0,1311.8499755859375,60.3824987411499,66.57749938861816,11983.789433407555,10291200000.0,593283,32858099.44,2493070309.0,1.0,0.8849,224.0,48.82595592484948,203.0
Bitcoin,2018-01-02,14982.09961,755.5044042968748,1746.3004593087835,1.0,67.0,276.0,95.2,125.1500015258789,11.960000038146973,22.729999542236328,24824.00977,2294.969970703125,9.770000457763672,40.948368072509766,91.84999847,1.2011579275131226,2281.0,0.931,248.6,1313.699951171875,60.369998931884766,66.56999969482422,11903.39484644158,16846600192.0,850802,39946758.99,3339191214.0,1.0,0.9347,306.0,49.16172596185225,318.0
Bitcoin,2018-01-03,15201.0,776.557002,1673.5861268358349,1.0,67.0,242.0,100.2,124.81999969482422,11.56000042,22.75,24922.67969,2326.469970703125,9.149999618530272,41.34071350097656,92.16000366210938,1.2063454389572144,728.2998047,0.9309,326.0,1316.199951171875,61.630001068115234,67.83999633789062,11844.64258798001,16871900160.0,937531,41037010.87,2887037504.0,1.0,0.9184,253.0,49.25532050799638,398.0
Bitcoin,2018-01-04,15599.2002,815.5490039062497,1641.008546347561,1.0,72.0,257.0,129.8,125.45999908447266,11.800000190734863,22.12000084,25075.13086,2327.010009765625,9.220000267028809,41.545413970947266,91.84999847,1.2010425329208374,1217.5,0.9391,370.2,1319.4000244140625,62.00999832,68.06999969482422,11848.734635115185,21783199744.0,1054712,42724771.87,3959988059.0,1.0,0.8776,334.0,48.18515893167506,550.0
Bitcoin,2018-01-05,17429.5,850.7291992187511,1702.5364654700566,1.0,75.0,298.0,132.6,125.33000183105467,11.260000228881836,22.299999237060547,25295.86914,2357.189941,9.220000267028809,41.90364074707031,91.9499969482422,1.2068840265274048,2502.399414,0.9351,310.4,1320.300048828125,61.439998626708984,67.62000274658203,12079.758125451624,23840899072.0,888403,39205380.02,4736424942.0,1.0,0.8835,301.0,44.193068311580554,304.0
Bitcoin,2018-01-06,17527.0,892.9467871093766,1648.6267737400524,1.0,75.0,201.0,99.0,125.32333374023438,11.236666679254558,22.16666603088379,25291.579426666667,2369.1666663333335,9.320000330607096,41.90364074707031,92.07666524251303,1.2058380444844563,947.8007813,0.9452,284.4,1319.7333577473958,61.53666559855143,67.67333475748698,12280.839384518713,18314600448.0,889099,46563789.98,3788672792.276739,1.0,0.8196,247.0,40.77089305841507,244.0
Bitcoin,2018-01-07,16477.59961,898.2435937499995,1637.431962334513,1.0,75.0,207.0,92.0,125.31666564941406,11.213333129627278,22.03333282470703,25287.28971333333,2381.1433916666665,9.420000394185385,41.90364074707031,92.20333353678384,1.204792062441508,1491.899414,0.9506,274.0,1319.1666666666667,61.63333257039388,67.72666676839192,12588.267150703012,15866000384.0,910005,44912742.33,4861207107.0,1.0,0.8538,268.0,35.37798052076733,239.0
Bitcoin,2018-01-08,15170.09961,869.6107812499995,1686.879693261512,1.0,75.0,346.0,101.4,125.30999755859376,11.18999958,21.899999618530273,25283.0,2393.120117,9.520000457763672,41.90364074707031,92.33000183105467,1.2037460803985596,2329.700195,0.9413,326.2,1318.5999755859375,61.72999954223633,67.77999877929688,12709.561909430096,18413899776.0,895997,42902516.83,4095843402.0,1.0,0.8342,276.0,32.36317452344637,274.0
Bitcoin,2018-01-09,14595.40039,831.8327929687493,1643.066858028547,1.0,75.0,266.0,105.8,124.7300033569336,10.789999961853027,22.959999084472656,25385.80078,2388.439941,10.079999923706056,41.83540344238281,92.52999877929688,1.1970456838607788,1073.5,0.9296,368.0,1311.699951171875,62.959999084472656,68.81999969482422,12691.821337215408,16659999744.0,919150,43234479.12,3939529168.0,1.0,0.8765,263.0,31.4694994,273.0
Bitcoin,2018-01-10,14973.2998,778.7173925781244,1617.283483124722,1.0,75.0,360.0,111.0,125.02999877929688,10.789999961853027,23.520000457763672,25369.13086,2388.610107421875,9.81999969482422,41.571006774902344,92.33000183105467,1.1929330825805664,1282.099609,0.9221,343.8,1317.4000244140625,63.56999969482422,69.19999694824219,12674.767166937689,18500800512.0,876990,39636974.26,3681293161.0,1.0,0.8813,225.0,31.231167060782735,269.0
Bitcoin,2018-01-11,13405.7998,685.4021972656246,1638.3989067631348,1.0,77.0,370.0,109.2,125.44000244140624,10.960000038146973,23.520000457763672,25574.73047,2403.419922,9.880000114440918,41.826873779296875,91.84999847,1.195614457130432,1912.899414,0.9194,460.2,1320.5999755859375,63.79999923706055,69.26000213623047,12603.478547474771,16534099968.0,822011,43029257.73,3733633619.0,1.0,0.8789,255.0,31.942079061527124,195.0
Bitcoin,2018-01-12,13980.59961,630.4897949218757,1597.9276120836253,1.0,79.0,272.0,83.2,126.95999908447266,11.619999885559082,23.520000457763672,25803.18945,2419.060059,10.15999984741211,42.22773742675781,90.97000122070312,1.2042099237442017,1071.800781,0.9143,336.0,1333.4000244140625,64.30000305175781,69.87000274658203,12529.388662841824,12065699840.0,746540,38771602.28,3201370801.0,1.0,0.9324,232.0,32.528834890428136,217.0
Bitcoin,2018-01-13,14360.2002,609.9478027343757,1534.2970404615803,1.0,78.0,177.0,71.4,127.01249885559082,11.737499952316284,24.24250030517578,25800.606932500003,2415.83251975,10.53499984741211,42.187224387568364,90.82500076293945,1.2092165152231853,707.0996094,0.9077,263.6,1333.9000244140625,64.15750217437744,69.69000244243652,12580.95438637151,12763599872.0,652050,34057401.87,2572263037.0,1.0,0.93,198.0,32.08333774891644,180.0
Bitcoin,2018-01-14,13772.0,581.6741895,1513.547237906289,1.0,77.0,221.0,83.2,127.06499862670898,11.855000019073486,24.96500015258789,25798.024415,2412.6049805000002,10.90999984741211,42.14671134837891,90.68000030517578,1.2142231067021687,1243.799805,0.9098,248.0,1334.4000244140625,64.01500129699707,69.51000213829101,12545.473547287576,11084099584.0,592042,33285730.83,2648247578.0,1.0,0.8986,187.0,32.414528108034176,165.0
Bitcoin,2018-01-15,13819.7998,533.4183886718747,1462.8509926763757,1.0,76.0,250.0,88.6,127.11749839782716,11.972500085830688,25.6875,25795.4418975,2409.37744125,11.28499984741211,42.10619830918946,90.53499984741211,1.2192296981811523,803.7998047,0.8952,297.4,1334.9000244140625,63.8725004196167,69.3300018341455,12439.901356155013,12750799872.0,670840,33038806.92,2791493117.0,0.9986,0.8539,219.0,32.54978792602286,152.0
Bitcoin,2018-01-16,11490.5,463.8163964843752,1618.9472945387774,1.0,75.0,780.0,167.8,127.16999816894533,12.09000015258789,26.40999984741211,25792.85938,2406.149902,11.65999984741211,42.06568527,90.38999938964844,1.2268433570861816,3648.199219,0.8869,403.2,1335.4000244140625,63.72999954223633,69.15000153,11859.608163625757,18853799936.0,737399,31344417.42,3280040384.0,0.9889,0.8314,264.0,37.99046653802466,208.0
Bitcoin,2018-01-17,11188.59961,367.5758007812492,1665.8589135672576,1.0,75.0,889.0,216.0,126.13999938964844,11.770000457763672,24.700000762939453,26115.65039,2412.719970703125,11.90999984741211,42.62008285522461,90.54000091552734,1.227129340171814,2275.709961,0.8531,379.2,1338.0,63.970001220703125,69.37999725341797,11307.404857922991,18830600192.0,768382,31114647.14,2919536906.0,0.9764,0.8386,263.0,43.70957881,204.0
Bitcoin,2018-01-18,11474.90039,277.17140624999956,1630.0689772187034,1.0,72.0,471.0,120.2,125.86000061035156,12.260000228881836,24.37999916,26017.81055,2410.989990234375,12.220000267028809,42.67126465,90.5,1.218397855758667,1164.799805,0.8357,324.4,1326.0,63.95000076293945,69.30999755859375,10892.194000341426,15020399616.0,744190,32739932.5,2771757628.0,0.969,0.7809,209.0,47.775205177116405,187.0
Bitcoin,2018-01-19,11607.40039,205.0258203124995,1572.2569213682602,1.0,80.0,372.0,90.6,126.41999816894533,11.43000030517578,21.200000762939453,26071.7207,2420.669922,11.270000457763672,43.020957946777344,90.56999969482422,1.2236607074737549,820.7001953,0.8463,340.2,1331.9000244140625,63.369998931884766,68.61000061035156,10671.268400531657,10740400128.0,578407,30328455.66,2549311163.0,0.9594,0.8017,191.0,50.15872700375413,166.0
Bitcoin,2018-01-20,12899.2002,153.7128320312495,1566.7813990830273,1.0,79.33333333333333,329.0,85.4,126.49666595458986,11.506666819254557,21.476667404174805,26119.347003333336,2428.096598390625,11.190000216166178,43.10340372721354,90.51333363988282,1.2242905696233113,1446.799805,0.8555,297.2,1331.5666910807292,63.409999847923174,68.75,10560.568763103009,11801700352.0,559712,33422916.97,2591920374.0,0.9569,0.8155,207.0,51.05579275133504,146.0
Bitcoin,2018-01-21,11600.09961,130.77982421874913,1569.9398705770966,1.0,78.66666666666667,358.0,89.0,126.57333374023438,11.583333333333332,21.753334045410156,26166.973306666667,2435.52327478125,11.109999974568685,43.18584950764974,90.4566675849414,1.224920431772868,1607.700195,0.8655,261.8,1331.2333577473958,63.45000076396159,68.88999938964844,10291.017912648897,9935179776.0,522862,31881234.228069704,1836973709.0,0.9622,0.7927,223.0,53.797040848151944,145.0
Bitcoin,2018-01-22,10931.40039,100.34783203124972,1581.101322343911,1.0,78.0,551.0,113.2,126.6500015258789,11.65999984741211,22.030000686645508,26214.59961,2442.949951171875,11.029999732971191,43.26829528808594,90.40000153,1.2255502939224243,1726.200195,0.8455,354.0,1330.9000244140625,63.49000168,69.02999877929688,9876.271445511726,10537400320.0,574421,27049040.64,2235518465.0,0.955,0.7873,200.0,57.64117713191537,180.0
Bitcoin,2018-01-23,10868.40039,52.846035156249854,1557.301186038096,1.0,78.0,500.0,123.0,127.27999877929688,11.720000267028809,22.34000015258789,26210.81055,2498.669922,11.100000381469728,43.47299575805664,90.12000274658205,1.2256253957748413,1247.899414,0.8247,332.8,1335.699951171875,64.47000122070312,69.95999908447266,9504.017507318926,9660609536.0,547569,26654950.183121305,1903407628.0,0.9487,0.6935,241.0,60.83416603784551,163.0
Bitcoin,2018-01-24,11359.40039,14.224023437500364,1507.6082860309104,1.0,78.0,321.0,92.8,128.8300018310547,13.380000114440918,23.93000030517578,26252.11914,2495.370117,11.470000267028809,43.83975601196289,89.20999908447266,1.2310267686843872,861.6005859,0.818,308.4,1355.9000244140625,65.61000061035156,70.52999877929688,9277.102687997109,9940989952.0,576213,27243321.441919494,2043489449.8201897,0.9427,0.6795,187.0,62.01522648,137.0
Bitcoin,2018-01-25,11259.40039,-84.88998047,1451.943394506381,1.0,77.0,331.0,92.6,127.97000122070312,13.039999961853027,22.350000381469727,26392.78906,2501.669922,11.579999923706056,43.81416320800781,89.38999938964844,1.239111304283142,728.2998047,0.8218,327.8,1362.4000244140625,65.51000213623047,70.41999816894531,9292.584406,8873169920.0,539582,24802466.446975496,2140259555.0,0.9321,0.6833,242.0,58.53942024899552,124.0
Bitcoin,2018-01-26,11171.40039,-229.965957,1432.9760370862823,1.0,79.0,381.0,86.4,128.07000732421875,12.979999542236328,22.290000915527344,26616.71094,2564.419922,11.079999923706056,44.419734954833984,89.06999969482422,1.239234209060669,1186.400391,0.8186,297.0,1351.5999755859375,66.13999938964844,70.51999664,9458.030805565262,9746199552.0,514622,23885798.18,2828780182.0,0.9277,0.6917,242.0,52.451982979416634,153.0
Bitcoin,2018-01-27,11440.7002,-324.7039648,1375.3134769595836,1.0,73.33333333333333,231.0,59.0,127.8300043741862,13.069999694824219,22.43666712443034,26557.634116666668,2568.919922,12.000000000000002,44.19513193766276,89.14999898274739,1.2404252290725708,625.7001953,0.8224,256.4,1347.5499877929688,65.94666544596355,70.16666412149088,9609.304605737068,7583269888.0,541700,23938854.89,1342886809.0,0.9323,0.7494,167.0,47.088227471435864,112.0
Bitcoin,2018-01-28,11786.2998,-376.7659766,1319.905343560685,1.0,67.66666666666667,223.0,57.2,127.59000142415364,13.15999984741211,22.583333333333332,26498.55729333333,2573.419922,12.920000076293945,43.97052892049154,89.22999827067058,1.2416162490844724,565.0,0.8193,236.4,1343.5,65.75333150227864,69.81333160298178,9677.010995,8350360064.0,492739,25365404.76,1946407701.4920104,0.926,0.6884,183.0,43.909611772949944,168.0
Bitcoin,2018-01-29,11296.40039,-448.7999805,1275.369205739386,1.0,62.0,302.0,75.6,127.3499984741211,13.25,22.729999542236328,26439.48047,2577.919922,13.84000015258789,43.74592590332031,89.30999755859375,1.2428072690963743,696.3994141,0.8169,286.4,1339.4500122070312,65.55999755859375,69.45999908447266,9669.075810754432,7107359744.0,532631,22393670.46,1802719596.0,0.9298,0.6534,204.0,41.934828399650534,204.0
Bitcoin,2018-01-30,10106.2998,-524.7680078,1275.0571196151443,1.0,61.0,520.0,101.0,126.8000030517578,13.859999656677246,22.899999618530273,26076.89063,2556.72998,14.789999961853027,43.14889144897461,89.19000244140625,1.2381141185760498,1271.0,0.8108,314.8,1335.4000244140625,64.5,69.01999664,9593.299355636682,8637859840.0,531441,24473743.42,1846238745.0,0.927,0.6589,200.0,39.99087168612018,182.0
Bitcoin,2018-01-31,10221.09961,-534.0880469,1227.1373030354912,1.0,61.0,506.0,99.4,127.6500015258789,12.970000267028809,22.229999542236328,26149.39063,2570.300048828125,13.539999961853027,43.524166107177734,89.12999725341797,1.2409565448760986,604.1796875,0.7845,304.8,1339.0,64.73000336,69.05000305175781,9408.203605,8041160192.0,481101,16505765.23,1604449356.0,0.924,0.677,168.0,40.966225182785536,204.0
Bitcoin,2018-02-01,9170.540039,-576.2672266,1244.9503193365276,1.0,58.0,782.0,156.8,128.07000732421875,12.31999969482422,22.239999771118164,26186.71094,2542.77002,13.470000267028809,42.9356575,88.66999816894531,1.241865873336792,1476.519531,0.7834,398.0,1344.300048828125,65.80000305175781,69.08000183105469,9114.348654,9959400448.0,591551,21564268.93,2614260638.0,0.921,0.6714,233.0,42.73678301688767,278.0
Bitcoin,2018-02-02,8830.75,-663.0942188,1254.1717111473113,1.0,17.0,939.0,208.2,126.38999938964844,13.109999656677246,23.799999237060547,25520.96094,2489.75,17.309999465942383,41.83540344238281,89.19999694824219,1.2510008811950684,1345.790039,0.7654,308.4,1333.699951171875,65.44999694824219,68.58000183105469,8902.344077053727,12726899712.0,551199,20349765.95,2817679982.0,0.9247,0.6651,273.0,42.64150537,190.0
Bitcoin,2018-02-03,9174.910156,-750.5540234,1248.8108830073247,0.9715,17.333333333333332,463.0,106.0,126.49666595458984,13.523333231608074,24.503332773844402,25129.22396,2454.486653666667,23.979999542236328,41.34639994303385,89.31666564941406,1.2488987445831299,1179.120117,0.7524,229.0,1333.4666341145833,65.01666514216146,68.26000213623047,8779.142810517236,7263790080.0,436197,19143008.7,1469365013.0,0.922,0.6781,136.0,41.60141213727397,163.0
Bitcoin,2018-02-04,8277.009766,-838.3518164,1252.7279558170692,0.9606,17.666666666666668,409.0,78.0,126.60333251953125,13.9366668065389,25.206666310628254,24737.48698,2419.223307333333,30.649999618530273,40.8573964436849,89.43333435058594,1.2467966079711914,1303.649902,0.7591,224.4,1333.2333170572917,64.58333333608073,67.94000244140625,8551.624986773984,7073549824.0,396695,20590452.27,1685654408.0,0.9181,0.69,153.0,41.74992233944197,119.0
Bitcoin,2018-02-05,6955.27002,-938.176416,1278.115935256475,0.9755,18.0,990.0,190.2,126.70999908447266,14.350000381469728,25.90999984741211,24345.75,2383.959961,37.31999969482422,40.36839294433594,89.55000305175781,1.244694471359253,1608.159668,0.7429,404.6,1333.0,64.15000153,67.62000274658203,7795.401134661264,9285289984.0,486554,19165215.26,1950770957.0,0.9171,0.6657,199.0,52.652486180691746,196.0
Bitcoin,2018-02-06,7754.0,-1020.627217,1315.567684858691,0.9365,18.0,966.0,203.2,125.37999725341795,13.800000190734863,26.59000015258789,24912.76953,2450.469970703125,29.979999542236328,41.681880950927734,89.58999633789062,1.2367818355560305,1802.44043,0.7018,437.2,1326.0999755859375,63.38999938964844,66.86000061035156,7381.709353754055,13999800320.0,589897,15587109.31,1921193986.0,0.9081,0.6036,313.0,58.17011742,175.0
Bitcoin,2018-02-07,7621.299805,-1069.070205,1312.4785868330705,0.8654,16.0,456.0,119.6,124.79000091552734,13.619999885559082,26.790000915527344,24893.34961,2442.689941,27.729999542236328,40.36839294433594,90.26000213623048,1.238129496574402,1272.320313,0.6768,337.4,1311.5999755859375,61.790000915527344,65.51000213623047,7000.2204484144295,9169280000.0,489403,15016976.0,1651883624.0,0.907,0.6085,226.0,62.963313519841826,190.0
Bitcoin,2018-02-08,8265.589844,-1065.610596,1285.692239670887,0.9137,10.0,388.0,92.6,124.9800033569336,14.850000381469728,29.5,23860.46094,2368.510009765625,33.459999084472656,38.96961594,90.23000336,1.2268133163452148,920.909668,0.6946,322.8,1316.9000244140625,61.150001525878906,64.80999755859375,6792.547954285649,9346750464.0,398608,14093910.23,1760113297.0,0.9015,0.5471,187.0,64.81783520258192,140.0
Bitcoin,2018-02-09,8736.980469,-982.5211816,1254.733544538145,0.9088,10.0,379.0,81.0,124.7699966430664,14.93000030517578,29.850000381469727,24190.90039,2415.629883,29.059999465942383,39.59223937988281,90.44000244140624,1.2260762453079224,852.2705078,0.7061,277.2,1313.0999755859375,59.20000076293945,62.790000915527344,6815.695223576077,6784820224.0,462087,14654771.055634595,1627521235.0,0.9008,0.5321,201.0,61.48878932,155.0
Bitcoin,2018-02-10,8621.900391,-843.0085547,1224.1868683657776,0.9386,11.0,318.0,74.2,124.96999867757162,14.743333498636881,29.706666946411133,24327.690103333334,2425.259928666667,27.90999984741211,39.79978052775065,90.3633346557617,1.2258108059565227,827.0800781,0.7151,232.6,1316.7999674479167,59.230000813802086,62.723333994547524,6735.299823644018,7780960256.0,421548,17003760.5,1017797854.0,0.8914,0.5552,190.0,61.019700728926495,116.0
Bitcoin,2018-02-11,8129.970215,-747.1891699,1186.087827,0.9589,12.0,320.0,75.6,125.17000071207683,14.55666669209798,29.56333351135254,24464.479816666666,2434.889974333333,26.760000228881832,40.00732167561849,90.28666687011719,1.2255453666051228,685.0297852,0.7152,232.2,1320.4999593098958,59.26000086466471,62.65666707356771,6577.898890729693,6122189824.0,368625,16243960.93,725944269.6,0.887,0.493,132.0,62.27729359941917,100.0
Bitcoin,2018-02-12,8926.570313,-644.0657715,1162.5065329635086,0.9527,13.0,323.0,84.2,125.37000274658205,14.369999885559082,29.420000076293945,24601.26953,2444.52002,25.61000061035156,40.21486282348633,90.20999908447266,1.2252799272537231,844.4897461,0.6972,251.4,1324.199951171875,59.290000915527344,62.59000015258789,6532.656562,6256439808.0,437381,18718332.57,1576864627.2117202,0.8746,0.3743,222.0,61.82006392086411,138.0
Bitcoin,2018-02-13,8598.30957,-585.451377,1115.4031784884369,0.9321,10.0,282.0,77.4,126.08000183105467,14.06999969482422,30.38999938964844,24640.44922,2490.040039,24.969999313354492,40.521915435791016,89.69999694824219,1.2303755283355713,503.0595703,0.7135,244.0,1328.0999755859375,59.189998626708984,62.720001220703125,6508.8007940740135,5696719872.0,414750,18275325.07,1266134857.0,0.8762,0.4564,184.0,60.28471422816315,106.0
Bitcoin,2018-02-14,9494.629883,-576.236377,1101.462270649977,0.9683,15.0,267.0,84.8,128.22999572753906,14.970000267028809,27.729999542236328,24893.49023,2553.929931640625,19.260000228881836,41.536888122558594,89.12000274658203,1.235376238822937,918.6201172,0.7202,238.8,1355.5,60.599998474121094,64.36000061035156,6562.903620715043,7909819904.0,450368,20752674.99,1332806623.0,0.8601,0.4484,216.0,57.77644195436178,121.0
Bitcoin,2018-02-15,10166.40039,-585.4803809,1082.7306603580143,0.9499,18.0,292.0,96.6,128.3800048828125,15.029999732971191,27.56999969482422,25200.36914,2609.399902,19.12999916,42.38978958129883,88.58999633789062,1.2467273473739624,839.2197266,0.7242,233.0,1352.0999755859375,61.34000015258789,64.33000183105469,6625.491783411089,9062540288.0,475030,16956455.44,1273384159.0,0.8623,0.4959,183.0,55.63406159121862,163.0
Bitcoin,2018-02-16,10233.90039,-541.5477734,1041.0555629663704,0.9891,18.0,234.0,75.4,127.95999908447266,13.960000038146973,26.969999313354492,25219.38086,2585.820068359375,19.459999084472656,42.25333023071289,89.09999847,1.2503595352172852,499.2792969,0.7546,223.2,1353.199951171875,61.68000030517578,64.83999633789062,6730.116523245411,7296159744.0,422416,20250868.49,1066535212.0,0.8673,0.5274,146.0,52.383933716246986,123.0
Bitcoin,2018-02-17,11112.7002,-512.4331836,1037.4158519955583,1.0,17.75,248.0,72.2,127.52999877929688,13.990000009536743,27.122499465942383,25155.723145,2588.7450562695312,19.744999408721924,42.10833549553467,89.25499915767578,1.2473022143046062,990.0996094,0.7605,185.4,1347.0999755859375,61.73500061035156,64.94249725341797,6832.771324,8660880384.0,401861,20350444.84,862408575.1,0.8574,0.5181,165.0,49.576731302038894,141.0
Bitcoin,2018-02-18,10551.7998,-451.8753906,1036.4432771878398,1.0,17.5,283.0,73.2,127.09999847412108,14.019999980926514,27.274999618530273,25092.065430000002,2591.6700441796875,20.02999973297119,41.963340760356445,89.40999984535156,1.244244893391927,1023.799805,0.7673,191.6,1341.0,61.790000915527344,65.04499816894531,6921.956918892544,8744009728.0,378870,23072914.432625305,893696801.1,0.8574,0.4862,129.0,46.98624877080921,123.0
Bitcoin,2018-02-19,11225.2998,-378.3940039,1016.7401580583512,1.0,17.25,231.0,68.6,126.6699981689453,14.049999952316286,27.427499771118164,25028.407715,2594.5950320898437,20.31500005722046,41.81834602517822,89.56500053302734,1.241187572479248,760.5996094,0.7738,199.4,1334.9000244140625,61.845001220703125,65.14749908447266,6816.581957781142,7652089856.0,436342,23360784.68,1250363981.0,0.8565,0.5431,173.0,50.24173135045218,100.0
Bitcoin,2018-02-20,11403.7002,-310.0220117,996.4873035765048,1.0,17.0,395.0,87.0,126.23999786376952,14.079999923706056,27.579999923706055,24964.75,2597.52002,20.600000381469727,41.67335129,89.72000122070312,1.2398641109466553,726.7001953,0.7687,243.8,1328.800048828125,61.900001525878906,65.25,6708.158536340725,9926540288.0,455117,20908106.06,1499839827.3753598,0.853,0.517,234.0,53.574843482444855,147.0
Bitcoin,2018-02-21,10690.40039,-308.4040039,992.4096669371114,1.0,15.0,448.0,82.8,125.66000366210938,13.829999923706056,26.93000030517578,24797.7793,2605.870117,20.020000457763672,41.63923263549805,90.08000183105467,1.233532428741455,939.4003906,0.7886,215.2,1330.0,61.68000030517578,65.41999816894531,6695.36205,9405339648.0,459676,23304639.099964306,1582027830.0,0.8599,0.5775,180.0,55.05630514759168,124.0
Bitcoin,2018-02-22,10005.0,-341.4540039,1000.0953882719606,1.0,18.0,400.0,82.0,126.3000030517578,13.470000267028809,24.979999542236328,24962.48047,2603.879883,18.719999313354492,41.664817810058594,89.75,1.2281843423843384,1100.009766,0.7714,218.8,1330.5999755859375,62.77000045776367,66.38999938964844,6740.265133726207,8040079872.0,499534,19598925.76,2569053251.0,0.8563,0.6128,174.0,55.005687131532774,96.0
Bitcoin,2018-02-23,10301.09961,-399.4080078,982.4271629936064,1.0,18.0,352.0,63.8,126.13999938964844,11.970000267028809,24.37000084,25309.99023,2649.879883,16.489999771118164,42.40685272216797,89.87999725341797,1.2326656579971311,752.7402344,0.7657,234.6,1328.199951171875,63.54999923706055,67.30999755859375,6760.487700983729,7739500032.0,424503,19432244.56,1752604869.4961998,0.8894,0.6163,159.0,55.44616390679563,120.0
Bitcoin,2018-02-24,9813.070313,-493.1145898,987.2702563,0.9824,18.666666666666668,308.0,62.2,126.24333190917969,11.943333625793457,24.366667430117186,25443.08333,2659.656575666667,16.2599999109904,42.5376345316569,89.85999806722005,1.2313479582468667,1050.230469,0.7636,217.2,1329.0332845052083,63.66999944051107,67.37333170572917,6878.726254610374,6917929984.0,355222,18950033.9,1691425255.6926303,0.8953,0.6614,148.0,54.11583372891302,110.0
Bitcoin,2018-02-25,9664.730469,-605.2899805,953.6195348324972,0.9905,19.333333333333332,270.0,61.8,126.34666442871095,11.916666984558105,24.363334020234372,25576.17643,2669.433268333333,16.03000005086263,42.668416341145836,89.83999888102214,1.2300302584966023,516.1601563,0.762,173.6,1329.8666178385417,63.789999643961586,67.43666585286458,7280.406198875455,5706939904.0,355806,21134989.78,735383768.8,0.8982,0.6281,152.0,47.78367208546729,110.0
Bitcoin,2018-02-26,10366.7002,-641.6739844,955.023106,0.969,20.0,269.0,67.8,126.4499969482422,11.890000343322754,24.36000061035156,25709.26953,2679.209961,15.800000190734863,42.799198150634766,89.81999969482422,1.228712558746338,973.2695313,0.7541,228.8,1330.699951171875,63.90999984741211,67.5,7545.510857082536,7287690240.0,435990,18189790.7,1085982485.0,0.894,0.6615,204.0,44.36634199,108.0
Bitcoin,2018-02-27,10725.59961,-626.6439844,931.9786263351632,0.9628,17.0,268.0,58.6,125.12999725341795,11.760000228881836,25.290000915527344,25410.0293,2636.090087890625,18.59000015258789,41.55393981933594,90.36000061035156,1.2315573692321775,632.4003906,0.7678,232.0,1315.5,63.00999832,66.62999725341797,7881.714164575766,6966179840.0,494788,21628887.786983397,1471584180.0,0.8957,0.6649,177.0,39.99309597456532,94.0
Bitcoin,2018-02-28,10397.90039,-604.6319727,915.1730241192588,0.9874,15.0,240.0,61.0,125.0,11.739999771118164,26.920000076293945,25029.19922,2624.580078,19.850000381469727,40.95690918,90.61000061035156,1.2230321168899536,696.7001953,0.7729,262.2,1315.5,61.63999938964844,65.77999877929688,8116.608683,6936189952.0,469401,21634661.22,2141873923.0,0.8955,0.6243,176.0,36.98860888747282,99.0
Bitcoin,2018-03-01,10951.0,-532.749375,899.7749230660975,0.9966,8.0,247.0,59.2,124.72000122070312,12.06999969482422,26.979999542236328,24608.98047,2582.629883,22.469999313354492,40.8801384,90.31999969482422,1.2191256284713743,699.5996094,0.7755,294.0,1302.9000244140625,60.99000168,65.70999908447266,8268.571068598962,7317279744.0,514905,23098876.8,2017041860.0,0.9097,0.5879,245.0,35.76237837339041,107.0
Bitcoin,2018-03-02,11086.40039,-421.8919727,859.7124565,0.9805,10.0,280.0,61.8,125.38999938964844,11.970000267028809,26.149999618530273,24538.06055,2614.959961,19.59000015258789,41.050724029541016,89.94000244140625,1.2270842790603638,338.9003906,0.7734,290.0,1321.0999755859375,61.25,64.37000274658203,8469.152266723748,7620590080.0,524247,22178930.82,1313477098.0,0.8902,0.6029,237.0,33.81206897756195,111.0
Bitcoin,2018-03-03,11489.7002,-349.4919727,835.8615527649005,0.9996,11.333333333333334,275.0,69.2,125.31999969482422,11.943333625793457,26.1999994913737,24650.29362333333,2631.236653666667,19.303333282470703,41.07062530517578,89.98666890462239,1.2285702625910442,525.7998047,0.7839,209.4,1320.0999755859375,61.68999989827474,64.76000213623047,8829.793741799022,6690570240.0,416967,26214536.426854204,1044510356.0,0.8868,0.5754,183.0,29.544702354582515,101.0
Bitcoin,2018-03-04,11512.59961,-317.5539844,803.0500132816933,0.9992,12.666666666666666,210.0,58.6,125.25,11.916666984558105,26.24999936421712,24762.526696666668,2647.513346333333,19.016666412353516,41.09052658081055,90.03333536783853,1.2300562461217244,376.5,0.7811,203.4,1319.0999755859375,62.12999979654948,65.1500015258789,9030.127181213713,6084149760.0,383192,21193664.65,1038040068.0,0.877,0.57,187.0,27.826175511986296,115.0
Bitcoin,2018-03-05,11573.2998,-277.5779883,764.2749565294295,1.0,14.0,285.0,58.2,125.18000030517578,11.890000343322754,26.299999237060547,24874.75977,2663.790039,18.729999542236328,41.11042785644531,90.08000183105467,1.2315422296524048,260.1992188,0.7831,220.6,1318.0999755859375,62.56999969482422,65.54000091552734,9388.917182,6468539904.0,457317,21974887.33,1573034811.0,0.8816,0.6097,236.0,23.488335570219544,140.0
Bitcoin,2018-03-06,10779.90039,-257.9299805,772.4696025,1.0,26.0,342.0,71.0,126.52999877929688,12.329999923706056,25.549999237060547,24884.11914,2692.719970703125,18.36000061035156,41.494239807128906,89.62000274658203,1.2336541414260864,805.7998047,0.7883,269.8,1333.5999755859375,62.599998474121094,65.79000091552734,9568.168065,6832169984.0,453774,21958387.16,1313036217.0,0.8968,0.6269,226.0,21.198517575005667,136.0
Bitcoin,2018-03-07,9965.570313,-242.0405859,805.6774796573907,1.0,23.0,454.0,101.4,125.72000122070312,12.369999885559082,26.940000534057617,24801.35938,2711.530029296875,17.760000228881836,41.536888122558594,89.63999938964844,1.2416653633117676,1237.379883,0.7731,269.8,1326.0,61.150001525878906,64.33999633789062,9535.980959,8797910016.0,474917,21157511.25,1632297969.0,0.8947,0.6073,267.0,21.632651521840764,100.0
Bitcoin,2018-03-08,9395.009766,-228.0943945,806.0955363559699,0.9721,25.0,533.0,113.0,125.41999816894533,11.56999969482422,26.15999984741211,24895.21094,2697.120117,16.540000915527344,41.545413970947266,90.12000274658205,1.2414649724960327,811.5302734,0.7594,273.6,1319.9000244140625,60.119998931884766,63.61000061035156,9375.747946280606,7186089984.0,439934,20427544.55,1400448402.0,0.8858,0.6384,221.0,23.939106330516015,147.0
Bitcoin,2018-03-09,9337.549805,-213.8893945,816.611522,0.9396,44.0,706.0,132.8,125.54000091552734,10.93999958,26.229999542236328,25335.74023,2752.530029296875,14.640000343322754,42.43244934082031,90.08999633789062,1.2306632995605469,953.3193359,0.7365,250.4,1322.4000244140625,62.040000915527344,65.48999786376953,9184.948913079072,8704190464.0,487167,16855150.38,1845969389.0662796,0.8679,0.6418,230.0,26.072553576000956,149.0
Bitcoin,2018-03-10,8866.0,-224.7433984,808.4857408901604,0.9134,42.666666666666664,334.0,72.4,125.54000091552734,10.963333129627278,25.49333318074544,25283.36328,2758.530029296875,15.020000139872232,42.4665641784668,90.02666473526041,1.2307339509328206,702.8505859,0.7196,223.8,1321.4000244140625,61.813334147135414,65.30999755859375,8914.681728112266,5386319872.0,354483,16539689.1,1007063309.0,0.8741,0.6608,157.0,29.83232397579968,104.0
Bitcoin,2018-03-11,9578.629883,-230.3568164,829.6488687730061,0.9084,41.333333333333336,365.0,86.2,125.54000091552734,10.986666679254558,24.75666681925456,25230.98633,2764.530029296875,15.399999936421713,42.50067901611328,89.96333313263021,1.2308046023050945,1104.769531,0.7277,199.6,1320.4000244140625,61.58666737874349,65.12999725341797,8825.117003961925,6296370176.0,349041,18210037.11,990148653.7,0.8685,0.6612,170.0,30.207732601297803,86.0
Bitcoin,2018-03-12,9205.120117,-247.7578125,840.4646861820771,0.8846,40.0,363.0,82.2,125.54000091552734,11.010000228881836,24.020000457763672,25178.60938,2770.530029296875,15.779999732971191,42.534793853759766,89.90000153,1.2308752536773682,981.0703125,0.735,216.6,1319.4000244140625,61.36000061035156,64.94999694824219,8705.188527171736,6457399808.0,426765,19331971.31,1128481461.0,0.8717,0.6633,161.0,30.725035851810713,89.0
Bitcoin,2018-03-13,9194.849609,-246.6170312,817.0164552494288,0.9128,36.0,404.0,73.8,125.77999877929688,10.699999809265137,25.5,25007.0293,2719.47998,16.350000381469727,42.150978088378906,89.66000366210938,1.2339584827423096,512.1894531,0.7255,244.6,1325.9000244140625,60.709999084472656,64.63999938964844,8573.64639,5991139840.0,419995,18857575.59,1429321788.0,0.8497,0.6198,171.0,32.06194200152599,98.0
Bitcoin,2018-03-14,8269.80957,-255.8418359,850.6052631333981,0.8948,29.0,528.0,103.6,125.6999969482422,10.40999984741211,25.209999084472656,24758.11914,2752.199951171875,17.229999542236328,42.219215393066406,89.69999694824219,1.239234209060669,1287.259766,0.7057,249.6,1324.4000244140625,60.959999084472656,64.88999938964844,8281.462843441694,6438230016.0,418369,16628207.73,1315191653.0,0.8513,0.5774,181.0,36.394979006368125,110.0
Bitcoin,2018-03-15,8300.860352,-262.1846289,835.9405875301197,0.8926,21.0,620.0,108.0,124.9000015258789,10.399999618530272,25.06999969482422,24873.66016,2753.810059,16.59000015258789,42.06568527,90.13999938964844,1.2375624179840088,645.2998047,0.6894,256.2,1316.800048828125,61.189998626708984,65.12000274658203,8020.666358800476,6834429952.0,459150,14891789.56,1197812277.0,0.8461,0.5432,157.0,39.96619362095045,112.0
Bitcoin,2018-03-16,8338.349609,-254.1942383,817.6477121373433,0.8481,19.0,461.0,94.0,124.5999984741211,9.880000114440918,24.530000686645508,24946.50977,2743.610107421875,15.800000190734863,41.971866607666016,90.23000336,1.2309207916259766,579.840332,0.6766,238.8,1311.300048828125,62.34000015258789,66.20999908447266,7816.982733368344,5289379840.0,457061,16433524.33,956584957.0023532,0.8413,0.5412,164.0,42.87438736705907,90.0
Bitcoin,2018-03-17,7916.879883,-271.3850586,797.3664790717295,0.8481,17.333333333333332,405.0,87.8,124.68999989827475,10.25,24.780000686645508,24834.643233333332,2717.0934246145835,16.8733336130778,41.821188608805336,90.12000275,1.2299734751383464,533.7104492,0.6698,185.8,1313.1333821614583,62.2466672261556,66.1566670735677,7554.005019408437,4426149888.0,352699,15253956.576836502,709540062.3,0.818,0.5093,157.0,46.81492955512716,82.0
Bitcoin,2018-03-18,8223.679688,-300.9944531,800.9488399416059,0.8509,15.666666666666666,596.0,132.0,124.78000132242839,10.619999885559082,25.030000686645508,24722.776696666668,2690.5767418072915,17.946667035420734,41.670510609944664,90.01000214,1.229026158650716,847.5195313,0.6691,233.2,1314.9667154947917,62.153334299723305,66.10333506266277,7353.3530341015985,6639190016.0,382258,14858429.98,817452712.5,0.812,0.5553,223.0,49.24603166349728,97.0
Bitcoin,2018-03-19,8630.650391,-312.135625,778.9860810060447,0.825,14.0,392.0,85.2,124.87000274658205,10.989999771118164,25.280000686645508,24610.91016,2664.060059,19.020000457763672,41.519832611083984,89.90000153,1.228078842163086,493.4702148,0.6605,282.0,1316.800048828125,62.060001373291016,66.05000305175781,7244.259848319356,6729110016.0,421648,16605902.4,1122451343.0,0.8066,0.5324,184.0,49.87060286,106.0
Bitcoin,2018-03-20,8913.469727,-298.6234375,770.5677811350772,0.8378,16.0,406.0,78.0,124.30999755859376,11.010000228881836,25.299999237060547,24727.26953,2653.709961,18.200000762939453,41.98040008544922,90.37000274658205,1.233684539794922,661.1298828,0.6732,256.6,1311.0999755859375,63.400001525878906,67.41999816894531,7175.2388675563925,6361789952.0,423963,14186967.874644002,995164628.4,0.8055,0.5331,157.0,50.14850934393302,96.0
Bitcoin,2018-03-21,8929.280273,-263.7428125,739.1729424156074,0.8518,16.0,311.0,61.6,126.4800033569336,10.90999984741211,25.950000762939453,24682.31055,2652.320068359375,17.860000610351562,42.22773742675781,89.77999877929688,1.2251899242401123,331.0400391,0.676,252.8,1320.699951171875,65.16999816894531,69.47000122070312,7144.946621144378,6043129856.0,424456,17547837.79,1045367812.0,0.7965,0.4691,170.0,49.189240585988934,69.0
Bitcoin,2018-03-22,8728.469727,-228.505,724.6469872653854,0.8653,11.0,300.0,59.4,125.9800033569336,11.239999771118164,26.469999313354492,23957.89063,2562.510009765625,23.34000015258789,40.820430755615234,89.86000061035156,1.234766125679016,535.8095703,0.6799,241.8,1326.5999755859375,64.30000305175781,68.91000366210938,7128.622871791648,5530390016.0,418188,15970290.91,990650088.6,0.7969,0.4729,149.0,47.63804200161775,81.0
Bitcoin,2018-03-23,8879.620117,-169.9829883,709.9579167464293,0.8621,7.0,325.0,61.0,127.61000061035156,13.460000038146973,27.559999465942383,23533.19922,2499.800048828125,24.87000084,39.993106842041016,89.44000244140625,1.2324985265731812,519.0,0.6731,225.8,1349.300048828125,65.87999725341797,70.44999694824219,7217.975702804989,5954120192.0,430897,14416156.91,942170172.5,0.7985,0.481,146.0,43.546301037167645,91.0
Bitcoin,2018-03-24,8668.120117,-110.1225977,682.852315,0.8521,7.333333333333333,238.0,53.0,127.83333333333333,13.289999961853027,27.60999933878581,23756.332683333334,2528.9600423177085,23.590000788881834,40.42524846394857,89.30333455403645,1.2334781090418498,330.4794922,0.6681,212.6,1351.0000406901042,65.76999918619792,70.33999888102214,7360.563174347849,5664600064.0,360667,17932503.48,623816402.0,0.7881,0.4438,174.0,37.95793284571266,80.0
Bitcoin,2018-03-25,8495.780273,-76.04658203,650.7135893677757,0.8523,7.666666666666667,237.0,56.6,128.0566660563151,13.119999885559082,27.65999921162923,23979.466146666666,2558.1200358072915,22.310000737763673,40.85739008585612,89.16666666666667,1.2344576915105183,232.9101563,0.668,208.4,1352.7000325520833,65.66000111897786,70.23000081380208,7623.616479090131,4569880064.0,318933,14782031.28,901137748.5,0.796,0.4674,162.0,29.27513311650181,71.0
Bitcoin,2018-03-26,8209.400391,-53.85837891,647.7090402946311,0.8426,8.0,476.0,83.4,128.27999877929688,12.949999809265137,27.709999084472656,24202.59961,2587.280029296875,21.030000686645508,41.28953170776367,89.02999877929688,1.235437273979187,608.6499023,0.666,233.0,1354.4000244140625,65.55000305175781,70.12000274658203,7771.241784057201,5921039872.0,416732,15836955.24,1020516865.0,0.7983,0.4925,198.0,23.428121194826872,72.0
Bitcoin,2018-03-27,7833.040039,-6.450380859,632.5512865793896,0.8323,6.0,493.0,89.6,127.48999786376952,12.220000267028809,27.37999916,23857.71094,2441.5,22.5,40.53897476196289,89.37000274658203,1.2457488775253296,435.5004883,0.6583,223.4,1341.300048828125,65.25,70.11000061035156,7728.765241262963,5378250240.0,414091,15343941.65,947745397.4,0.7979,0.5166,171.0,22.239959060959453,96.0
Bitcoin,2018-03-28,7954.47998,3.377617187499709,609.7776385982725,0.8172,7.0,444.0,82.0,125.7300033569336,11.739999771118164,26.670000076293945,23848.41992,2382.889892578125,22.87000084,40.33427429199219,90.05999755859375,1.240787148475647,313.7202148,0.6412,204.4,1324.199951171875,64.37999725341797,69.52999877929688,7661.227242476199,4935289856.0,395196,13721935.62,854240309.4459479,0.792,0.5153,180.0,22.321614025384587,83.0
Bitcoin,2018-03-29,7165.700195,-2.481777344,631.4328212207173,0.7987,8.0,699.0,130.2,125.79000091552734,11.06000042,25.06999969482422,24103.10938,2442.780029296875,19.969999313354492,41.17866134643555,90.15000153,1.2310267686843872,912.9501953,0.6391,232.6,1322.800048828125,64.94000244140625,70.26999664,7418.557444631772,6361229824.0,428778,14889676.77,1120831367.0,0.7881,0.5039,204.0,25.755442201085415,99.0
Bitcoin,2018-03-30,6890.52002,-16.40057617,628.6683325955768,0.8012,7.75,670.0,136.0,126.15750122070312,11.51000022916931,25.68499994277954,23988.3793975,2422.1925048828125,20.88249969501587,40.9931526184082,90.12500191043945,1.2302846908569336,592.7299805,0.626,213.6,1327.6250305175781,64.4575014110547,69.61249732741211,7125.353485,6289509888.0,449630,14139824.009598495,1222424227.0,0.787,0.5078,178.0,30.678007383624745,116.0
Bitcoin,2018-03-31,6973.529785,-50.31740234,608.3584573,0.7563,7.5,419.0,96.0,126.5250015258789,11.960000038338624,26.300000190734863,23873.649415,2401.60498046875,21.795000076677244,40.80764389038086,90.1000022908789,1.2306634187698364,344.3300781,0.5945,210.8,1332.4500122070312,63.97500038070313,68.95499801482421,6965.125872542263,4553269760.0,332753,11496221.15,559075148.8,0.7888,0.4965,165.0,31.88370235388312,69.0
Bitcoin,2018-04-01,6844.22998,-103.4262109,603.0528587654464,0.739,7.25,466.0,91.2,126.8925018310547,12.409999847507935,26.915000438690186,23758.919432500003,2381.0174560546875,22.70750045833862,40.622135162353516,90.07500267131836,1.2310421466827393,534.0800781,0.6027,195.8,1337.2749938964844,63.492499350351565,68.29749870223633,6776.618399313911,4532100096.0,316429,13925230.16,580329069.0,0.7878,0.4847,169.0,34.069820195288194,74.0
Bitcoin,2018-04-02,7083.799805,-128.3592187,582.7555214763967,0.7424,7.0,429.0,97.0,127.26000213623048,12.859999656677246,27.530000686645508,23644.18945,2360.429931640625,23.62000084,40.43662643432617,90.05000305175781,1.231420874595642,318.8901367,0.5926,199.6,1342.0999755859375,63.00999832,67.63999938964844,6678.387413845644,4333440000.0,377674,13937108.19,768333587.0,0.7719,0.4657,214.0,34.33423666339772,79.0
Bitcoin,2018-04-03,7456.109863,-148.6564355,573.8765347303148,0.734,9.0,411.0,94.6,126.3000030517578,11.800000190734863,26.88999938964844,24033.35938,2381.639892578125,21.100000381469727,40.83749771118164,90.1999969482422,1.229271411895752,458.449707,0.5962,199.0,1332.800048828125,63.50999832,68.12000274658203,6616.792507528612,5499700224.0,435411,15280200.99,979510265.3,0.7598,0.4405,218.0,35.02970066705357,79.0
Bitcoin,2018-04-04,6853.839844,-156.0444336,580.4567822,0.7451,11.0,454.0,79.8,126.4499969482422,12.0,26.170000076293945,24264.30078,2419.47998,20.059999465942383,40.85455703735352,90.13999938964844,1.2278525829315186,666.0,0.601,198.4,1335.800048828125,63.369998931884766,68.01999664,6462.721695931764,4936000000.0,432978,13317444.65,788206668.2,0.7582,0.4484,161.0,37.404506216548654,80.0
Bitcoin,2018-04-05,6811.470215,-174.4386133,559.6398706268403,0.7641,13.0,475.0,80.8,125.8000030517578,11.550000190734863,24.37999916,24505.2207,2455.560059,18.940000534057617,40.95690918,90.45999908447266,1.228682279586792,289.0200195,0.5836,263.2,1324.300048828125,63.540000915527344,68.33000183105469,6318.822509083396,5639320064.0,398398,13335649.459602302,757321484.5,0.7517,0.3804,183.0,39.48331184664271,74.0
Bitcoin,2018-04-06,6636.319824,-209.4868164,539.8434680374231,0.7269,9.0,471.0,89.6,126.38999938964844,11.949999809265137,24.989999771118164,23932.75977,2397.169922,21.489999771118164,40.15516662597656,90.11000061035156,1.2251598834991455,282.4902344,0.5617,298.0,1331.9000244140625,62.060001373291016,67.11000061035156,6164.4069708729185,3766810112.0,471571,11856536.272856498,720018556.3136889,0.7438,0.3558,136.0,42.12197818,59.0
Bitcoin,2018-04-07,6911.089844,-255.0196191,531.2853827088572,0.7261,10.0,344.0,71.2,126.53333282470703,12.09666665395101,25.206666310628258,23948.206383333334,2399.6599121927084,21.583333333333332,40.16938018798828,90.01999918619792,1.2258214155832927,420.0302734,0.5684,207.0,1333.36669921875,62.51333363850912,67.62333425023438,6065.768453317327,3976610048.0,331189,15810472.73,653582260.4,0.7268,0.3647,173.0,43.33154936,79.0
Bitcoin,2018-04-08,7023.52002,-307.3940137,507.6557278613496,0.7134,11.0,265.0,62.0,126.67666625976562,12.243333498636881,25.423332850138348,23963.652996666668,2402.1499023854167,21.676666895548504,40.18359375,89.92999776204427,1.2264829476674397,191.5800781,0.5684,211.8,1334.8333740234375,62.96666590372721,68.13666789011718,6009.304234857457,3652499968.0,311300,14381384.26,563967121.1,0.7309,0.3539,191.0,43.16236334377043,64.0
Bitcoin,2018-04-09,6770.72998,-348.1260156,508.2602922216996,0.7276,12.0,372.0,76.2,126.81999969482422,12.390000343322754,25.63999938964844,23979.09961,2404.639892578125,21.770000457763672,40.19780731201172,89.83999633789062,1.227144479751587,516.1196289,0.5685,238.6,1336.300048828125,63.41999816894531,68.65000153,5963.575883519443,4894060032.0,384890,12870549.03,787438242.3,0.7306,0.3759,217.0,42.14893166789798,75.0
Bitcoin,2018-04-10,6834.759766,-382.273623,483.97457519916753,0.7326,14.0,359.0,84.0,127.12000274658205,12.779999732971191,28.049999237060547,24408.0,2492.010009765625,20.469999313354492,40.98248291015625,89.58999633789062,1.2322403192520142,168.2602539,0.5723,218.0,1342.0,65.51000213623047,71.04000091552734,5961.726189349838,4272750080.0,414049,14212196.96,812498863.2,0.731,0.4104,214.0,39.98000334724324,76.0
Bitcoin,2018-04-11,6968.319824,-400.3796191,460.1713898612806,0.7152,18.0,309.0,80.2,128.11000061035156,14.359999656677246,29.420000076293945,24189.44922,2482.669922,20.239999771118164,40.99955368041992,89.56999969482422,1.2363078594207764,150.7299805,0.5603,223.4,1356.5,66.81999969482422,72.05999755859375,5981.915414684441,4641889792.0,399073,14153735.414325798,944639313.6,0.7237,0.353,189.0,37.519013913761725,93.0
Bitcoin,2018-04-12,7889.25,-389.946416,505.35344878859985,0.718,22.0,447.0,118.6,126.62000274658205,12.880000114440918,28.729999542236328,24483.05078,2496.010009765625,18.489999771118164,40.98248291015625,89.75,1.2371643781661987,1092.720215,0.5692,245.2,1338.4000244140625,67.06999969482422,72.01999664,6091.555447969826,8906250240.0,442158,14467514.39,1355733107.0,0.735,0.3554,273.0,33.42070248213386,116.0
Bitcoin,2018-04-13,7895.959961,-350.3436133,499.6160442,0.7235,23.0,402.0,89.2,127.4499969482422,13.359999656677246,28.520000457763672,24360.14063,2488.02002,17.40999984741211,40.573097229003906,89.80000305175781,1.2329696416854858,425.0297852,0.587,201.2,1344.800048828125,67.38999938964844,72.58000183105469,6184.8673207172915,7764460032.0,503406,16743292.656007802,1154400879.0,0.7523,0.3376,231.0,29.97144469787448,75.0
Bitcoin,2018-04-14,7986.240234,-321.0194043,484.9798954358654,0.7721,23.666666666666668,221.0,56.4,127.50999704996745,13.383333206176758,28.626667022705078,24431.106773333333,2487.8099775260416,17.1266663869222,40.590155283610024,89.67666880289714,1.2330659627914429,294.7099609,0.5998,182.0,1345.7000325520833,67.0,72.19333394368489,6255.067804224636,5191430144.0,363643,13886865.89,516931824.8,0.7622,0.365,185.0,27.437253113309247,64.0
Bitcoin,2018-04-15,8329.110352,-262.8878027,475.4941662975893,0.7705,24.333333333333332,251.0,57.6,127.5699971516927,13.406666755676268,28.733333587646484,24502.072916666668,2487.5999350520833,16.843332926432293,40.60721333821615,89.55333455403645,1.2331622838974,339.0898438,0.6097,188.2,1346.6000162760417,66.61000061035156,71.80666605631511,6236.873244352135,5244480000.0,408545,17099064.22,557096715.8,0.7602,0.3765,163.0,28.08113994970573,78.0
Bitcoin,2018-04-16,8058.669922,-206.3014062,473.3460408589222,0.7725,25.0,260.0,59.4,127.62999725341795,13.43000030517578,28.84000015258789,24573.03906,2487.389892578125,16.559999465942383,40.624271392822266,89.43000030517578,1.233258605003357,445.4204102,0.6039,240.0,1347.5,66.22000122070312,71.41999816894531,6218.267252456135,5631309824.0,433712,14466032.42,874622524.4,0.7582,0.3513,157.0,28.86011222761744,80.0
Bitcoin,2018-04-17,7902.089844,-199.5706055,468.4098769471242,0.7862,28.0,294.0,61.2,127.75,13.06999969482422,27.87999916,24786.63086,2580.360107421875,15.25,40.70955657958984,89.51999664,1.2385127544403076,404.2397461,0.6064,253.2,1347.199951171875,66.51999664,71.58000183105469,6222.290774726625,6900879872.0,451453,16690427.12,933802321.6,0.7633,0.3594,214.0,28.68762307541412,104.0
Bitcoin,2018-04-18,8163.419922,-208.6333984,457.22274566965103,0.7697,32.0,279.0,67.4,127.8499984741211,13.460000038146973,29.420000076293945,24748.07031,2587.100098,15.600000381469728,41.05924987792969,89.62000274658203,1.237317442893982,311.7900391,0.6041,219.0,1351.199951171875,68.47000122070312,73.48000336,6202.616080878175,6529909760.0,451617,16302064.27,826568991.0,0.7655,0.3717,213.0,30.394045209797262,76.0
Bitcoin,2018-04-19,8294.30957,-204.4080273,435.9861670169081,0.7596,32.0,284.0,71.8,127.5999984741211,12.880000114440918,29.36000061035156,24664.89063,2584.100098,15.960000038146973,40.820430755615234,89.94000244140625,1.237914800643921,159.9106445,0.6177,229.6,1346.800048828125,68.29000091552734,73.77999877929688,6212.993157282429,7063209984.0,499810,18490345.76,1375773424.0,0.7645,0.4518,226.0,31.725124245458822,120.0
Bitcoin,2018-04-20,8845.830078,-216.8322266,450.25075720766466,0.7707,38.0,345.0,84.4,126.62999725341795,12.140000343322754,28.989999771118164,24462.93945,2544.320068359375,16.87999916,40.30868911743164,90.31999969482422,1.2345526218414309,635.6904297,0.614,198.8,1336.699951171875,68.37999725341797,74.05999755859375,6162.494025,8438110208.0,509923,14670398.22,1105686984.0,0.7659,0.4524,195.0,35.18233772801151,158.0
Bitcoin,2018-04-21,8895.580078,-228.5274219,442.7628403981886,0.7736,38.666666666666664,240.0,59.6,126.29333241780598,12.136666933695475,28.983332951863606,24458.18945,2532.9200845729165,16.69999949086263,40.20065180460612,90.52666727701822,1.2321484883626304,345.4199219,0.6271,207.2,1331.9666341145833,68.46666463216145,74.27666473388672,6162.788575619246,7548550144.0,437088,18417858.11,995169153.7,0.7709,0.4588,150.0,37.4046159,88.0
Bitcoin,2018-04-22,8802.459961,-232.9800195,426.9961587179608,0.7971,39.333333333333336,209.0,56.0,125.95666758219402,12.133333524068197,28.97666613260905,24453.43945,2521.5201007864584,16.51999982172526,40.0926144917806,90.73333485921223,1.2297443548838298,222.0292969,0.6381,223.2,1327.2333170572917,68.55333201090495,74.49333190917969,6173.233354424256,6629899776.0,396698,18212921.62,674296002.6,0.779,0.4829,171.0,38.954661683314114,144.0
Bitcoin,2018-04-23,8930.879883,-233.3708203,408.6207355506065,0.7956,40.0,233.0,55.6,125.62000274658205,12.130000114440918,28.969999313354492,24448.68945,2510.120117,16.34000015258789,39.98457717895508,90.94000244140624,1.2273402214050293,169.7402344,0.6345,256.8,1322.5,68.63999938964844,74.70999908447266,6153.099530587931,6925190144.0,488406,17276582.74,1170233453.0,0.7822,0.4613,232.0,41.00913341567544,164.0
Bitcoin,2018-04-24,9697.5,-228.815,436.9178453996704,0.7903,32.0,307.0,89.4,126.2300033569336,12.239999771118164,29.149999618530273,24024.13086,2452.899902,18.020000457763672,39.79693984985352,90.76999664,1.22089684,804.7802734,0.6378,275.0,1331.4000244140625,67.69999694824219,73.86000061035156,6136.7849343118305,10678800384.0,548252,19313819.55,1754372890.0,0.7876,0.4493,212.0,44.29097643361813,177.0
Bitcoin,2018-04-25,8845.740234,-225.3948047,473.24374706755106,0.7935,38.0,340.0,81.4,125.41000366210938,11.970000267028809,28.15999984741211,24083.83008,2436.179931640625,17.84000015258789,39.48988723754883,91.16999816894533,1.2241400480270386,945.4804688,0.6367,213.4,1321.199951171875,68.05000305175781,74.0,6263.057158779833,11083100160.0,476860,15079053.777724398,1690055329.0,0.8069,0.4695,189.0,43.11153880278932,99.0
Bitcoin,2018-04-26,9281.509766,-195.2596094,479.04204526808314,0.8213,42.0,281.0,56.8,124.97000122070312,11.489999771118164,26.86000061035156,24322.33984,2510.719970703125,16.239999771118164,40.06135177612305,91.55999755859376,1.2171669006347656,554.4199219,0.6424,208.6,1316.300048828125,68.19000244140625,74.73999786376953,6423.615761574695,8970559488.0,482589,16228099.34,1356669104.2504802,0.8159,0.476,185.0,41.71168126362515,95.0
Bitcoin,2018-04-27,8987.049805,-149.6740039,472.5690364542915,0.7849,40.0,192.0,56.8,125.5,10.989999771118164,25.59000015258789,24311.18945,2528.780029296875,15.40999984741211,40.30868911743164,91.54000091552734,1.2109616994857788,388.4199219,0.6447,202.0,1320.300048828125,68.09999847,74.63999938964844,6582.055377165544,7566289920.0,502992,16863598.91,1274803528.0,0.8274,0.5138,162.0,39.85552059867259,107.0
Bitcoin,2018-04-28,9348.480469,-97.82099609,473.1069345200564,0.8002,40.666666666666664,168.0,46.2,125.19666544596355,11.043333053588867,26.486666997273762,24261.843096666667,2531.356689453125,15.583333333333332,40.2120246887207,91.63999938964844,1.2114020586013794,480.0996094,0.6389,174.6,1318.933349609375,68.25666554494141,74.81666564941406,6724.70824,7805479936.0,429929,15653776.38,1663576173.0,0.8199,0.5146,171.0,38.66626623425549,109.0
Bitcoin,2018-04-29,9419.080078,-49.24339844,463.4407444,0.7855,41.333333333333336,161.0,48.4,124.89333089192708,11.096666336059569,27.383333841959637,24212.496743333333,2533.933349609375,15.756666819254557,40.115360260009766,91.73999786376953,1.21184241771698,337.7802734,0.6467,153.0,1317.566650390625,68.41333261988281,74.99333190917969,6961.637307642047,8853000192.0,415427,19062958.95,1043832708.0,0.8161,0.5101,152.0,35.59353264476753,99.0
Bitcoin,2018-04-30,9240.549805,-17.32179688,452.5042682771787,0.7984,42.0,219.0,56.2,124.58999633789062,11.149999618530272,28.280000686645508,24163.15039,2536.510009765625,15.93000030517578,40.01869583129883,91.83999633789062,1.2122827768325806,310.3300781,0.6483,181.4,1316.199951171875,68.56999969482422,75.16999816894531,7247.912547677941,8673920000.0,480943,18355130.6,1039280677.0,0.8169,0.5178,173.0,31.23001732503139,95.0
Bitcoin,2018-05-01,9119.009766,-5.362792969,446.2418261234516,0.7981,38.0,235.0,47.2,123.70999908447266,11.880000114440918,28.06999969482422,24099.05078,2564.209961,15.489999771118164,39.822532653808594,92.4499969482422,1.2081234455108645,364.8300781,0.6496,172.6,1303.800048828125,67.25,75.16999816894531,7563.804569080793,7713019904.0,490969,18261853.15,852143458.9677159,0.8125,0.5606,148.0,26.052175094559388,91.0
Bitcoin,2018-05-02,9235.919922,3.6178124999996726,431.6088301726694,0.7885,39.0,232.0,46.0,123.6500015258789,11.640000343322754,27.31999969482422,23924.98047,2575.600098,15.970000267028809,39.50695037841797,92.51000213623048,1.1991558074951172,241.3798828,0.6297,212.0,1302.5999755859375,67.93000030517578,73.36000061035156,7671.741105404622,7558159872.0,468951,16550285.127518302,1356043112.0,0.7939,0.5114,162.0,24.92542629702132,104.0
Bitcoin,2018-05-03,9743.860352,32.880214843750764,444.36389141033584,0.7794,32.0,219.0,63.8,124.27999877929688,11.460000038146973,26.690000534057617,23930.15039,2570.22998,15.899999618530272,39.42165756225586,92.41000366210938,1.195100188,610.1796875,0.6383,254.2,1310.699951171875,68.43000030517578,73.62000274658203,7760.844267,10207299584.0,501840,18065019.76,1292845454.0,0.7911,0.536,168.0,24.7397278,133.0
Bitcoin,2018-05-04,9700.759766,49.81660156250018,426.4264873363833,0.7828,40.0,190.0,58.4,124.54000091552734,10.989999771118164,26.170000076293945,24262.50977,2625.310059,14.770000457763672,39.60076904296875,92.56999969482422,1.1989257335662842,193.2402344,0.6366,191.2,1312.699951171875,69.72000122070312,74.87000274658203,7864.154377,8217829888.0,513488,17306276.97,1424167445.0,0.7775,0.518,125.0,24.10926401811226,92.0
Bitcoin,2018-05-05,9858.150391,86.97421874999964,415.20887272753447,0.8031,40.333333333333336,180.0,54.8,124.5500005086263,11.09999974568685,27.066666920979817,24294.113283333332,2640.6700035260415,14.763333638509115,39.52400461832682,92.62999979654948,1.1977838675181072,269.3798828,0.6524,174.4,1312.5332845052083,70.05666860046875,75.30333455403645,7908.925055878148,7651939840.0,450118,20833828.14,1032424172.0,0.783,0.5399,132.0,24.60746682723234,98.0
Bitcoin,2018-05-06,9654.799805,123.45482421874932,419.47178527824633,0.7987,40.666666666666664,228.0,46.6,124.56000010172527,11.209999720255535,27.963333765665688,24325.716796666668,2656.0299480520835,14.756666819254557,39.4472401936849,92.68999989827473,1.19664200146993,474.8896484,0.6452,205.4,1312.3666178385417,70.39333598023437,75.73666636149089,8048.364149146101,7222280192.0,386315,16838802.17,990555813.2,0.7786,0.5428,118.0,23.080777147446195,86.0
Bitcoin,2018-05-07,9373.009766,145.62001953125036,420.53232461105017,0.8004,41.0,273.0,50.6,124.56999969482422,11.31999969482422,28.86000061035156,24357.32031,2671.389892578125,14.75,39.37047576904297,92.75,1.195500135421753,434.3193359,0.6413,206.0,1312.199951171875,70.73000336,76.16999816894531,8272.054647129644,7394019840.0,450524,18103183.29,1299195636.0,0.7711,0.532,142.0,19.62168835224894,71.0
Bitcoin,2018-05-08,9234.820313,128.22240234375022,414.4214777638323,0.79,49.0,278.0,54.2,124.58999633789062,11.5,26.760000228881836,24360.21094,2689.290039,14.710000038146973,39.59223937988281,93.12000274658205,1.1933743953704834,334.9804688,0.628,220.0,1312.0,69.05999755859375,74.84999847,8453.700029339687,7415869952.0,480690,16408115.88,1305599530.0,0.7648,0.5219,193.0,16.731188329512737,102.0
Bitcoin,2018-05-09,9325.179688,108.4586132812492,409.3299185262371,0.7773,49.0,248.0,51.2,124.33000183105467,11.390000343322754,26.709999084472656,24542.53906,2721.530029296875,13.420000076293944,39.669002532958984,93.04000091552734,1.1867886781692505,343.1396484,0.6316,179.6,1311.300048828125,71.13999938964844,77.20999908447266,8633.912279466835,7226890240.0,459143,19367520.37,1231496060.0,0.769,0.5291,153.0,13.864301555780656,86.0
Bitcoin,2018-05-10,9043.94043,80.35580078124985,405.4863891895416,0.7698,53.0,210.0,50.0,125.18000030517578,11.420000076293944,26.61000061035156,24739.5293,2748.310059,13.229999542236328,40.49632263183594,92.65000153,1.184721827507019,355.5205078,0.6294,187.8,1320.800048828125,71.36000061035156,77.47000122070312,8664.932144308183,6906699776.0,465046,19067802.48,1367418842.0,0.7642,0.5608,137.0,13.394801942777365,65.0
Bitcoin,2018-05-11,8441.490234,39.85781250000037,423.5587899617172,0.7713,54.0,389.0,66.8,125.0,11.039999961853027,25.739999771118164,24831.16992,2732.610107421875,12.649999618530272,40.428096771240234,92.54000091552734,1.1917530298233032,658.5,0.6168,192.8,1319.0,70.69999694824219,77.12000274658203,8559.14265,8488520192.0,510499,14126392.43,1308283133.0,0.7654,0.557,181.0,15.221306685322562,72.0
Bitcoin,2018-05-12,8504.889648,9.376601562500582,424.8303300760588,0.7584,54.0,262.0,63.4,124.82999928792317,11.076666514078775,25.803333282470703,24853.916666666668,2735.1200358072915,12.743333180745442,40.44515482584635,92.55666605631511,1.1929068168004353,441.3603516,0.6138,175.2,1318.1666666666667,70.78666432698567,77.49000295105469,8495.073348,6821380096.0,434891,18033347.73,914542131.2,0.7614,0.5621,141.0,16.309453253228536,77.0
Bitcoin,2018-05-13,8723.94043,-1.590390625,421.5159984634832,0.7288,54.0,213.0,47.8,124.65999857584634,11.113333066304524,25.866666793823242,24876.663413333332,2737.6299641927085,12.83666674296061,40.462212880452476,92.57333119710286,1.1940606037775676,378.4296875,0.601,188.8,1317.3333333333333,70.87333170572917,77.86000315552734,8462.194998965646,5866379776.0,364085,15995382.66,622325191.1,0.7534,0.5501,125.0,16.815464372399596,69.0
Bitcoin,2018-05-14,8716.790039,-5.404394531,428.06131218930585,0.7302,54.0,259.0,48.2,124.48999786376952,11.149999618530272,25.93000030517578,24899.41016,2740.139892578125,12.93000030517578,40.479270935058594,92.58999633789062,1.1952143907546997,513.1503906,0.5947,212.8,1316.5,70.95999908447266,78.23000336,8411.31305,7364149760.0,469798,14739381.030553302,1877479923.0,0.7478,0.5345,174.0,16.94537204579552,98.0
Bitcoin,2018-05-15,8510.379883,-1.678007812,424.6098066311411,0.738,55.0,213.0,45.0,122.4800033569336,11.90999984741211,26.61000061035156,24706.41016,2696.850098,14.630000114440918,39.643409729003906,93.22000122070312,1.1931180953979492,379.7402344,0.5997,196.6,1288.9000244140625,71.30999755859375,78.43000030517578,8352.317927,6705710080.0,477899,16103188.32,1098113122.0,0.7687,0.5264,140.0,17.897011599520678,86.0
Bitcoin,2018-05-16,8368.830078,14.777382812500946,418.20122390302384,0.7351,53.0,280.0,55.4,122.29000091552734,11.770000457763672,25.729999542236328,24768.92969,2718.77002,13.420000076293944,40.24045181274414,93.38999938964844,1.1820889711380005,332.9394531,0.6067,233.4,1290.199951171875,71.48999786376953,79.27999877929688,8237.302504140122,6760220160.0,455067,19398271.86,1354020052.0,0.7669,0.5307,145.0,19.506754105817546,80.0
Bitcoin,2018-05-17,8094.319824,25.06878906249949,416.28827375816496,0.725,53.0,299.0,54.2,122.36000061035156,11.640000343322754,25.11000061035156,24713.98047,2704.850098,13.43000030517578,39.62635803222656,93.47000122070312,1.1816978454589844,391.4199219,0.5818,218.4,1288.199951171875,71.48999786376953,79.30000305175781,8085.850164668797,5862530048.0,420625,14350337.75,1986371307.0,0.7732,0.5144,134.0,21.954634929970172,94.0
Bitcoin,2018-05-18,8250.969727,45.65777343750051,407.9319894160639,0.7159,52.0,320.0,54.4,122.41000366210938,11.109999656677246,25.229999542236328,24715.08984,2659.780029296875,13.420000076293944,39.293724060058594,93.63999938964844,1.179523468017578,299.300293,0.581,206.6,1290.199951171875,71.27999877929688,78.51000213623047,7976.177810519825,5764190208.0,499648,15763512.33,1754540456.0,0.7888,0.4734,148.0,23.302008579870297,75.0
Bitcoin,2018-05-19,8247.179688,68.37077148437493,392.2732382189343,0.701,53.333333333333336,186.0,41.2,122.43333689371745,11.279999732971191,25.416666666666668,24814.48958,2666.3299967447915,13.30666669209798,39.373329162597656,93.65333302815755,1.1785704294840493,188.7094727,0.578,156.4,1290.199951171875,71.5999984741211,78.74666849772136,7881.306902335636,4712399872.0,378136,16144063.76,572037902.7,0.7799,0.4778,119.0,24.26311204681828,81.0
Bitcoin,2018-05-20,8513.25,93.14558593750009,389.76585848008193,0.7083,54.666666666666664,147.0,37.4,122.45667012532552,11.449999809265137,25.603333791097004,24913.88932,2672.8799641927085,13.19333330790202,39.45293426513672,93.66666666666667,1.1776173909505208,357.1699219,0.5803,193.4,1290.199951171875,71.91999816894531,78.98333485921223,7835.046957073307,5191059968.0,369971,15235623.08,505408446.5,0.7766,0.4919,162.0,24.583418212662423,82.0
Bitcoin,2018-05-21,8418.990234,113.92499023437448,375.6682553073975,0.7065,56.0,208.0,42.4,122.4800033569336,11.619999885559082,25.790000915527344,25013.28906,2679.429931640625,13.079999923706056,39.53253936767578,93.68000030517578,1.1766643524169922,192.3994141,0.5873,205.4,1290.199951171875,72.23999786376953,79.22000122070312,7781.513471164397,5154990080.0,445196,17282837.08,801652229.7,0.7672,0.4881,144.0,25.09666925609966,82.0
Bitcoin,2018-05-22,8041.779785,130.28779296874927,378.7398029193691,0.718,59.0,281.0,46.6,122.41000366210938,10.899999618530272,25.88999938964844,24834.41016,2655.989990234375,13.220000267028809,39.669002532958984,93.61000061035156,1.1792453527450562,418.6699219,0.5788,256.2,1291.699951171875,72.12999725341797,79.56999969482422,7673.778008036039,5137010176.0,441616,15794378.62,902765750.9494967,0.749,0.4754,140.0,26.35302564915144,74.0
Bitcoin,2018-05-23,7557.819824,110.61660156249854,390.74269367066415,0.7109,54.0,480.0,66.8,122.54000091552734,11.18000030517578,26.040000915527344,24886.81055,2694.669922,12.579999923706056,39.65194320678711,94.01000213623048,1.1788560152053833,546.7802734,0.5696,236.4,1289.300048828125,71.83999633789062,79.80000305175781,7515.617004022211,6491120128.0,481669,15983293.289678102,1070131558.0,0.744,0.4643,212.0,27.80246329120832,72.0
Bitcoin,2018-05-24,7587.339844,98.15340820312484,391.9367841897238,0.6905,48.0,447.0,73.4,123.58999633789062,10.989999771118164,25.37000084,24811.75977,2697.489990234375,12.529999732971191,39.4387207,93.77999877929688,1.1710150241851809,407.4599609,0.5459,257.8,1303.699951171875,70.70999908447266,78.79000091552734,7398.788232956998,6049220096.0,447546,13875883.11,997838496.2390732,0.7281,0.4424,154.0,28.40193367317077,95.0
Bitcoin,2018-05-25,7480.140137,80.73240234375044,382.9763163,0.6642,44.0,276.0,53.8,123.20999908447266,10.31000042,27.760000228881836,24753.08984,2708.919922,13.220000267028809,39.60076904296875,94.19000244140624,1.1722642183303833,266.4902344,0.5449,191.0,1303.300048828125,67.87999725341797,76.44000244140625,7321.450533314736,4867829760.0,464174,16707898.387274398,792961295.7807271,0.7006,0.456,132.0,27.821586537431138,72.0
Bitcoin,2018-05-26,7355.879883,63.62839843750044,373.1951537,0.6656,41.5,257.0,48.0,123.20499992370605,10.815000295926515,28.080000400543213,24655.179685,2708.5574341757815,14.170000314712524,39.37048149108887,94.35000228881835,1.1711406310399373,246.0400391,0.5355,166.2,1302.1500244140625,67.59249878006348,76.1775016784668,7229.391674066817,4051539968.0,356716,15506006.48,433358755.9,0.6768,0.4555,130.0,27.657161998631985,64.0
Bitcoin,2018-05-27,7368.220215,53.61140625000007,354.4512336652053,0.6562,39.0,301.0,58.2,123.20000076293944,11.320000171853028,28.40000057220459,24557.26953,2708.1949463515625,15.12000036239624,39.140193939208984,94.51000213623045,1.1700170437494914,110.7802734,0.5354,179.6,1301.0,67.30500030670899,75.91500091552734,7139.981448414206,4056519936.0,337618,15313094.1,402952722.6184849,0.6712,0.4753,156.0,27.73032722890281,70.0
Bitcoin,2018-05-28,7135.990234,53.82661132812609,351.8589789726013,0.6494,36.5,372.0,68.0,123.19500160217284,11.825000047779543,28.720000743865967,24459.359375,2707.832458527344,16.070000410079956,38.9099063873291,94.67000198364256,1.1688934564590454,318.159668,0.5271,187.6,1299.8499755859375,67.01750183335449,75.65250015258789,7016.406776221124,5040600064.0,407911,14547701.91,1030143176.0,0.6674,0.467,140.0,28.541226436942484,68.0
Bitcoin,2018-05-29,7472.589844,53.19380859375087,357.85046233839756,0.6485,34.0,362.0,74.6,123.19000244140624,12.329999923706056,29.040000915527344,24361.44922,2707.469970703125,17.020000457763672,38.67961883544922,94.83000183105467,1.162696123123169,435.7397461,0.5164,188.2,1298.699951171875,66.73000336,75.38999938964844,7009.682103219468,5662660096.0,442314,12836137.45,902651076.8,0.6672,0.4386,187.0,26.744677015485063,69.0
Bitcoin,2018-05-30,7406.52002,51.25561523,350.8732808767263,0.6347,42.0,332.0,64.4,123.37000274658205,10.869999885559082,27.899999618530273,24667.7793,2730.97998,14.93999958,38.986671447753906,94.15000153,1.1539349555969238,260.1699219,0.5233,231.2,1301.5,68.20999908447266,77.5,6981.956864327648,4922540032.0,443065,16513656.67,912070535.7,0.668,0.4003,162.0,25.666064353891443,82.0
Bitcoin,2018-05-31,7494.169922,47.38141601562529,343.5087622091923,0.6518,43.0,237.0,52.8,123.0999984741211,10.920000076293944,27.61000061035156,24415.83984,2737.5,15.43000030517578,38.96961594,93.98999786376952,1.1667250394821167,247.7700195,0.5267,226.0,1300.0999755859375,67.04000091552734,77.58999633789062,6931.213684441827,5127130112.0,454486,16302254.42,829972345.8,0.6671,0.4047,174.0,25.90356918088658,93.0
Bitcoin,2018-06-01,7541.450195,31.282812499999636,333.07171753130353,0.6461,52.0,282.0,73.8,122.48999786376952,10.579999923706056,28.649999618530273,24635.21094,2805.570068359375,13.460000038146973,39.515480041503906,94.19000244140624,1.1693171262741089,197.3901367,0.5254,227.0,1294.800048828125,65.80999755859375,77.58999633789062,6899.001299,4921460224.0,551183,15642337.99,860640929.3,0.666,0.3925,166.0,25.657927168882587,106.0
Bitcoin,2018-06-02,7643.450195,23.98321289062551,323.46447431478185,0.6501,53.0,232.0,47.4,122.44999949137369,10.56666660308838,28.929999669392902,24694.70377666667,2823.053385572917,13.21999994913737,39.64909998575846,94.1333338409375,1.1684984763463337,198.5703125,0.5204,200.8,1294.2333577473958,65.4566650390625,76.82333119710286,6910.148799725927,4939299840.0,386674,14536335.53,517843929.6950781,0.6592,0.3842,157.0,24.176019204011105,84.0
Bitcoin,2018-06-03,7720.25,4.626210937500218,310.49201883917243,0.6507,54.0,194.0,59.6,122.41000111897787,10.553333282470703,29.209999720255535,24754.196613333334,2840.536702786458,12.979999860127768,39.78271993001302,94.07666524046874,1.1676798264185588,141.8500977,0.5266,195.6,1293.6666666666667,65.10333251953125,76.05666605631511,6944.409585713419,4851760128.0,369975,16165187.17,489033822.7,0.6586,0.3853,173.0,22.177045123701895,83.0
Bitcoin,2018-06-04,7514.470215,-23.10179688,308.2982878618208,0.6551,55.0,277.0,67.4,122.37000274658205,10.539999961853027,29.489999771118164,24813.68945,2858.02002,12.739999771118164,39.91633987426758,94.01999664,1.1668611764907837,279.7797852,0.5304,219.0,1293.0999755859375,64.75,75.29000091552734,6948.459206021108,4993169920.0,449728,17479742.99,781951697.7,0.6594,0.3659,232.0,20.931702776796268,75.0
Bitcoin,2018-06-05,7633.759766,-42.11700195,303.86483733374433,0.6568,58.0,317.0,65.6,122.8499984741211,10.460000038146973,29.299999237060547,24799.98047,2876.669922,12.399999618530272,39.60929870605469,93.88999938964844,1.1700559854507446,246.2299805,0.5268,213.8,1297.5,65.51999664,75.37999725341797,6960.020748788997,4961739776.0,460260,16505061.83,753456738.7684189,0.6587,0.3958,168.0,19.78025506899485,107.0
Bitcoin,2018-06-06,7653.97998,-40.12320313,294.90452110678046,0.6439,65.0,228.0,60.0,122.91999816894533,10.31000042,29.13999938964844,25146.39063,2906.330078,11.640000343322754,40.20633316040039,93.66000366210938,1.1726216077804563,178.4204102,0.5175,293.6,1297.0999755859375,64.73000336,75.36000061035156,6956.823360287909,4692259840.0,451994,14329592.545020098,777433221.9,0.6572,0.3892,170.0,19.34810006,84.0
Bitcoin,2018-06-07,7678.240234,-44.77660156,280.3006406929033,0.6488,62.0,239.0,58.8,122.86000061035156,10.550000190734863,28.049999237060547,25241.41016,2877.600098,12.130000114440918,39.59223937988281,93.40000153,1.178550362586975,90.45019531,0.5193,275.2,1298.699951171875,65.94999694824219,77.31999969482422,6972.065538971282,4485799936.0,433804,13918250.65,802888675.6,0.6542,0.3981,184.0,18.27663176059736,80.0
Bitcoin,2018-06-08,7624.919922,-52.84458984,270.2641691478745,0.6492,63.0,239.0,56.2,123.01000213623048,10.68999958,27.59000015258789,25316.5293,2887.129883,12.18000030517578,39.515480041503906,93.5500030517578,1.179523468017578,139.7900391,0.5199,248.0,1298.0999755859375,65.73999786376953,76.45999908447266,6992.226293878518,4227579904.0,477386,14114417.18,832654128.9635769,0.6435,0.4016,209.0,17.00917500155117,85.0
Bitcoin,2018-06-09,7531.97998,-62.82878906,261.7881640413299,0.6483,63.333333333333336,193.0,53.4,123.08333587646486,10.639999707284343,27.346666971842446,25318.45638333333,2895.7932943333335,12.236666997273762,39.515480041503906,93.56000264485675,1.179148197174072,151.6000977,0.5173,189.0,1298.3666585286458,65.85999806584636,76.45999908447266,7079.819155449221,3845220096.0,370067,13978762.823424002,512776472.4,0.6393,0.4111,203.0,13.51959192890209,85.0
Bitcoin,2018-06-10,6786.02002,-96.52178711,301.8683063419491,0.6444,63.666666666666664,417.0,92.0,123.15666961669922,10.589999834568685,27.103333791097004,25320.383466666666,2904.4567056666665,12.293333689371746,39.515480041503906,93.57000223795572,1.1787729263305662,790.4799805,0.5057,191.2,1298.6333414713542,65.97999826792318,76.45999908447266,7031.195464804419,5804839936.0,392109,11638700.47,682579730.0,0.6352,0.4161,224.0,12.787228595149244,89.0
Bitcoin,2018-06-11,6906.919922,-129.4703906,294.84559110100633,0.6393,64.0,601.0,119.6,123.2300033569336,10.539999961853027,26.86000061035156,25322.31055,2913.120117,12.350000381469728,39.515480041503906,93.58000183105467,1.1783976554870603,203.550293,0.4907,221.2,1298.9000244140625,66.09999847,76.45999908447266,6970.345496656848,4745269760.0,446188,11987207.987420104,940033430.6,0.634,0.3987,246.0,12.99474593,109.0
Bitcoin,2018-06-12,6582.359863,-166.7371973,299.91946908039876,0.5929,65.0,518.0,105.6,122.81999969482422,10.520000457763672,26.579999923706055,25320.73047,2950.889892578125,12.34000015258789,39.41313171386719,93.8000030517578,1.177412509918213,365.8798828,0.4788,217.4,1295.0999755859375,66.36000061035156,75.87999725341797,6793.429226005189,4654380032.0,447810,12573789.83,858021509.6,0.6335,0.409,214.0,16.54088238,101.0
Bitcoin,2018-06-13,6349.899902,-220.3014062,303.2130979630488,0.5976,64.0,698.0,145.6,123.19000244140624,10.600000381469728,27.079999923706055,25201.19922,2967.77002,12.93999958,39.14872360229492,93.70999908447266,1.174825907,346.0302734,0.4695,258.0,1296.9000244140625,66.63999938964844,76.73999786376953,6584.911681487618,5052349952.0,458587,11932624.942591498,1043117695.0,0.6279,0.4121,245.0,20.673817669436485,143.0
Bitcoin,2018-06-14,6675.350098,-237.432207,308.17503209292033,0.5772,63.0,502.0,126.4,123.37999725341795,9.829999923706056,26.690000534057617,25175.31055,3035.959961,12.119999885559082,38.88432312011719,94.76999664,1.1807769536972046,372.6801758,0.4672,263.4,1304.0,66.88999938964844,75.94000244140625,6494.153627780048,5138710016.0,440336,12563621.7,830479336.5,0.6356,0.4133,190.0,22.171063350385072,112.0
Bitcoin,2018-06-15,6456.580078,-251.7395996,303.8203841532474,0.5623,61.0,371.0,76.2,121.33999633789062,10.649999618530272,27.63999938964844,25090.48047,3018.860107421875,11.979999542236328,38.57727051,94.79000091552734,1.1566576957702637,247.2099609,0.4674,232.0,1274.5999755859375,65.05999755859375,73.44000244140625,6369.758002314474,3955389952.0,476263,13178785.73,821673290.5304009,0.633,0.4099,171.0,24.496918639822425,130.0
Bitcoin,2018-06-16,6550.160156,-262.5665918,295.7046563789083,0.5808,61.0,290.0,66.8,121.26333109537761,10.373332977294922,27.619999567667644,25056.14388,3024.936767578125,12.08999983482422,38.420903525221355,94.77666727701823,1.1576368014017742,190.2001953,0.4699,179.0,1275.13330078125,65.32333119572917,74.07333374023438,6278.878512662365,3194170112.0,343365,13504867.235609898,393367359.7,0.622,0.4046,170.0,26.020521638860544,86.0
Bitcoin,2018-06-17,6499.27002,-272.5804004,281.0000269054148,0.5655,61.0,267.0,63.0,121.18666585286458,10.09666633605957,27.59999974568685,25021.80729,3031.013427734375,12.200000127412109,38.264536540442705,94.76333363850911,1.1586159070332844,89.83984375,0.4557,130.4,1275.6666259765625,65.58666483286459,74.7066650390625,6196.286581091717,3104019968.0,326154,13246220.727178598,432811187.2,0.6179,0.3336,162.0,27.548408499976055,86.0
Bitcoin,2018-06-18,6734.819824,-259.3136035,284.8185936219923,0.5701,61.0,386.0,74.8,121.11000061035156,9.81999969482422,27.579999923706055,24987.4707,3037.090087890625,12.31000042,38.10816955566406,94.75,1.159595012664795,334.4599609,0.4594,215.0,1276.199951171875,65.84999847,75.33999633789062,6149.907876,4039200000.0,424739,13469448.27,666288186.6,0.6056,0.3444,239.0,27.956041329171786,86.0
Bitcoin,2018-06-19,6769.939941,-265.317998,272.51584251506426,0.566,53.0,314.0,73.2,120.8000030517578,10.989999771118164,28.010000228881836,24700.21094,3001.409912109375,13.350000381469728,37.68751144,95.08999633789062,1.163074612617493,112.5800781,0.4551,200.4,1275.5999755859375,65.06999969482422,75.08000183105469,6112.351463599898,4057029888.0,413610,13569989.11,717193233.9,0.602,0.3137,189.0,28.24200177224973,129.0
Bitcoin,2018-06-20,6776.549805,-255.6686035,268.0275806055061,0.5798,57.0,304.0,78.2,120.26000213623048,11.079999923706056,28.059999465942383,24657.80078,3045.949951171875,12.789999961853027,37.850624084472656,95.05999755859376,1.1588560342788696,209.6801758,0.4588,213.0,1271.199951171875,66.22000122070312,74.73999786376953,6081.610355645373,3888640000.0,425849,14482144.85,645432041.7,0.6001,0.2924,223.0,28.239936092425953,118.0
Bitcoin,2018-06-21,6729.740234,-257.0544043,255.7234691002021,0.5801,52.0,287.0,69.6,120.0500030517578,11.220000267028809,27.780000686645508,24461.69922,3001.239990234375,14.640000343322754,37.31836700439453,94.87000274658205,1.1579033136367798,95.77001953,0.4617,227.8,1267.199951171875,65.54000091552734,73.05000305175781,6053.173048651062,3529129984.0,421062,14808109.38,719955333.6749262,0.5794,0.3259,251.0,28.057644010117304,98.0
Bitcoin,2018-06-22,6083.689941,-273.2736035,290.34893419795554,0.5798,52.0,666.0,108.2,120.33999633789062,10.670000076293944,25.520000457763672,24580.89063,2978.360107421875,13.770000457763672,37.70467758178711,94.51999664,1.1605775356292725,740.4799805,0.4494,218.4,1267.4000244140625,68.58000183105469,75.55000305175781,5932.411792,5079810048.0,469523,12460024.714764798,877986505.5,0.5788,0.3032,322.0,29.60049816271236,101.0
Bitcoin,2018-06-23,6162.47998,-290.3539941,280.5389935856016,0.5764,48.666666666666664,508.0,102.4,120.18999735514323,10.723333358764648,25.71333376566569,24471.52734666667,2944.816731614583,14.956666946411133,37.53584416707356,94.43999735309896,1.1624316771825156,153.0097656,0.437,194.4,1266.8000081380208,68.41333516438802,75.27666982117188,5859.786343726817,3431360000.0,368137,13084984.36,442469090.4,0.5738,0.3132,179.0,29.782476041738835,102.0
Bitcoin,2018-06-24,6173.22998,-314.6402051,288.8840389656479,0.5341,45.333333333333336,614.0,131.4,120.03999837239583,10.776666641235352,25.906667073567707,24362.164063333334,2911.273355807292,16.143333435058594,37.367010752360024,94.35999806619792,1.1642858187357585,397.3696289,0.4298,197.6,1266.1999918619792,68.24666849772136,75.00333659058593,5790.718132836296,4566909952.0,350052,13455402.1,578433361.8,0.5736,0.3089,231.0,30.134267554310828,123.0
Bitcoin,2018-06-25,6249.180176,-335.9033984,283.0844606,0.5402,42.0,477.0,107.0,119.88999938964844,10.829999923706056,26.100000381469727,24252.80078,2877.72998,17.329999923706055,37.19817733764648,94.27999877929688,1.1661399602890017,207.6899414,0.4271,182.6,1265.5999755859375,68.08000183105469,74.73000336,5765.027003,5500810240.0,415603,12514807.261725698,683034898.7,0.5763,0.3343,217.0,29.153139168861607,100.0
Bitcoin,2018-06-26,6093.669922,-351.3666016,276.8991586975803,0.5371,47.0,420.0,95.6,119.26000213623048,10.970000267028809,25.670000076293945,24283.10938,2916.0,15.920000076293944,37.05223846435547,94.68000030517578,1.1702749729156494,196.4902344,0.4265,206.0,1256.5999755859375,70.52999877929688,76.30999755859375,5740.511775216477,3279759872.0,410398,11522845.224755798,606059145.7,0.5708,0.3372,184.0,27.890064079257147,106.0
Bitcoin,2018-06-27,6157.129883,-339.717002,266.20278324373527,0.542,36.0,503.0,98.2,118.58000183105467,11.010000228881836,27.690000534057617,24117.58984,2863.879883,17.90999984741211,36.33968734741211,95.29000091552734,1.1650259494781494,127.1499023,0.4158,204.2,1252.800048828125,72.76000213623047,77.62000274658203,5762.853633271126,3296219904.0,397242,9410792.754,789076623.5,0.5598,0.3394,187.0,25.22757805893866,102.0
Bitcoin,2018-06-28,5903.439941,-337.3862012,268.42832383793274,0.5313,39.0,443.0,86.6,118.22000122070312,11.029999732971191,27.350000381469727,24216.05078,2901.870117,16.850000381469727,36.64874649047851,95.38999938964844,1.1563634872436523,297.3603516,0.4245,179.8,1247.800048828125,73.44999694824219,77.84999847,5769.960925848434,3467800064.0,396406,12428430.36,717809351.7,0.5764,0.3361,250.0,22.697883812218116,90.0
Bitcoin,2018-06-29,6218.299805,-320.2006055,279.6770261530804,0.5328,34.0,635.0,125.0,118.6500015258789,10.75,27.18000030517578,24271.41016,2874.540039,16.09000015258789,37.19817733764648,94.62999725341795,1.1562966108322144,425.9101563,0.4117,228.4,1251.300048828125,74.15000153,79.44000244140625,5863.484428995419,3966230016.0,453051,11427014.512566898,653028973.1,0.5675,0.2683,242.0,17.98720344046501,144.0
Bitcoin,2018-06-30,6404.0,-292.8380176,277.64934934080685,0.5131,34.333333333333336,379.0,88.0,118.25333404541016,11.083333333333334,27.670000076293945,24283.333336666667,2885.1666666666665,15.926666895548504,37.07512791951497,94.70999908447266,1.1601496934890747,251.2895508,0.4083,200.8,1247.4667154947917,74.08000183380209,78.72666931152344,5866.101463315402,4543860224.0,368308,11359646.68,527954257.64810103,0.563,0.2815,287.0,17.36451727652984,104.0
Bitcoin,2018-07-01,6385.819824,-269.6326172,268.07154285887424,0.5356,34.666666666666664,245.0,64.2,117.8566665649414,11.416666666666666,28.15999984741211,24295.256513333334,2895.7932943333335,15.763333638509115,36.95207850138346,94.79000091552734,1.164002776145935,143.5600586,0.4231,177.0,1243.6333821614583,74.01000213760416,78.01333618164062,5885.9536481941095,4788259840.0,341862,11937510.44,994143368.5,0.56,0.2789,218.0,16.00013701801467,60.0
Bitcoin,2018-07-02,6614.180176,-250.2740137,275.9349803667225,0.5441,35.0,353.0,72.0,117.45999908447266,11.75,28.649999618530273,24307.17969,2906.419922,15.600000381469728,36.82902908325195,94.87000274658205,1.1678558588027954,378.159668,0.4268,181.2,1239.800048828125,73.94000244140625,77.30000305175781,5885.067658819508,4396930048.0,433258,11654033.029360702,731075687.5,0.5837,0.2898,285.0,16.073573062955944,88.0
Bitcoin,2018-07-03,6529.589844,-225.5832227,272.1982044253495,0.5419,32.0,304.0,60.2,118.6500015258789,11.40999984741211,28.579999923706055,24174.82031,2842.090087890625,16.139999389648438,36.85478210449219,94.58999633789062,1.1642121076583862,223.6201172,0.4202,190.8,1251.5999755859375,74.13999938964844,77.76000213623047,5891.550972792615,4672309760.0,456150,9914650.339,880290625.5301949,0.5877,0.2742,224.0,16.129098013563855,80.0
Bitcoin,2018-07-04,6597.549805,-207.3270117,275.7169013190745,0.5556,32.5,324.0,67.6,118.85000228881836,11.364999771118164,28.675000190734863,24265.78027,2861.205078125,15.554999828338623,36.807565689086914,94.52999877929688,1.1659224033355713,321.4599609,0.4317,206.8,1254.4500122070312,73.54000091552734,77.57500076293945,5894.634056217513,4176689920.0,435402,11310340.49,662808206.7,0.5939,0.2836,231.0,15.92113731956794,104.0
Bitcoin,2018-07-05,6639.140137,-201.1710059,270.51498956190846,0.5477,33.0,267.0,57.0,119.0500030517578,11.31999969482422,28.770000457763672,24356.74023,2880.320068359375,14.970000267028809,36.76034927368164,94.47000122070312,1.166235089302063,202.8901367,0.4272,200.8,1257.300048828125,72.94000244140625,77.38999938964844,5893.914729828656,4999240192.0,413998,11406742.3,657272819.4,0.5866,0.2528,195.0,16.20555471240915,87.0
Bitcoin,2018-07-06,6673.5,-187.2060059,263.1489286,0.5513,40.0,302.0,65.2,118.86000061035156,10.649999618530272,28.12999916,24456.48047,2936.739990234375,13.369999885559082,37.266849517822266,94.04000091552734,1.1695905923843384,167.3901367,0.4393,195.2,1254.300048828125,73.80000305175781,77.11000061035156,5890.899402,4313959936.0,529418,13385359.55,807774959.7,0.585,0.2935,260.0,16.476051459431957,86.0
Bitcoin,2018-07-07,6856.930176,-172.8915918,264.6918623127871,0.5473,42.333333333333336,251.0,51.4,118.95666758219402,10.616666475931803,28.126666386666667,24563.18359333333,2946.28662115625,13.143333117039388,37.49005889892578,94.05333455403645,1.1714691321055095,284.75,0.4397,178.6,1255.5666910807292,73.81666819117187,77.43000030517578,5876.061929546485,3961080064.0,357621,13246362.88,370270464.46949893,0.593,0.3097,201.0,17.44681883064529,77.0
Bitcoin,2018-07-08,6773.879883,-158.613584,255.63745613196303,0.5497,44.666666666666664,264.0,59.4,119.05333455403645,10.583333333333332,28.123333613333333,24669.886716666668,2955.833252078125,12.916666348519694,37.7132682800293,94.06666819254556,1.1733476718266804,137.9301758,0.4418,186.6,1256.8333333333333,73.83333333058594,77.75,5873.639950328442,3386210048.0,350857,13573744.76,568366411.1,0.591,0.3094,240.0,17.577405068390732,92.0
Bitcoin,2018-07-09,6741.75,-155.7869824,245.54480441048352,0.5566,47.0,296.0,56.4,119.1500015258789,10.550000190734863,28.12000084,24776.58984,2965.379883,12.68999958,37.93647766113281,94.08000183105467,1.1752262115478516,114.340332,0.4387,220.4,1258.0999755859375,73.84999847,78.06999969482422,5875.3967512662475,3718129920.0,425385,11538923.61,640870760.7,0.5699,0.3338,225.0,17.482893328404366,84.0
Bitcoin,2018-07-10,6329.950195,-162.9739844,259.9358912,0.5533,45.0,479.0,69.2,118.93000030517578,10.68999958,26.899999618530273,24919.66016,2965.5,12.640000343322754,37.850624084472656,94.11000061035156,1.1756960153579712,447.0200195,0.4367,246.8,1253.800048828125,74.11000061035156,78.86000061035156,5873.470054364238,4052430080.0,445234,12706743.06,840599276.5982012,0.5665,0.3233,228.0,16.907714710488357,113.0
Bitcoin,2018-07-11,6394.709961,-167.4989844,249.58402509197936,0.5495,41.0,292.0,68.8,117.63999938964844,11.25,28.559999465942383,24700.44922,2949.439941,13.630000114440918,37.112327575683594,94.72000122070312,1.1727042198181152,114.4897461,0.4233,223.2,1242.800048828125,70.37999725341797,73.40000153,5876.184714058991,3644859904.0,413229,11007393.2,705107106.0,0.5578,0.3311,213.0,16.34357264600935,77.0
Bitcoin,2018-07-12,6228.810059,-166.1983887,250.37660728407013,0.5265,49.0,403.0,70.4,118.12999725341795,10.81999969482422,27.809999465942383,24924.89063,2999.090087890625,12.579999923706056,37.618839263916016,94.80999755859376,1.1676785945892334,260.6801758,0.4183,247.0,1245.0,70.33000183105469,74.44999694824219,5897.305273366073,3770170112.0,405288,11243498.52,682830180.5,0.5592,0.3269,195.0,15.892224477711302,89.0
Bitcoin,2018-07-13,6238.049805,-163.7181934,240.94324750038655,0.5296,47.0,317.0,64.6,117.61000061035156,10.989999771118164,27.540000915527344,25019.41016,2979.939941,12.18000030517578,37.64458465576172,94.75,1.1665889024734497,118.3095703,0.4138,267.6,1239.5999755859375,71.01000213623047,75.33000183105469,5907.2968233558295,3805400064.0,473175,11580161.27,674548450.3,0.5541,0.3335,227.0,15.689005782170849,80.0
Bitcoin,2018-07-14,6276.120117,-152.3685938,229.8737102905375,0.5146,46.333333333333336,232.0,51.6,117.59000142415364,11.146666526794434,28.030000686645508,25034.393233333332,2977.4532873333333,12.396666844685871,37.575907389322914,94.67000071207683,1.1670294205347698,85.96972656,0.4097,198.4,1239.0999755859375,70.02666727701823,74.16666666666667,5920.196253541533,2923670016.0,362896,10454811.33,340074057.3,0.5412,0.3466,148.0,15.434660593894042,80.0
Bitcoin,2018-07-15,6359.640137,-130.5125879,223.95060207782055,0.5166,45.666666666666664,221.0,50.8,117.57000223795572,11.303333282470703,28.520000457763672,25049.37630666667,2974.966633666667,12.613333384195965,37.50723012288412,94.59000142415366,1.1674699385960896,146.9501953,0.41,200.4,1238.5999755859375,69.04333241780598,73.00333150227864,5930.816201203108,3285459968.0,346483,10753180.29,356017920.5,0.5402,0.344,146.0,15.262620637846396,53.0
Bitcoin,2018-07-16,6741.75,-110.1005957,235.43557581333337,0.5183,45.0,240.0,53.8,117.5500030517578,11.460000038146973,29.010000228881836,25064.35938,2972.47998,12.829999923706056,37.43855285644531,94.51000213623048,1.1679104566574097,384.7402344,0.4092,203.2,1238.0999755859375,68.05999755859375,71.83999633789062,5968.352459104074,4725799936.0,431583,9907260.873,747886516.0,0.533,0.3402,220.0,15.026920831191376,66.0
Bitcoin,2018-07-17,7321.040039,-79.8194043,268.8380570052381,0.5229,49.0,328.0,72.8,116.27999877929688,11.789999961853027,28.0,25119.89063,2995.939941,12.06000042,37.71326446533203,94.97000122070312,1.170946478843689,703.0703125,0.4303,205.4,1225.699951171875,68.08000183105469,72.16000366210938,5915.895886051381,5961950208.0,487160,14162648.56,836942893.4,0.5392,0.3055,263.0,18.291332849691017,92.0
Bitcoin,2018-07-18,7370.779785,-54.86980469,267.81534004281036,0.5438,56.0,379.0,87.4,116.30999755859376,12.149999618530272,27.239999771118164,25199.28906,2976.02002,12.100000381469728,37.67034912109375,95.08000183105467,1.1653246879577637,254.5200195,0.4508,260.4,1226.300048828125,68.76000213623047,72.90000153,5946.901105146502,6103410176.0,494823,17110731.1,1082676506.0,0.5465,0.3129,290.0,19.37419066933856,111.0
Bitcoin,2018-07-19,7466.859863,-29.58260742,262.89995861118103,0.577,50.0,306.0,78.6,115.80999755859376,12.65999984741211,26.84000015258789,25064.5,2944.409912109375,12.869999885559082,37.20676040649414,95.16999816894533,1.164564609527588,199.0,0.4632,220.6,1222.4000244140625,69.45999908447266,72.58000183105469,5926.059222243034,5111629824.0,465957,16004613.1,993456134.0,0.5562,0.2908,227.0,21.697647064334085,85.0
Bitcoin,2018-07-20,7354.129883,-12.45861328,263.5078298710967,0.5786,53.0,370.0,77.0,116.55999755859376,12.100000381469728,26.010000228881836,25058.11914,2934.050048828125,12.859999656677246,37.73902130126953,94.45999908447266,1.1655147075653076,271.4101563,0.4595,274.6,1229.5,70.45999908447266,73.06999969482422,5920.667691903264,4936869888.0,496860,14466795.398696298,813439686.2,0.5628,0.2966,204.0,23.123971311622235,114.0
Bitcoin,2018-07-21,7419.290039,-2.372412109,257.2022691995005,0.5821,54.666666666666664,264.0,54.0,116.37333170572917,12.140000343322756,26.05666669209798,25053.509113333334,2931.83333321875,12.779999732971191,37.65603383382162,94.52999877929688,1.168406883875529,175.2299805,0.4536,241.2,1227.6666666666667,69.60333251953125,73.06666564941406,5925.175850044448,3726609920.0,385950,12868685.0,528574442.1,0.5632,0.3015,158.0,24.34509592858399,89.0
Bitcoin,2018-07-22,7418.490234,-10.57260742,249.83999076337548,0.5732,56.333333333333336,218.0,47.6,116.18666585286459,12.180000305175781,26.10333315531413,25048.899086666665,2929.616617609375,12.699999809265137,37.573046366373696,94.59999847412111,1.1712990601857503,154.1303711,0.4666,220.4,1225.8333333333333,68.74666595458984,73.0633316040039,5917.827902339985,3695460096.0,366446,17426428.27,395927691.4,0.5657,0.311,172.0,25.60252120302145,63.0
Bitcoin,2018-07-23,7711.109863,-8.719208984,257.87998444768795,0.5763,58.0,339.0,63.0,116.0,12.220000267028809,26.149999618530273,25044.28906,2927.399902,12.619999885559082,37.49005889892578,94.66999816894533,1.1741912364959717,362.3999023,0.47,272.8,1224.0,67.88999938964844,73.05999755859375,5897.762936135239,5132480000.0,473606,16326406.8,936055626.3,0.5642,0.3462,225.0,27.693724913673112,84.0
Bitcoin,2018-07-24,8424.269531,8.269980468749964,290.80066636213877,0.5743,64.0,469.0,129.6,116.04000091552734,11.739999771118164,25.649999618530273,25241.93945,2933.72998,12.40999984741211,38.039493560791016,94.61000061035156,1.1694128513336182,718.7695313,0.4846,421.0,1223.9000244140625,68.51999664,73.44000244140625,5774.578920186035,7277689856.0,532884,16222402.3,1154244446.0,0.5716,0.399,330.0,33.513893381158674,187.0
Bitcoin,2018-07-25,8181.390137,22.023388671875185,294.1655950483253,0.5895,70.0,329.0,94.6,116.68000030517578,11.649999618530272,25.34000015258789,25414.09961,3002.739990234375,12.289999961853027,38.657596588134766,94.36000061035156,1.1685519218444824,330.5102539,0.5019,325.0,1231.4000244140625,69.30000305175781,73.93000030517578,5741.561393098906,5845400064.0,525952,18521932.12,1009352101.0,0.5741,0.4032,288.0,36.28568206244756,144.0
Bitcoin,2018-07-26,7951.580078,30.418593749999673,302.5552037725521,0.6217,72.0,249.0,70.6,115.7699966430664,11.43000030517578,24.87999916,25527.07031,2915.909912109375,12.140000343322754,38.22835540771485,94.75,1.1737502813339231,411.6201172,0.5009,352.6,1225.300048828125,69.61000061035156,74.54000091552734,5753.021787832731,4899089920.0,479850,17302326.28,833867863.5,0.5536,0.4102,255.0,37.43994751746171,139.0
Bitcoin,2018-07-27,8165.009766,44.65318359375033,311.15128854772695,0.6108,67.0,266.0,60.8,115.83000183105467,11.050000190734863,24.969999313354492,25451.06055,2813.649902,13.029999732971191,38.365718841552734,94.68000030517578,1.16429340839386,422.9003906,0.4955,477.4,1222.5999755859375,68.69000244140625,74.29000091552734,5741.625721533502,5195879936.0,517778,17336563.95,884506563.8,0.5389,0.3987,251.0,39.24738270635939,91.0
Bitcoin,2018-07-28,8192.150391,56.18059570312471,296.9318814974428,0.595,66.0,212.0,54.4,115.77000172932942,11.093333562215168,25.25666618347168,25402.983726666665,2787.1299639635417,13.43999989827474,38.345689137776695,94.57333374023438,1.16487721592924,112.0795898,0.4869,288.4,1222.1666666666667,69.17000071207683,74.51666768391927,5752.293788169725,3988750080.0,395734,15379062.94,516574795.9,0.5395,0.4052,146.0,40.531757486428525,85.0
Bitcoin,2018-07-29,8218.459961,51.714208984375546,285.08528923646475,0.6064,65.0,176.0,56.4,115.71000162760416,11.136666933695475,25.543333053588867,25354.906903333333,2760.6100259270834,13.850000063578287,38.32565943400065,94.46666717529297,1.16546102346462,131.0795898,0.4966,224.2,1221.7333577473958,69.64999898274739,74.7433344523112,5780.610309699363,4107190016.0,380501,17783188.64,726532319.0,0.5251,0.4041,191.0,41.37025395996798,75.0
Bitcoin,2018-07-30,8180.47998,68.65080078124993,287.4363400052887,0.6056,64.0,267.0,55.4,115.6500015258789,11.18000030517578,25.829999923706055,25306.83008,2734.090087890625,14.260000228881836,38.30562973022461,94.36000061035156,1.166044831,318.0,0.4899,290.2,1221.300048828125,70.12999725341797,74.97000122070312,5892.714183642005,5551400000.0,479275,13844660.43,868342350.0,0.5381,0.4286,214.0,40.32112379341587,77.0
Bitcoin,2018-07-31,7780.439941,80.16919921874978,301.5194306745538,0.606,66.0,359.0,64.8,115.98999786376952,11.210000038146973,26.520000457763672,25415.18945,2747.52002,12.829999923706056,38.51165771484375,94.48999786376952,1.170740842819214,484.5996094,0.4939,254.8,1223.699951171875,68.76000213623047,74.25,6024.356856685457,5287530000.0,500312,14743282.06,916151854.7062088,0.5273,0.4767,187.0,38.272135912104766,94.0
Bitcoin,2018-08-01,7624.910156,91.28481445312536,299.66016749021065,0.6017,66.0,419.0,61.2,115.13999938964844,10.90999984741211,26.450000762939453,25333.82031,2750.090087890625,13.149999618530272,38.16826629638672,94.62000274658205,1.168961763381958,264.0898438,0.4829,251.2,1217.9000244140625,67.66000366210938,74.25,6208.001802276618,4797620000.0,495640,14364964.4,713806067.8,0.5101,0.4628,186.0,34.889122629440486,84.0
Bitcoin,2018-08-02,7567.149902,104.28520507812482,291.7794468,0.5778,68.0,315.0,56.2,114.5199966430664,11.079999923706056,25.729999542236328,25326.16016,2830.689941,12.18999958,37.66175842285156,95.16999816894533,1.1665889024734497,189.3300781,0.4696,261.6,1210.5999755859375,68.95999908447266,73.44999694824219,6413.641783162494,4214110000.0,470017,14896249.02,1036673761.0,0.4988,0.4419,203.0,30.91409648126945,105.0
Bitcoin,2018-08-03,7434.390137,105.73640625000009,287.97377204831935,0.5698,71.0,348.0,73.2,114.91999816894533,10.770000457763672,25.61000061035156,25462.58008,2828.070068359375,11.640000343322754,37.953643798828125,95.13999938964844,1.1586008071899414,233.4902344,0.4731,268.0,1214.199951171875,68.48999786376953,73.20999908447266,6632.769410308996,4627150000.0,537623,15553038.22,926100823.3,0.4988,0.4602,189.0,26.461920948990866,99.0
Bitcoin,2018-08-04,7032.850098,89.37260742187482,304.0771033,0.5656,71.33333333333333,357.0,55.8,114.72333272298178,10.853333791097006,25.54666709899902,25475.77995,2835.28336590625,11.516667048136393,37.8563486735026,95.21333312988281,1.1578104496002197,513.4204102,0.4665,196.8,1212.3332926432292,68.66333262125652,73.38999938964844,6804.252784573533,4268390000.0,416161,16086605.41,478730381.4009879,0.4876,0.461,176.0,22.755755314515444,72.0
Bitcoin,2018-08-05,7068.47998,82.26860351562482,293.93372626152916,0.5572,71.66666666666667,295.0,53.6,114.52666727701822,10.936667124430338,25.483333587646484,25488.97982,2842.496663453125,11.393333752950033,37.759053548177086,95.28666687011719,1.157020092010498,162.0698242,0.4543,188.8,1210.4666341145833,68.83666737874348,73.56999969482422,6881.097008473411,3679110000.0,374557,14248433.32,373453434.3,0.4793,0.4633,155.0,21.134618048673936,67.0
Bitcoin,2018-08-06,6951.799805,70.46819335937471,292.6534433589199,0.5334,72.0,300.0,51.0,114.33000183105467,11.020000457763672,25.420000076293945,25502.17969,2849.709961,11.270000457763672,37.66175842285156,95.36000061035156,1.1562297344207764,276.0097656,0.4357,228.8,1208.5999755859375,69.01000213623047,73.75,6814.254881,3925900000.0,452410,11561668.32,732204363.5,0.4601,0.459,198.0,22.44605668164345,82.0
Bitcoin,2018-08-07,6753.120117,46.48919922,300.20104199176484,0.5338,73.0,348.0,59.6,114.58999633789062,11.109999656677246,25.219999313354492,25628.91016,2879.580078,10.93000030517578,38.04807662963867,95.22000122070312,1.1558021306991575,398.3198242,0.4333,309.8,1209.5999755859375,69.16999816894531,74.65000153,6701.467558061937,4682800000.0,477951,13496173.290602095,664083737.0,0.4504,0.4261,246.0,24.679474016141715,80.0
Bitcoin,2018-08-08,6305.799805,22.025595703124964,316.39381773119237,0.5268,74.0,455.0,71.4,114.91000366210938,11.43000030517578,26.40999984741211,25583.75,2864.100098,10.850000381469728,37.99657059,95.09999847,1.1602946519851685,520.6298828,0.426,329.2,1212.5999755859375,66.94000244140625,72.27999877929688,6478.302288368998,5064430000.0,498558,12946324.42,786985499.9,0.435,0.4162,185.0,29.220957899504747,68.0
Bitcoin,2018-08-09,6568.22998,6.333798828,320.69855619682147,0.5136,70.0,397.0,73.8,114.73999786376952,10.989999771118164,25.399999618530273,25509.23047,2848.429931640625,11.270000457763672,37.884971618652344,95.5,1.1610760688781738,376.6601563,0.4066,265.6,1211.9000244140625,66.80999755859375,72.06999969482422,6356.179908931515,4267040000.0,467197,12039937.03,939755086.3,0.4294,0.412,197.0,31.567931689860956,87.0
Bitcoin,2018-08-10,6184.709961,-14.93320312,331.13006976088775,0.4846,56.0,376.0,68.8,114.69000244140624,11.779999732971191,25.450000762939453,25313.14063,2839.280029296875,13.15999984741211,37.07799149,96.36000061035156,1.1523923873901367,466.7397461,0.4081,226.0,1211.0999755859375,67.62999725341797,72.80999755859375,6154.550865,4528680000.0,510030,14364533.288926505,760258278.2533611,0.4289,0.4016,196.0,35.56602152296019,94.0
Bitcoin,2018-08-11,6295.72998,-19.74299805,332.2429540078779,0.5016,56.0,501.0,86.0,114.1133346557617,11.763333002726236,25.40333366394043,25271.326826666667,2839.3966471979165,13.699999809265137,36.87481435433594,96.37000020345052,1.148085355758667,346.7104492,0.3996,216.0,1204.5,67.48666381835938,72.74333190917969,6000.693620271757,4047850000.0,389256,13368973.04,505204809.9,0.4161,0.3675,166.0,38.46529518134098,132.0
Bitcoin,2018-08-12,6322.689941,-16.90480469,320.82203569704734,0.4741,56.0,357.0,67.8,113.53666687011719,11.746666272481283,25.356666564941406,25229.513023333333,2839.5132650989585,14.239999771118164,36.671637218671876,96.37999979654948,1.1437783241271973,172.3500977,0.3899,203.6,1197.9000244140625,67.34333038330078,72.67666625976562,5859.613115494147,5665250000.0,361544,12290113.45,333729799.3,0.419,0.3701,155.0,40.7753197,95.0
Bitcoin,2018-08-13,6297.569824,-5.135205078,320.1440038503832,0.4845,56.0,464.0,84.0,112.95999908447266,11.729999542236328,25.309999465942383,25187.69922,2839.629883,14.779999732971191,36.46846008300781,96.38999938964844,1.1394712924957275,311.3295898,0.3903,231.6,1191.300048828125,67.19999694824219,72.61000061035156,5768.636282931771,4083980000.0,459526,12178415.47,843998947.4,0.4121,0.3614,214.0,40.94960135603602,111.0
Bitcoin,2018-08-14,6199.709961,-1.958212891,320.5994335418737,0.4835,58.0,776.0,127.8,113.06999969482422,11.880000114440918,26.18000030517578,25299.91992,2838.580078,13.31000042,36.69166564941406,96.73000336,1.1402509212493896,316.8901367,0.383,254.8,1193.0,67.04000091552734,72.45999908447266,5665.886221987721,5301700000.0,514445,10463532.71,1058727906.0,0.4182,0.3429,265.0,41.619177846482195,172.0
Bitcoin,2018-08-15,6308.52002,13.239394531249673,325.4694935344184,0.4794,46.0,462.0,102.4,111.19000244140624,13.15999984741211,27.260000228881836,25162.41016,2792.610107421875,14.640000343322754,35.63573455810547,96.6999969482422,1.134571552276611,367.0703125,0.3785,238.8,1177.5,65.01000213623047,70.76000213623047,5587.349234121137,4895450000.0,539383,13104013.770885998,891860903.4,0.4252,0.2989,259.0,42.000357839796735,110.0
Bitcoin,2018-08-16,6334.72998,12.5505957,316.2995185498171,0.4733,51.0,388.0,69.4,111.0999984741211,13.390000343322754,26.329999923706055,25558.73047,2791.340087890625,13.449999809265137,35.85893630981445,96.65000153,1.134429931640625,197.0898438,0.3881,222.8,1176.199951171875,65.45999908447266,71.43000030517578,5551.856274227981,4328420000.0,479347,12659503.85,687000468.6,0.427,0.3285,180.0,40.94599824054834,100.0
Bitcoin,2018-08-17,6580.629883,22.89019531250051,312.10168045027655,0.4778,54.0,353.0,76.0,112.12999725341795,12.890000343322754,25.709999084472656,25669.32031,2756.330078,12.640000343322754,36.236671447753906,96.09999847,1.1371389627456665,257.5297852,0.3821,191.0,1176.5,65.91000366210938,71.83000183105469,5575.5670389494835,4992990000.0,512305,12438186.39,783014397.7,0.4175,0.2862,291.0,38.40153893848193,95.0
Bitcoin,2018-08-18,6423.759766,24.512597656250364,308.63871164579257,0.4782,56.333333333333336,312.0,63.6,112.31666564941405,12.726666768391926,25.559999465942383,25699.110023333335,2761.316731666667,12.59000015258789,36.29104105516927,96.03333282333334,1.1393500169118245,263.6201172,0.3905,147.4,1179.933349609375,66.08333587646484,71.95666758219402,5618.5778990101435,3984520000.0,399289,13176949.4,375616573.8,0.4193,0.3051,177.0,35.00938786836253,97.0
Bitcoin,2018-08-19,6506.069824,27.54339844,299.1952447983253,0.4942,58.666666666666664,252.0,52.2,112.50333404541014,12.5633331934611,25.40999984741211,25728.899736666666,2766.303385333333,12.539999961853027,36.345410662584634,95.96666717666666,1.1415610710779827,176.4301758,0.3847,162.8,1183.36669921875,66.25666809082031,72.08333333333333,5708.890323420608,3311170000.0,402087,11859087.98,272507659.3,0.407,0.3053,212.0,30.270978873449256,68.0
Bitcoin,2018-08-20,6308.529785,21.700595703125146,294.8948520337127,0.4831,61.0,302.0,52.6,112.69000244140624,12.399999618530272,25.260000228881836,25758.68945,2771.290039,12.489999771118164,36.39978027,95.90000153,1.1437721252441406,238.9897461,0.3818,210.0,1186.800048828125,66.43000030517578,72.20999908447266,5743.453762409175,3665100000.0,459856,12603282.32,647035144.3,0.4042,0.3004,196.0,27.354608261738367,64.0
Bitcoin,2018-08-21,6488.759766,15.640185546875728,288.3044970893404,0.4878,61.0,369.0,70.8,113.0199966430664,11.859999656677246,25.079999923706055,25822.28906,2805.219970703125,12.859999656677246,36.863372802734375,95.26000213623048,1.149134635925293,202.6298828,0.3765,280.6,1192.5999755859375,67.34999847,72.62999725341797,5801.736603218434,3377180000.0,449916,11982908.84,872997532.5304829,0.3983,0.2928,204.0,24.10082225703049,82.0
Bitcoin,2018-08-22,6376.709961,-0.961210938,303.9027598530482,0.4733,61.0,364.0,79.0,113.2699966430664,11.81000042,24.719999313354492,25733.59961,2827.830078,12.25,37.155250549316406,95.15000153,1.1576753854751587,506.6801758,0.3832,350.6,1196.300048828125,67.86000061035156,74.77999877929688,5874.538376995173,4668110000.0,484463,13754538.3,1022941525.8042198,0.4053,0.3022,200.0,20.271895955152463,85.0
Bitcoin,2018-08-23,6534.879883,-6.323808594,294.7097195287233,0.485,59.0,296.0,68.6,112.1999969482422,11.600000381469728,24.350000381469727,25656.98047,2814.290039,12.40999984741211,36.55430984,95.62000274658205,1.1584800481796265,175.2001953,0.384,502.8,1187.0,67.83000183105469,74.73000336,5972.608123755115,3426180000.0,444346,12091834.73,884447407.3,0.3991,0.3044,199.0,16.00562767612225,77.0
Bitcoin,2018-08-24,6719.959961,-6.748808594,289.4675841494395,0.4774,68.0,278.0,59.2,114.16000366210938,11.710000038146973,23.309999465942383,25790.34961,2857.22998,11.989999771118164,37.23251724243164,95.15000153,1.154334545135498,221.3198242,0.3842,309.8,1206.300048828125,68.72000122070312,75.81999969482422,6006.552264,4097820000.0,487991,12238689.23,660537345.5,0.3981,0.3311,230.0,14.512954104482288,74.0
Bitcoin,2018-08-25,6763.189941,-3.409208984,275.12489398697954,0.486,71.0,246.0,48.8,114.30333455403645,11.730000178019205,23.433333079020183,25876.77995,2872.713297213542,12.046666463216146,37.4099375406901,95.02666727976562,1.157853086789449,88.66992188,0.3829,185.2,1207.2000325520833,68.77000172932942,75.9499994913737,6053.468649187374,3312600000.0,415348,11462792.45,513006216.1,0.3899,0.3152,175.0,12.622509524677705,66.0
Bitcoin,2018-08-26,6707.259766,-3.894208984,266.4731158450524,0.496,74.0,292.0,55.2,114.44666544596355,11.75000031789144,23.55666669209798,25963.210290000003,2888.196614427083,12.103333155314127,37.58735783894857,94.90333302953125,1.1613716284434001,154.0,0.3996,167.8,1208.1000162760417,68.82000223795573,76.07999928792317,6088.932844595437,3295500000.0,368938,14782108.51,385892530.1,0.3969,0.324,215.0,11.167421384036722,62.0
Bitcoin,2018-08-27,6884.640137,1.378593749999709,261.3629058404951,0.4979,77.0,296.0,57.4,114.58999633789062,11.770000457763672,23.68000030517578,26049.64063,2903.679931640625,12.15999984741211,37.76477813720703,94.77999877929688,1.164890170097351,194.9301758,0.3991,196.6,1209.0,68.87000274658203,76.20999908447266,6069.660042278939,4019000000.0,464084,16066331.79,788251385.7,0.3956,0.3024,267.0,11.956863202136969,78.0
Bitcoin,2018-08-28,7096.279785,9.722587890624707,258.9241421978705,0.4937,78.0,299.0,67.6,113.68000030517578,11.460000038146973,24.5,26064.01953,2888.469970703125,12.5,37.62742233276367,94.72000122070312,1.1683608293533323,227.2202148,0.3969,186.8,1207.4000244140625,68.52999877929688,75.94999694824219,6025.757110767471,4659940000.0,488605,13671393.35,977831328.4,0.4064,0.3223,207.0,14.453011591192244,88.0
Bitcoin,2018-08-29,7047.160156,22.450390625000185,250.6067020743619,0.5017,78.0,272.0,55.2,114.1999969482422,11.25,24.31999969482422,26124.57031,2907.790039,12.25,37.85921096801758,94.59999847,1.1691256761550903,142.4799805,0.4013,169.6,1204.5,69.51000213623047,77.13999938964844,5991.917568,4145880000.0,509197,12427793.54,871163498.7,0.4062,0.3117,192.0,16.17275129523919,74.0
Bitcoin,2018-08-30,6978.22998,32.326992187499854,249.70622335476463,0.5154,73.0,364.0,58.2,113.63999938964844,11.40999984741211,24.88999938964844,25986.91992,2906.219970703125,13.529999732971191,36.871952056884766,94.72000122070312,1.1709738969802856,238.0,0.4061,178.2,1197.699951171875,70.25,77.76999664,6018.933363379724,4463250000.0,463657,13524159.95,798481940.6,0.4023,0.3264,206.0,16.46097251761708,92.0
Bitcoin,2018-08-31,7037.580078,51.49580078124927,241.65647637406715,0.5112,71.0,258.0,56.2,113.51000213623048,10.960000038146973,25.020000457763672,25964.82031,2902.860107421875,12.859999656677246,37.06081771850586,95.13999938964844,1.1664663553237915,137.0097656,0.4039,197.6,1200.300048828125,69.80000305175781,77.41999816894531,6032.000164325832,4495650000.0,511307,13715513.66,867343981.1,0.3952,0.3435,207.0,17.09691278101941,99.0
Bitcoin,2018-09-01,7193.25,68.38459960937507,239.01743955716952,0.5066,70.0,222.0,53.2,113.36500167846681,11.075000047683716,25.440000534057617,25961.73535,2895.222595316406,12.934999704360962,36.88053512573242,95.20999908447266,1.1643463373184204,204.2402344,0.4048,143.0,1198.4000244140625,69.81750297546387,77.60749816894531,6033.733705688473,4116050000.0,437404,13547550.91,530711688.3,0.3957,0.3475,217.0,18.243813282929917,56.0
Bitcoin,2018-09-02,7272.720215,81.22600585937471,234.38404404192528,0.5092,69.0,230.0,53.6,113.22000122070314,11.190000057220457,25.860000610351562,25958.65039,2887.5850832109372,13.009999752044678,36.700252532958984,95.27999877929689,1.1622263193130493,174.1499023,0.4059,140.0,1196.5,69.83500289916992,77.79499816894531,6044.585186,4329540000.0,387889,13150417.79,446514389.4,0.3915,0.3421,164.0,19.24434502043399,53.0
Bitcoin,2018-09-03,7260.060059,84.89020507812529,225.4844722576806,0.5178,68.0,220.0,52.6,113.07500076293945,11.3050000667572,26.280000686645508,25955.56543,2879.947571105469,13.084999799728394,36.51996994018555,95.34999847412111,1.1601063013076782,109.7900391,0.4111,177.0,1194.5999755859375,69.85250282287598,77.98249816894531,6092.597466639365,4087760000.0,455957,13221829.9,724804467.1,0.3898,0.3554,207.0,19.241490562574977,60.0
Bitcoin,2018-09-04,7361.660156,85.61800781249985,218.86556882632843,0.5222,67.0,275.0,52.6,112.93000030517578,11.420000076293944,26.700000762939453,25952.48047,2872.310059,13.15999984741211,36.33968734741211,95.41999816894533,1.161548137664795,132.8198242,0.4073,212.2,1192.699951171875,69.87000274658203,78.16999816894531,6123.65474,4273640000.0,474899,11701743.233990302,846834354.7,0.3804,0.3771,248.0,19.728220503284387,100.0
Bitcoin,2018-09-05,6792.830078,58.87840820312522,245.7751780284657,0.5198,62.0,481.0,74.8,113.31999969482422,11.239999771118164,26.62000084,25974.99023,2793.070068359375,13.90999984741211,35.81601333618164,95.12999725341795,1.1586545705795288,595.6000977,0.4068,216.2,1194.9000244140625,68.72000122070312,77.26999664,6180.429198089096,5800460000.0,497298,11985554.49,945103849.4,0.3763,0.3716,229.0,18.668212419359065,102.0
Bitcoin,2018-09-06,6529.169922,22.94220703125029,255.94194126080745,0.5245,53.0,553.0,95.2,113.54000091552734,11.539999961853027,26.15999984741211,25995.86914,2746.969970703125,14.649999618530272,35.85035324,95.01999664,1.1635212898254397,350.4199219,0.3997,264.6,1197.9000244140625,67.76999664,76.5,6173.656051653381,5523470000.0,501001,12250781.553261498,1082892621.0,0.3692,0.3655,210.0,18.798539006218952,86.0
Bitcoin,2018-09-07,6467.069824,-16.9855957,248.97608273324977,0.4916,52.0,368.0,68.2,113.2300033569336,11.300000190734863,26.06999969482422,25916.53906,2730.530029296875,14.880000114440918,35.670066833496094,95.37000274658205,1.162006974220276,158.4199219,0.3791,224.6,1193.5999755859375,67.75,76.83000183105469,6180.842551155348,4264680000.0,539383,12582725.32,745568366.7,0.3719,0.3706,175.0,18.645243591604128,79.0
Bitcoin,2018-09-08,6225.97998,-57.55699219,255.2442182857855,0.4726,53.333333333333336,364.0,58.2,113.20333607991536,11.310000101725262,26.08999951654948,25896.71614333333,2732.1200358072915,14.640000025431315,35.552740732828774,95.29666900772136,1.1600411335627239,336.7299805,0.3755,172.6,1193.3999837239583,67.68000030517578,77.01000213623047,6128.894679513577,3835060000.0,414919,12048687.15,364549896.7,0.3716,0.3846,178.0,19.79923528672417,76.0
Bitcoin,2018-09-09,6300.859863,-92.32379883,254.51531346403297,0.4671,54.666666666666664,404.0,71.4,113.17666880289714,11.320000012715658,26.10999933827474,25876.893226666667,2733.7100423177085,14.399999936421713,35.43541463216146,95.22333526886068,1.1580752929051719,245.0395508,0.3743,151.2,1193.1999918619792,67.61000061035156,77.19000244140625,6127.379054038609,3671890000.0,387389,13080457.36,468243443.82408696,0.3641,0.3923,155.0,19.833640140722984,81.0
Bitcoin,2018-09-10,6329.700195,-103.5354004,242.20852070544132,0.4524,56.0,377.0,67.4,113.1500015258789,11.329999923706056,26.12999916,25857.07031,2735.300048828125,14.15999984741211,35.31808853149414,95.15000153,1.1561094522476196,82.22021484,0.3627,226.2,1193.0,67.54000091552734,77.37000274658203,6101.336727525232,3714100000.0,451965,10889256.61,708849887.9,0.3614,0.3897,162.0,20.38936999385272,86.0
Bitcoin,2018-09-11,6321.200195,-114.5013965,234.81576643630265,0.4557,59.0,398.0,73.0,113.22000122070312,11.260000228881836,27.13999938964844,25971.06055,2764.370117,13.220000267028809,35.395355224609375,95.05999755859376,1.159595012664795,138.7099609,0.3655,215.8,1195.4000244140625,69.25,79.05999755859375,6091.486699982891,3849910000.0,474061,11243962.71,741261463.0,0.3586,0.3978,186.0,20.60604772012162,97.0
Bitcoin,2018-09-12,6351.799805,-135.9549902,225.09894550781675,0.458,59.0,470.0,87.4,114.16999816894533,11.18000030517578,26.940000534057617,25998.91992,2765.629883,13.140000343322754,35.57564163208008,94.8000030517578,1.1596084833145142,98.78027344,0.3671,190.2,1204.699951171875,70.37000274658203,79.73999786376953,6064.5939620435865,4064230000.0,461586,13463775.47,668389215.8,0.3515,0.3493,235.0,21.156970474111674,137.0
Bitcoin,2018-09-13,6517.310059,-146.6735937,222.13547451172272,0.4563,72.0,339.0,77.0,113.76000213623048,11.149999618530272,26.700000762939453,26145.99023,2791.429931640625,12.369999885559082,36.056400299072266,94.54000091552734,1.1629259586334229,181.1699219,0.3607,229.6,1202.0,68.58999633789062,78.18000030517578,6045.572102212515,4210910000.0,466217,12034014.1,1248849239.0,0.3518,0.3212,204.0,21.45116362159024,92.0
Bitcoin,2018-09-14,6512.709961,-153.0823926,216.2636674595461,0.4588,73.0,299.0,74.6,113.0199966430664,10.84000015258789,26.399999618530273,26154.66992,2786.560059,12.06999969482422,36.02205276489258,94.98000336,1.169180393218994,139.9301758,0.3617,176.2,1195.0,68.98999786376953,78.08999633789062,6024.294148907566,4076220000.0,471373,11020990.74,739529758.1,0.3793,0.3138,175.0,21.74992580795876,97.0
Bitcoin,2018-09-15,6543.200195,-163.7427832,205.68557765216775,0.4683,71.0,262.0,49.2,113.21666463216145,10.84333356221517,26.429999669392902,26123.81966,2766.100016546875,12.606666564941406,35.91331354777018,94.82333628541016,1.1670865615208943,68.17041016,0.3631,166.4,1196.566650390625,68.96333312988281,78.07666524251302,6010.309192,3216300000.0,427958,11500218.9,374552271.56430894,0.3718,0.2915,194.0,21.94764111552767,78.0
Bitcoin,2018-09-16,6517.180176,-169.4439941,197.01017785335225,0.4678,69.0,228.0,52.2,113.41333262125652,10.846666971842449,26.459999720255535,26092.969399999998,2745.63997409375,13.143333435058594,35.80457433064779,94.66666921082032,1.1649927298227944,84.22998047,0.3635,156.4,1198.13330078125,68.9366683959961,78.06333414713542,5987.872889110047,3273730000.0,370212,11508923.52,284144583.4,0.3701,0.2981,255.0,22.12823544115085,58.0
Bitcoin,2018-09-17,6281.200195,-166.7397949,203.1301609642735,0.4689,67.0,334.0,54.2,113.61000061035156,10.850000381469728,26.489999771118164,26062.11914,2725.179931640625,13.68000030517578,35.69583511352539,94.51000213623048,1.1628988981246948,282.6899414,0.3591,171.8,1199.699951171875,68.91000366210938,78.05000305175781,5941.954665692521,3910780000.0,481968,10885340.84,572850819.1,0.362,0.303,277.0,22.417334342349644,89.0
Bitcoin,2018-09-18,6371.299805,-169.6417969,197.08302195566463,0.4663,73.0,307.0,60.4,113.44000244140624,10.779999732971191,26.799999237060547,26246.96094,2732.969970703125,12.789999961853027,36.03922271728515,94.62000274658205,1.1669156551361084,118.4702148,0.3556,192.6,1196.800048828125,69.84999847,79.02999877929688,5914.329023,4180090000.0,479309,11443545.954193002,609895983.0,0.3518,0.3018,226.0,22.345855276989383,71.0
Bitcoin,2018-09-19,6398.540039,-168.5023926,200.15710018651004,0.4505,71.0,272.0,57.4,113.87999725341795,10.81000042,26.350000381469727,26405.75977,2770.330078,11.75,36.53714370727539,94.5500030517578,1.167992353439331,240.1201172,0.3561,163.4,1202.199951171875,71.12000274658203,79.40000153,5892.332287806003,4431340000.0,480228,13390617.492954602,707175800.3,0.343,0.3071,174.0,22.23274032999036,80.0
Bitcoin,2018-09-20,6519.669922,-158.1710059,195.38227662408076,0.4548,74.0,245.0,59.6,114.2699966430664,10.720000267028809,26.06999969482422,26656.98047,2788.439941,11.800000190734863,36.94062805175781,93.91000366210938,1.167460560798645,133.3095703,0.3586,221.6,1206.199951171875,70.80000305175781,78.69999694824219,5889.614805829536,4348110000.0,493141,12451118.65,682414738.5,0.3335,0.3238,212.0,21.61792142099766,75.0
Bitcoin,2018-09-21,6734.950195,-141.3155957,202.7099864969143,0.4566,75.0,247.0,71.6,113.48999786376952,10.760000228881836,26.149999618530273,26743.5,2751.219970703125,11.68000030517578,37.112327575683594,94.22000122070312,1.1775927543640137,297.9702148,0.358,237.8,1196.199951171875,70.77999877929688,78.80000305175781,5916.213165971048,6531940000.0,563131,12165754.71,984934175.3521132,0.2964,0.3242,258.0,20.18834020782837,140.0
Bitcoin,2018-09-22,6721.97998,-116.8186035,202.3564341690097,0.4628,73.33333333333333,219.0,44.0,113.48333231608072,10.830000241597494,26.423332850138348,26683.016926666667,2757.1566569010415,11.853333473205565,36.97210693359375,94.23333485921225,1.1767625013987224,197.7602539,0.3706,161.2,1197.2333170572917,71.21333312988281,79.60000101725261,5964.408085229187,4509660000.0,445042,13446563.41,463989750.2,0.3259,0.327,163.0,17.961781222379802,88.0
Bitcoin,2018-09-23,6710.629883,-87.0794043,194.0974017618483,0.4765,71.66666666666667,177.0,43.2,113.47666676839192,10.90000025431315,26.696666081746418,26622.533853333334,2763.0933430989585,12.026666641235352,36.831886291503906,94.24666849772136,1.175932248433431,86.72998047,0.3713,157.2,1198.2666829427083,71.64666748046875,80.39999898274739,6027.1593990467945,4197500000.0,401264,12664817.26,335911295.1,0.3314,0.3244,215.0,15.272137550025883,68.0
Bitcoin,2018-09-24,6595.410156,-68.90280273,189.70902708243057,0.4734,70.0,242.0,48.8,113.47000122070312,10.970000267028809,26.969999313354492,26562.05078,2769.030029296875,12.199999809265137,36.69166564941406,94.26000213623048,1.1751019954681396,132.6601563,0.3666,151.8,1199.300048828125,72.08000183105469,81.19999694824219,6165.346313583845,4177310000.0,469029,12554837.95,512802846.6,0.3324,0.3009,192.0,9.920811934292963,55.0
Bitcoin,2018-09-25,6446.470215,-56.90458984,191.99983039350695,0.4722,64.0,306.0,62.0,113.6500015258789,10.829999923706056,26.829999923706055,26492.21094,2789.699951171875,12.420000076293944,36.83761978149414,94.12999725341795,1.175295352935791,221.7802734,0.3688,178.2,1200.0,72.27999877929688,81.87000274658203,6180.008381968519,4726180000.0,490589,14010771.05,852085846.9,0.3295,0.3093,235.0,8.958774799353806,77.0
Bitcoin,2018-09-26,6495.0,-45.42299805,191.71555818906003,0.4635,53.0,225.0,50.8,113.0500030517578,10.760000228881836,26.530000686645508,26385.2793,2806.909912109375,12.890000343322754,36.91488265991211,94.19000244140624,1.1763184070587158,188.0200195,0.3546,164.6,1194.0,71.56999969482422,81.33999633789062,6179.318555,4437300000.0,474080,11668565.42,753603397.1,0.3414,0.3137,176.0,8.929642978502947,87.0
Bitcoin,2018-09-27,6676.75,-23.75579102,195.67515420010932,0.4527,48.0,215.0,45.0,112.0500030517578,10.859999656677246,26.450000762939453,26439.92969,2833.149902,12.40999984741211,37.095157623291016,95.0,1.1748534440994265,247.1499023,0.3584,166.2,1182.300048828125,72.12000274658203,81.72000122070312,6175.828464859123,4606810000.0,481908,11811663.08,820387842.8,0.3397,0.325,182.0,9.346585623534292,69.0
Bitcoin,2018-09-28,6644.129883,-15.79338867,195.03478325278007,0.4546,47.0,218.0,41.0,112.76000213623048,10.739999771118164,26.729999542236328,26458.31055,2781.120117,12.119999885559082,36.84619141,95.19000244140624,1.1637378931045532,186.7099609,0.3671,163.6,1191.5,73.25,82.72000122070312,6212.0360177076445,5014430000.0,527058,13204326.570730602,916157415.9,0.3386,0.3484,186.0,8.845712406841972,47.0
Bitcoin,2018-09-29,6601.959961,2.013007812500291,190.5665830539208,0.4667,47.666666666666664,176.0,38.8,112.69666798909506,10.836666425069174,27.136666615804035,26522.610679999998,2797.1067706666668,12.079999923706055,36.84905497483073,95.22666931152342,1.1626709699630737,131.4501953,0.3692,122.0,1190.0333251953125,73.93333435058594,83.47333526713541,6238.988313873389,4363690000.0,429819,12553831.98,463385867.6,0.3429,0.3451,171.0,8.460017501036202,59.0
Bitcoin,2018-09-30,6625.560059,18.716201171874673,182.4718089853372,0.4623,48.333333333333336,150.0,40.2,112.63333384195964,10.933333079020182,27.543333689371746,26586.91081,2813.093424333333,12.039999961853027,36.85191853966146,95.26333618164061,1.1616040468215942,77.23974609,0.3689,114.8,1188.566650390625,74.61666870117188,84.22666931356771,6263.468550211626,4002280000.0,413889,13520452.401468402,420373521.3,0.3378,0.3448,170.0,8.144121064968395,75.0
Bitcoin,2018-10-01,6589.620117,29.217207031250837,176.8823745265631,0.4589,49.0,211.0,43.2,112.56999969482422,11.029999732971191,27.950000762939453,26651.21094,2829.080078,12.0,36.85478210449219,95.3000030517578,1.1605371236801147,104.2197266,0.3666,129.0,1187.0999755859375,75.30000305175781,84.98000336,6293.705013297783,4000970000.0,484983,13302756.84,687226380.3,0.3394,0.3331,190.0,7.613398390092375,64.0
Bitcoin,2018-10-02,6556.100098,26.96880859,169.52934358939788,0.4591,45.0,236.0,51.0,113.87000274658205,11.239999771118164,27.68000030517578,26773.93945,2791.909912109375,12.050000190734863,36.39119720458984,95.51000213623048,1.157755732536316,73.93994141,0.3586,119.8,1202.4000244140625,75.23000336,84.80000305175781,6319.837700655667,3979260000.0,484847,11376483.89,826082619.3967651,0.3477,0.3182,189.0,7.115715846620161,76.0
Bitcoin,2018-10-03,6502.589844,31.508408203125327,165.80797446024445,0.4555,51.0,257.0,46.4,113.41999816894533,11.210000038146973,28.040000915527344,26828.39063,2801.820068359375,11.609999656677246,36.09072494506836,95.76000213623048,1.1551746129989624,117.4301758,0.3589,149.2,1198.300048828125,76.41000366210938,86.29000091552734,6318.563552380438,3887310000.0,552113,12003041.51,739357175.7534231,0.3421,0.3228,205.0,7.132941195528436,62.0
Bitcoin,2018-10-04,6576.689941,28.526806640625185,161.49311216620913,0.4512,43.0,201.0,47.6,113.4800033569336,11.59000015258789,28.899999618530273,26627.48047,2720.889892578125,14.220000267028809,35.18931961,95.75,1.147631287574768,105.3999023,0.361,157.0,1197.199951171875,74.33000183105469,84.58000183105469,6322.263962488301,3838410000.0,506880,12562461.63,669076735.7,0.3504,0.343,201.0,7.114162842569502,75.0
Bitcoin,2018-10-05,6622.47998,27.685205078125364,154.6871727927299,0.4475,33.0,205.0,44.8,113.8000030517578,11.640000343322754,28.84000015258789,26447.05078,2664.820068359375,14.81999969482422,35.06053924560547,95.62000274658205,1.1518083810806274,66.20996094,0.3564,180.2,1201.199951171875,74.33999633789062,84.16000366210938,6324.506370743805,3671500000.0,533087,10781240.58,627109174.2,0.3475,0.3378,187.0,7.1623555474311775,69.0
Bitcoin,2018-10-06,6588.310059,22.500205078124964,147.26239147717777,0.4515,31.333333333333332,146.0,38.4,113.38000233968098,11.920000076293945,28.846666971842446,26460.29362,2654.5200195729167,15.10999965654948,35.077710469563804,95.6700007110547,1.1519587834676106,50.74023438,0.3534,128.2,1195.5999755859375,74.32333119710286,84.07667032877605,6328.574776769999,3259740000.0,441965,10527206.71,388807367.7,0.3265,0.3343,155.0,7.142874228642294,50.0
Bitcoin,2018-10-07,6602.950195,20.913408203125073,142.77580603684365,0.453,29.666666666666668,164.0,32.6,112.96000162760416,12.199999809265137,28.853333791097004,26473.53646,2644.2199707864584,15.399999618274741,35.09488169352213,95.71999867552735,1.152109185854594,84.45019531,0.3581,95.4,1190.0,74.30666605631511,83.9933369954427,6383.233899534938,3306630000.0,444618,12012909.058277002,250377608.1,0.3247,0.3362,169.0,5.952849807597471,53.0
Bitcoin,2018-10-08,6652.22998,17.779013671874964,139.65039271501553,0.4499,28.0,187.0,45.6,112.54000091552734,12.479999542236328,28.86000061035156,26486.7793,2633.919922,15.68999958,35.11205291748047,95.76999664,1.1522595882415771,99.02001953,0.3543,121.4,1184.4000244140625,74.29000091552734,83.91000366210938,6419.910315,3979460000.0,477298,11390596.325773396,629275555.9,0.3195,0.3324,230.0,5.253695019888268,56.0
Bitcoin,2018-10-09,6642.640137,19.097822265624927,133.56609429563943,0.4497,23.0,183.0,33.6,112.5999984741211,12.029999732971191,27.899999618530273,26430.57031,2650.449951171875,15.949999809265137,34.983280181884766,95.68000030517578,1.1494120359420776,54.47021484,0.3529,138.0,1187.199951171875,74.95999908447266,85.0,6455.9099034062165,3580810000.0,463257,10819341.66,703382178.2,0.3152,0.3275,181.0,4.523518704,64.0
Bitcoin,2018-10-10,6585.529785,15.278222656249454,131.4313858303259,0.4512,8.0,236.0,52.0,112.87999725341795,12.510000228881836,28.809999465942383,25598.74023,2501.969970703125,22.959999084472656,33.94451904296875,95.51000213623048,1.1506949663162231,101.3300781,0.3564,155.2,1189.300048828125,73.16999816894531,83.08999633789062,6464.074496561009,3787650000.0,482435,11849538.47,752875717.2,0.3135,0.3235,263.0,4.373832528314477,61.0
Bitcoin,2018-10-11,6256.240234,12.715224609374673,146.54342969958833,0.4493,5.0,402.0,83.6,115.77999877929688,13.56999969482422,29.290000915527344,25052.83008,2491.0,24.979999542236328,33.60111618041992,95.01999664,1.1533360481262207,343.0,0.3577,170.6,1223.5,70.97000122070312,80.26000213623047,6384.079064075824,5181640000.0,499968,12798532.01,887230191.3,0.3222,0.3312,290.0,6.092474142113486,68.0
Bitcoin,2018-10-12,6274.580078,3.925419921874891,142.64959794649275,0.4446,11.0,257.0,53.0,115.2300033569336,12.760000228881836,27.729999542236328,25339.99023,2576.489990234375,21.309999465942383,34.58837891,95.22000122070312,1.1590440273284912,92.02978516,0.3391,142.2,1218.0999755859375,71.33999633789062,80.43000030517578,6330.5789504961585,3783500000.0,498115,10340801.32,795636845.7793499,0.3218,0.335,193.0,7.061999854420534,48.0
Bitcoin,2018-10-13,6285.990234,-7.677177734,135.93889145254684,0.4202,11.0,188.0,43.6,115.48666890462239,12.883333524068197,28.016666412353516,25310.17708,2564.9099934895835,21.306666056315105,34.465329490618494,95.17000071207683,1.1577408711115518,48.69970703,0.3389,129.4,1220.8666585286458,71.48666381835938,80.54666646321614,6290.549221,3064030000.0,400481,11153382.17,367758599.9,0.3193,0.3317,158.0,7.659684125842693,63.0
Bitcoin,2018-10-14,6290.930176,-23.80458008,132.1618319626328,0.4215,11.0,228.0,43.0,115.7433344523112,13.006666819254557,28.303333282470703,25280.36393,2553.3299967447915,21.303332646687824,34.34228007123698,95.12000020345052,1.1564377148946126,83.06005859,0.3295,122.4,1223.6333414713542,71.63333129882812,80.66333262125652,6254.264848,3085320000.0,378043,8943885.145,398408927.2,0.3144,0.3331,179.0,8.322999103190455,49.0
Bitcoin,2018-10-15,6596.540039,-27.954375,173.17740702333757,0.421,11.0,318.0,80.2,116.0,13.130000114440918,28.59000015258789,25250.55078,2541.75,21.299999237060547,34.21923065185547,95.06999969482422,1.1551345586776731,706.3798828,0.3477,165.6,1226.4000244140625,71.77999877929688,80.77999877929688,6262.663269011064,7370770000.0,502796,13207214.21,1406050478.0,0.3128,0.3367,261.0,8.286044440942888,96.0
Bitcoin,2018-10-16,6596.109863,-31.31558594,168.10900127613488,0.4191,13.0,183.0,47.8,115.8000030517578,12.199999809265137,28.59000015258789,25798.41992,2633.97998,17.62000084,35.07771682739258,95.0500030517578,1.1583458185195925,102.2197266,0.3487,168.4,1227.300048828125,71.91999816894531,81.41000366210938,6266.996088,4074800000.0,490756,10986126.95,881840150.0592629,0.336,0.3354,187.0,8.301743212,66.0
Bitcoin,2018-10-17,6544.430176,-37.14658203,162.0840558724824,0.4348,14.0,175.0,42.8,115.79000091552734,12.140000343322754,28.12999916,25706.67969,2632.350098,17.399999618530273,34.64847183227539,95.58000183105467,1.1575279235839844,83.75976563,0.352,142.4,1223.699951171875,69.75,80.05000305175781,6267.844828,4088420000.0,490531,11388324.94,727254416.7,0.3402,0.3296,172.0,8.081585469171873,76.0
Bitcoin,2018-10-18,6476.709961,-39.87619141,158.89948045301935,0.4351,12.0,221.0,43.6,115.91999816894533,12.229999542236328,28.530000686645508,25379.44922,2554.489990234375,20.059999465942383,33.73847198486328,95.90000153,1.1500862836837769,117.5,0.3469,144.0,1226.5,68.65000153,79.29000091552734,6263.671513443574,3924080000.0,479720,11365265.47,865272971.5,0.3384,0.2952,180.0,7.963260029202739,57.0
Bitcoin,2018-10-19,6465.410156,-40.68739258,151.00452593405367,0.433,14.0,166.0,43.8,116.01000213623048,11.760000228881836,27.420000076293945,25444.33984,2529.939941,19.88999938964844,34.05611038208008,95.70999908447266,1.1460003852844238,48.37011719,0.3468,126.6,1225.300048828125,69.12000274658203,79.77999877929688,6258.287380319644,3578870000.0,504471,11605843.640855798,835097399.7489752,0.3326,0.2987,162.0,7.9273052387920035,46.0
Bitcoin,2018-10-20,6489.189941,-49.44080078,143.6985037133177,0.4292,14.666666666666666,131.0,37.4,115.91000111897787,11.733333587646484,27.53333346048991,25402.029946666666,2538.9299313697916,19.80666605631511,34.179161071777344,95.81000010172527,1.1476491292317708,48.72021484,0.3458,95.8,1223.933349609375,69.1366678873698,79.79666646321614,6256.1792526117115,3379130000.0,428970,11688690.96,688806312.5,0.3329,0.2995,148.0,7.790891182,69.0
Bitcoin,2018-10-21,6482.350098,-57.88819336,139.17574507754503,0.4275,15.333333333333334,149.0,37.0,115.81000010172527,11.706666946411131,27.64666684468587,25359.720053333334,2547.9199217395835,19.723332722981773,34.30221176147461,95.91000111897787,1.149297873179118,80.37988281,0.3457,97.0,1222.566650390625,69.15333302815755,79.81333414713542,6253.272964639941,3253610000.0,403199,11177638.22,291411405.4,0.3401,0.2981,181.0,7.721760110171233,51.0
Bitcoin,2018-10-22,6487.160156,-62.56240234,135.00746501620253,0.4282,16.0,165.0,37.2,115.70999908447266,11.68000030517578,27.760000228881836,25317.41016,2556.909912109375,19.63999938964844,34.425262451171875,96.01000213623048,1.1509466171264648,80.81982422,0.3533,129.2,1221.199951171875,69.16999816894531,79.83000183105469,6250.868767911138,3672860000.0,489860,12520199.91,729556262.8,0.3362,0.324,219.0,7.693772954691718,60.0
Bitcoin,2018-10-23,6475.740234,-66.83979492,129.27405652174164,0.4278,12.0,189.0,36.8,116.38999938964844,12.31000042,29.37999916,25191.42969,2568.540039,20.709999084472656,34.04753112792969,95.95999908447266,1.1467890739440918,54.73974609,0.351,165.2,1233.4000244140625,66.43000030517578,76.44000244140625,6249.287696932086,3716150000.0,487826,12421483.07,726527353.6,0.32,0.3261,211.0,7.702703773137899,57.0
Bitcoin,2018-10-24,6495.839844,-73.89980469,123.83522184831368,0.4265,6.0,144.0,36.2,116.66000366210938,13.109999656677246,29.799999237060547,24583.41992,2430.149902,25.229999542236328,32.94866943359375,96.43000030517578,1.147315263748169,53.13037109,0.3371,159.8,1227.800048828125,66.81999969482422,76.16999816894531,6247.756097645395,3424670000.0,478551,9185666.641,772529022.5,0.323,0.3244,218.0,7.630186189,69.0
Bitcoin,2018-10-25,6476.290039,-69.26280273,119.10557151539842,0.4249,9.0,193.0,35.2,116.4000015258789,12.300000190734863,28.5,24984.55078,2570.340087890625,24.219999313354492,33.583953857421875,96.68000030517578,1.139925837516785,57.62011719,0.3457,150.8,1229.0999755859375,67.33000183105469,76.88999938964844,6247.322771761356,3230550000.0,474715,11078368.71,813572559.9560691,0.3222,0.3201,170.0,7.426824778940366,57.0
Bitcoin,2018-10-26,6474.75,-56.13320313,114.0751861058164,0.4252,7.0,146.0,37.8,116.7699966430664,12.920000076293944,29.09000015258789,24688.31055,2526.870117,24.15999984741211,33.197628021240234,96.36000061035156,1.1377859115600586,48.68017578,0.3458,163.0,1232.5,67.58999633789062,77.62000274658203,6246.031341354927,3306050000.0,503384,11721332.38,744611642.3,0.3152,0.3186,145.0,7.297995686383249,48.0
Bitcoin,2018-10-27,6480.379883,-40.15580078,109.77555646209736,0.4236,7.0,135.0,32.8,116.61666361490886,12.939999898274738,29.213333129882812,24606.51367333333,2499.5967609427084,24.34000015258789,33.005900065104164,96.43333435058594,1.1384818951288858,53.88037109,0.3444,131.8,1229.8333333333333,67.4066645304362,77.52666727701823,6246.433572944428,3393250000.0,418914,11140721.61,380002708.1,0.3206,0.3235,165.0,7.103224914915415,37.0
Bitcoin,2018-10-28,6486.390137,-19.26120117,105.81799020810828,0.4229,7.0,114.0,31.0,116.46333058675131,12.959999720255533,29.336666107177734,24524.716796666668,2472.3234048854165,24.520000457763672,32.8141721089681,96.5066680908203,1.1391778786977131,54.36962891,0.3432,106.6,1227.1666666666667,67.22333272298177,77.43333180745442,6252.582581555924,3445190000.0,403764,11312884.790770195,458829452.7,0.3,0.3241,198.0,6.665805270276367,49.0
Bitcoin,2018-10-29,6332.629883,-1.309394531,112.30312399904696,0.4224,7.0,233.0,31.8,116.30999755859376,12.979999542236328,29.459999084472656,24442.91992,2445.050048828125,24.700000762939453,32.62244415283203,96.58000183105467,1.1398738622665403,196.6098633,0.3446,120.8,1224.5,67.04000091552734,77.33999633789062,6245.059904261743,4199910000.0,495174,11701707.396593995,894864910.1,0.3046,0.3235,224.0,6.4345450169814935,50.0
Bitcoin,2018-10-30,6334.27002,5.112802734374782,108.1993364031329,0.4214,7.0,223.0,38.8,115.8000030517578,12.300000190734863,29.899999618530273,24874.64063,2491.02002,23.350000381469727,33.25773239135742,97.01000213623048,1.137617588043213,54.85009766,0.3417,134.8,1222.5999755859375,66.18000030517578,75.91000366210938,6235.796258047976,3781100000.0,505404,12343537.16,627295099.1,0.2926,0.3225,204.0,6.344634672521175,55.0
Bitcoin,2018-10-31,6317.609863,6.129394531,102.7765462,0.4115,7.0,185.0,35.8,115.1500015258789,12.079999923706056,30.12000084,25115.75977,2580.550048828125,21.229999542236328,33.618289947509766,97.12999725341795,1.1346358060836792,32.28027344,0.3405,144.6,1212.300048828125,65.30999755859375,75.47000122070312,6248.3807516335855,4191240000.0,510367,12904937.91,803653185.5,0.2804,0.3243,184.0,6.046229958,47.0
Bitcoin,2018-11-01,6377.779785,6.382792968750437,112.24322564861971,0.4112,6.0,184.0,35.6,116.62999725341795,12.600000381469728,31.540000915527344,25380.74023,2646.689941,19.34000015258789,34.82017517089844,96.27999877929688,1.1316697597503662,235.3100586,0.3391,150.4,1236.0,63.689998626708984,75.5,6266.651456417247,3789400000.0,505058,12416572.25,806286749.0,0.2866,0.3233,166.0,5.634752197166862,73.0
Bitcoin,2018-11-02,6388.439941,-1.4028125,109.18870813577188,0.4126,8.0,169.0,41.0,116.6500015258789,12.5,32.209999084472656,25270.83008,2597.25,19.510000228881836,35.043373107910156,96.54000091552734,1.140328884124756,69.47998047,0.336,155.0,1230.9000244140625,63.13999938964844,72.83000183105469,6285.081676812646,4234870000.0,565269,11791348.731355002,870677656.7241691,0.2769,0.3239,172.0,5.217857050768625,37.0
Bitcoin,2018-11-03,6361.259766,-5.067216797,105.51092234259174,0.4141,8.333333333333334,117.0,26.0,116.55666859944662,12.463333447774252,32.36666615804037,25334.453126666667,2585.5799967447915,19.65999984741211,35.074854531940105,96.47666676701823,1.1401382684707644,57.69970703,0.3419,123.2,1230.5333658854167,63.12666575113932,72.94333394368489,6299.7541598617345,3658640000.0,453208,12840788.91,366071278.7,0.2723,0.3245,121.0,4.869465886990282,58.0
Bitcoin,2018-11-04,6376.129883,-8.500019531,104.69300350338877,0.4136,8.666666666666666,135.0,37.8,116.46333567301433,12.426666895548502,32.52333323160807,25398.07617333333,2573.9099934895835,19.809999465942383,35.10633595597005,96.41333261850912,1.1399476528167725,94.06005859,0.3295,140.0,1230.1667073567708,63.11333211263021,73.05666605631511,6298.839233015467,4390020000.0,418053,9959012.669,525975032.8,0.2715,0.3242,133.0,4.564242576848104,46.0
Bitcoin,2018-11-05,6419.660156,-10.37861328,105.56991229332527,0.4117,9.0,133.0,41.6,116.37000274658205,12.390000343322754,32.68000030517578,25461.69922,2562.239990234375,19.959999084472656,35.13781738,96.34999847,1.1397570371627808,116.9697266,0.3363,138.0,1229.800048828125,63.099998474121094,73.16999816894531,6306.903911558266,4174800000.0,531376,11736833.132073602,749362381.0105261,0.2737,0.3103,114.0,4.045817520425789,48.0
Bitcoin,2018-11-06,6461.009766,-7.302021484,101.98560773219492,0.4165,12.0,132.0,38.8,116.04000091552734,12.470000267028809,34.150001525878906,25635.00977,2578.72998,19.90999984741211,35.07771682739258,96.31999969482422,1.141291856765747,55.38964844,0.3325,137.4,1223.800048828125,62.209999084472656,72.12999725341797,6311.714740981809,4700040000.0,519342,10388473.32,750361150.5,0.2741,0.3113,176.0,3.7691956276431737,93.0
Bitcoin,2018-11-07,6530.140137,-1.5478125,101.21166365310955,0.4146,25.0,109.0,35.0,116.02999877929688,11.229999542236328,33.04999923706055,26180.30078,2654.100098,16.360000610351562,35.73875427246094,96.0,1.1438506841659546,83.85009766,0.3343,147.4,1226.199951171875,61.66999816894531,72.06999969482422,6308.4380243918395,4941260000.0,522948,10876602.45,854471221.9,0.2779,0.3149,165.0,3.952484163089726,58.0
Bitcoin,2018-11-08,6453.720215,2.5847949218750728,101.010126,0.4161,29.0,134.0,34.8,115.77999877929688,11.40999984741211,32.22999954223633,26191.2207,2608.399902,16.719999313354492,34.81158447265625,96.63999938964844,1.1434059143066406,98.39013672,0.3319,164.8,1222.9000244140625,60.66999816894531,70.65000153,6308.299835054496,4665260000.0,498004,9902899.043,773348007.5,0.2602,0.3187,161.0,3.938971990377805,46.0
Bitcoin,2018-11-09,6385.620117,3.245205078125764,99.73010585315951,0.419,18.0,146.0,26.4,114.4800033569336,11.43999958,35.099998474121094,25989.30078,2562.350098,17.360000610351562,34.167720794677734,96.91000366210938,1.1368415355682373,83.08984375,0.3309,144.4,1206.4000244140625,60.189998626708984,70.18000030517578,6303.934171205933,4346820000.0,541364,10262802.93,836981702.0,0.2528,0.3192,141.0,3.916861466370301,43.0
Bitcoin,2018-11-10,6409.220215,-1.318994141,96.31865019,0.4123,15.666666666666666,102.0,25.8,114.20667012532552,11.669999758146973,36.779998779296875,25788.59375,2527.286702703125,18.39000066121419,34.00747044881185,97.12000274658203,1.1353952884674072,51.96972656,0.3285,121.2,1204.7000325520833,60.10333251953125,70.16000111897786,6302.357059042554,3705320000.0,448643,10836466.36,384259935.0,0.2465,0.3177,127.0,3.8543744150255463,38.0
Bitcoin,2018-11-11,6411.27002,-11.12938477,94.65875218493092,0.4067,13.333333333333334,119.0,25.6,113.93333689371745,11.899999936293945,38.459999084472656,25587.886720000002,2492.22330740625,19.420000712076824,33.84722010294596,97.33000183105469,1.1339490413665771,73.08007813,0.3325,114.8,1203.0000406901042,60.016666412353516,70.14000193277995,6301.654068,3939060000.0,422963,11660743.77,384049108.0933979,0.2407,0.3262,134.0,3.760378880473213,54.0
Bitcoin,2018-11-12,6371.27002,-21.09338867,93.16453746413228,0.4072,11.0,110.0,33.0,113.66000366210938,12.130000114440918,40.13999938964844,25387.17969,2457.159912109375,20.450000762939453,33.68696975708008,97.54000091552734,1.132502794265747,73.73974609,0.3285,122.4,1201.300048828125,59.93000030517578,70.12000274658203,6297.074109388047,4295770000.0,510342,11404614.57,752483811.3,0.2302,0.3245,154.0,3.7433826201463183,52.0
Bitcoin,2018-11-13,6359.490234,-26.91539063,90.26707747785495,0.4053,10.0,194.0,36.6,113.6999969482422,12.18999958,55.709999084472656,25286.49023,2486.989990234375,20.020000457763672,34.07329177856445,97.3000030517578,1.123342990875244,52.60009766,0.322,135.8,1199.199951171875,55.689998626708984,65.47000122070312,6293.452711629105,4503800000.0,491741,9557212.463,807686927.1,0.2347,0.3282,143.0,3.647647672123022,74.0
Bitcoin,2018-11-14,5738.350098,-38.39679688,142.92371201068676,0.4035,7.0,454.0,85.6,114.63999938964844,12.880000114440918,47.06999969482422,25080.5,2489.22998,21.25,34.279327392578125,96.8000030517578,1.1311193704605105,827.4599609,0.3198,144.6,1207.9000244140625,56.25,66.12000274658203,6060.939014228044,7398940000.0,524970,10486098.12,1181029259.0,0.232,0.3337,211.0,9.807232693988292,76.0
Bitcoin,2018-11-15,5648.029785,-48.82160156,162.4605855389413,0.3993,10.0,516.0,88.4,114.7699966430664,12.119999885559082,43.869998931884766,25289.26953,2529.290039,19.979999542236328,35.043373107910156,96.93000030517578,1.131183385848999,416.4399414,0.3026,137.2,1212.800048828125,56.459999084472656,66.62000274658203,5891.6319002141745,7032140000.0,523899,8932985.475,2667893505.0,0.2357,0.3248,134.0,13.91321254207032,107.0
Bitcoin,2018-11-16,5575.549805,-64.63140625,162.1476921522312,0.3512,10.0,288.0,60.4,115.62000274658205,12.050000190734863,40.560001373291016,25413.2207,2482.830078,18.13999938964844,35.11205291748047,96.47000122070312,1.1324899196624756,158.0800781,0.2884,145.2,1220.800048828125,56.459999084472656,66.76000213623047,5742.8856875778865,5279320000.0,533315,8908268.518,1082196428.0,0.29,0.3175,118.0,17.306049007542402,55.0
Bitcoin,2018-11-17,5554.330078,-79.64020508,154.7814298221611,0.348,9.333333333333334,280.0,52.2,115.63666788736981,12.223333358764648,41.52333450317383,25281.29361666667,2447.406738333333,18.79333305358887,34.954663594563804,96.37666829427083,1.1354586680730183,59.02001953,0.2936,114.4,1221.5666910807292,56.559998829648436,66.77000172932942,5618.497231850676,4303150000.0,428640,10338423.73,490284413.2,0.2859,0.3196,119.0,19.928300066791905,85.0
Bitcoin,2018-11-18,5623.540039,-94.49020508,150.81702663173888,0.3442,8.666666666666666,233.0,47.4,115.65333302815756,12.396666526794435,42.48666763305664,25149.366533333334,2411.9833986666667,19.446666717529297,34.79727427164713,96.28333536783853,1.1384274164835613,93.86962891,0.2846,127.4,1222.3333333333333,56.65999857482422,66.78000132242839,5529.580921808936,4159680000.0,393876,8599720.959,353784045.7,0.2831,0.3178,127.0,21.765401658342565,54.0
Bitcoin,2018-11-19,4871.490234,-115.4091992,195.80365921607896,0.344,8.0,585.0,112.0,115.66999816894533,12.56999969482422,43.45000076293945,25017.43945,2376.560059,20.100000381469727,34.63988494873047,96.19000244140624,1.141396164894104,777.8696289,0.2803,159.0,1223.0999755859375,56.75999832,66.79000091552734,5244.688846291734,7039560000.0,470247,8462806.98,1021796906.0,0.2815,0.3164,232.0,28.93185613638562,105.0
Bitcoin,2018-11-20,4451.870117,-141.2247949,230.35339784350188,0.3473,7.0,659.0,154.0,115.66999816894533,12.630000114440918,56.560001373291016,24465.64063,2339.870117,22.479999542236328,33.89301300048828,96.80999755859376,1.1455016136169434,679.5,0.2564,181.6,1219.0,53.43000030517578,62.529998779296875,4894.109255164826,8428290000.0,543711,7923554.716,1475820952.0,0.2817,0.3114,345.0,37.9006906,97.0
Bitcoin,2018-11-21,4602.169922,-158.2793945,237.59601228325172,0.2869,13.0,463.0,97.0,115.86000061035156,12.119999885559082,51.790000915527344,24464.68945,2351.760009765625,20.799999237060547,34.51969909667969,96.70999908447266,1.1372424364089966,331.75,0.2061,151.8,1225.800048828125,54.630001068115234,63.47999954223633,4658.343939241746,6120120000.0,472552,6049615.524,1007014548.0,0.2755,0.2374,228.0,43.40722082682893,81.0
Bitcoin,2018-11-22,4365.939941,-179.2163965,239.4820114058766,0.2443,11.0,312.0,65.2,115.81499862670898,12.110000133514406,58.47999954223633,24375.319335,2334.5,21.15999984741211,34.31795692443848,96.81499862670898,1.1388354301452637,264.0,0.2083,133.8,1223.4000244140625,52.52499961853027,61.13999938964844,4402.954015649968,4569370000.0,467175,6996199.905,662090854.6,0.2684,0.2373,135.0,49.43312861206864,75.0
Bitcoin,2018-11-23,4347.109863,-204.2395996,236.7147067407247,0.265,9.0,377.0,80.0,115.7699966430664,12.100000381469728,65.16999816894531,24285.94922,2317.239990234375,21.520000457763672,34.116214752197266,96.91999816894533,1.1403158903121948,200.7397461,0.2,126.6,1221.0,50.41999816894531,58.79999923706055,4183.411839,4871490000.0,479022,6900149.063,740000744.4,0.2367,0.2331,200.0,54.43421514404763,80.0
Bitcoin,2018-11-24,3880.760009765625,-223.9926025,263.94436566214614,0.2421,11.666666666666666,353.0,81.8,115.72666422526042,12.010000228881838,62.73666508992513,24404.04622333333,2345.9766438802085,20.64666684468587,34.25643157813151,96.96999867757162,1.1381223996480305,617.9299316,0.1895,108.2,1220.7333170572917,50.82333246866862,59.359999338785805,3890.043729891247,4679500000.0,406861,7770115.718,398983130.8,0.2212,0.234,196.0,61.63880404,48.0
Bitcoin,2018-11-25,4009.969970703125,-232.8044043,283.3633437286893,0.2404,14.333333333333332,527.0,137.6,115.68333180745442,11.920000076293947,60.303332010904946,24522.143226666667,2374.7132975260415,19.773333231608074,34.39664840406575,97.01999918619792,1.1359289089838662,535.8100586,0.1723,159.0,1220.4666341145833,51.22666676839193,59.91999944051107,3675.350466,6825640000.0,410530,6188075.91,618633300.6,0.212,0.2406,233.0,66.41264665,91.0
Bitcoin,2018-11-26,3779.129883,-250.202207,296.2102630940508,0.1916,17.0,450.0,106.6,115.63999938964844,11.829999923706056,57.869998931884766,24640.24023,2403.449951171875,18.899999618530273,34.53686523,97.06999969482422,1.133735418319702,463.2202148,0.1433,157.0,1220.199951171875,51.630001068115234,60.47999954223633,3450.896872069171,6476900000.0,469613,5473562.855,736626813.7,0.2155,0.1425,231.0,71.4378335,72.0
Bitcoin,2018-11-27,3820.719970703125,-264.0994092,289.47738367103824,0.206,19.0,442.0,97.6,114.9499969482422,12.010000228881836,54.63999938964844,24748.73047,2398.389892578125,19.020000457763672,34.77724838256836,97.37000274658205,1.1333370208740234,201.9499512,0.133,156.0,1211.199951171875,51.560001373291016,60.209999084472656,3280.3428783191453,5998720000.0,462322,6208586.798,846867046.1775109,0.2049,0.0725,221.0,74.62805404821506,76.0
Bitcoin,2018-11-28,4257.419922,-267.2122119,309.1704228,0.1795,21.0,365.0,105.8,115.37999725341795,11.43000030517578,53.99000168,25366.42969,2468.159912109375,18.489999771118164,35.60997772216797,96.79000091552734,1.1298797130584717,563.4299316,0.1264,180.0,1221.4000244140625,50.290000915527344,58.75999832,3210.8746920901663,7280280000.0,454764,6083835.510460329,807058144.2,0.1571,0.1126,306.0,74.65263167273845,95.0
Bitcoin,2018-11-29,4278.84668,-258.5114746,306.1764905461535,0.1875,23.0,300.0,72.2,115.73999786376952,11.390000343322754,53.959999084472656,25338.83984,2440.159912109375,18.790000915527344,35.300926208496094,96.77999877929688,1.1368545293807983,267.2553711,0.1509,147.8,1224.0999755859375,51.45000076293945,59.50999832,3164.1049382511924,6503347767.0,461335,5723625.77,916066338.2148747,0.1632,0.0732,197.0,73.88537186902032,56.0
Bitcoin,2018-11-30,4017.268555,-251.7241064,311.46063700825863,0.2311,22.0,297.0,56.4,115.54000091552734,11.260000228881836,56.040000915527344,25538.46094,2476.209961,18.06999969482422,35.26658630371094,97.26999664,1.1392766237258911,380.154541,0.1568,153.6,1220.199951171875,50.93000030517578,58.709999084472656,3111.585598934309,6048016717.0,460123,5401820.889,1613578163.5010002,0.1708,0.0723,167.0,72.95051573897314,52.0
Bitcoin,2018-12-01,4214.671875,-236.4458643,313.47535922530267,0.2337,21.333333333333332,211.0,49.2,115.83000183105469,11.15000025431315,53.89666748046875,25634.450523333333,2499.323323609375,17.52666664123535,35.504099529140625,97.19333139850912,1.1375924348831177,339.666748,0.1436,118.8,1224.7666422526042,51.60333379109701,59.7033322652181,3121.2360573919527,5375314093.0,420225,6537919.269,689975479.9,0.1921,0.0002329558571889656,166.0,69.63334573052637,56.0
Bitcoin,2018-12-02,4139.87793,-222.7379102,304.69433468242397,0.2072,20.666666666666668,206.0,39.2,116.12000274658203,11.040000279744465,51.753334045410156,25730.44010666667,2522.43668621875,16.983333587646484,35.74161275457031,97.11666615701823,1.1359082460403442,190.5410156,0.1437,92.2,1229.3333333333333,52.27666727701823,60.69666544596354,3156.0868754654684,5262697895.0,364379,5968275.426894319,348205860.3,0.1946,0.0119,166.0,65.03297868,51.0
Bitcoin,2018-12-03,3894.130859,-222.9694922,305.4685395711794,0.2244,20.0,343.0,58.0,116.41000366210938,10.93000030517578,49.61000061035156,25826.42969,2545.550048828125,16.440000534057617,35.97912598,97.04000091552734,1.1342240571975708,315.5332031,0.1422,119.4,1233.9000244140625,52.95000076293945,61.689998626708984,3208.894851954067,5089570994.0,426800,5738092.55,1239335737.0,0.1735,0.025326518185492697,178.0,59.05991295142482,53.0
Bitcoin,2018-12-04,3956.893798828125,-229.6287549,300.99776428372905,0.2192,20.0,323.0,72.2,117.12000274658205,11.630000114440918,49.84000015258789,25027.07031,2448.489990234375,20.739999771118164,35.21506881713867,96.97000122070312,1.135486125946045,242.8776855,0.1339,126.0,1241.0999755859375,53.25,62.08000183105469,3212.750794,5028069239.0,492965,7036398.753,2465252204.0,0.1839,-0.00035690770544416495,160.0,56.07522023016354,67.0
Bitcoin,2018-12-05,3753.994873046875,-241.6916211,294.89371080810554,0.193,17.5,335.0,65.8,117.13000106811525,11.619999885559082,49.98500061035156,24987.370115,2456.4200441171874,20.96500015258789,35.05195999145508,96.88999938964844,1.1342884302139282,215.5410156,0.1378,130.0,1239.5999755859375,52.37000084,61.07000160217285,3207.127100646837,5302481574.0,438438,6291958.871,1409782759.0,0.2234,0.0678,172.0,53.21347957286181,61.0
Bitcoin,2018-12-06,3521.101806640625,-260.9600244,299.1058927369908,0.1979,15.0,391.0,73.4,117.13999938964844,11.609999656677246,50.130001068115234,24947.66992,2464.350098,21.190000534057617,34.888851165771484,96.80999755859376,1.134906292,353.8642578,0.1334,155.4,1238.0999755859375,51.49000168,60.060001373291016,3188.710186136997,5878333109.0,480400,6343227.256,1426379106.0,0.2427,0.0726,218.0,50.54305171409249,66.0
Bitcoin,2018-12-07,3419.937255859375,-279.1732324,294.94640374684866,0.1781,11.0,521.0,134.0,118.08999633789062,12.220000267028809,41.83000183105469,24388.94922,2398.669922,23.229999542236328,34.23640823364258,96.51000213623048,1.1374752521514893,232.3615723,0.1066,174.2,1246.800048828125,52.61000061035156,61.66999816894531,3196.289272181506,6835615448.0,495221,4960658.031,751100109.5,0.2525,0.026,267.0,46.34488522779138,84.0
Bitcoin,2018-12-08,3476.114746,-291.0231543,284.97829078390413,0.1558,10.333333333333334,306.0,79.2,117.95333099365234,12.160000165303549,42.90666834513346,24400.38607,2408.436604901042,23.03333282470703,34.116217295328774,96.74666849772136,1.1383484601974487,155.3928223,0.0958,101.0,1245.7666829427083,52.073333740234375,61.10333251953125,3312.209489284995,5305024497.0,382550,5447972.132,368967391.6,0.2245,0.0574,169.0,36.553996448088746,57.0
Bitcoin,2018-12-09,3614.234375,-295.7293408,280.06637185514313,0.1393,9.666666666666666,277.0,52.2,117.81666564941406,12.100000063578287,43.98333485921224,24411.82292,2418.203287802083,22.836666107177738,33.996026357014976,96.98333485921225,1.1392216682434082,216.2114258,0.0928,102.6,1244.7333170572917,51.53666687011719,60.53666687011719,3328.7279446337448,4947372847.0,364579,5614631.981,279427828.5,0.2011,0.0488,155.0,33.15099007529086,55.0
Bitcoin,2018-12-10,3502.656005859375,-298.4809229,272.7179158855793,0.1434,9.0,292.0,49.8,117.68000030517578,12.039999961853027,45.060001373291016,24423.25977,2427.969970703125,22.63999938964844,33.87583541870117,97.22000122070312,1.1400948762893677,177.1879883,0.0965,132.8,1243.699951171875,51.0,59.970001220703125,3284.399174416393,5020968740.0,443067,5539420.92,526990901.5,0.1949,-0.06898181668932812,141.0,33.39117952425826,50.0
Bitcoin,2018-12-11,3424.588134765625,-299.2657959,261.87628322187726,0.1588,8.0,257.0,52.4,117.54000091552734,11.460000038146973,41.459999084472656,24370.24023,2431.439941,21.760000228881836,34.133384704589844,97.38999938964844,1.1356538534164429,120.9350586,0.0908,119.4,1241.9000244140625,51.650001525878906,60.20000076293945,3262.3933565994266,4696765188.0,432511,5337996.899,729578613.4,0.1729,0.0003,112.0,31.998559878766127,47.0
Bitcoin,2018-12-12,3486.950195,-297.9061426,251.79562515692177,0.1438,10.0,286.0,67.0,117.79000091552734,11.289999961853027,39.900001525878906,24527.26953,2470.060059,21.459999084472656,34.69139862060547,97.04000091552734,1.1323105096817017,120.7470703,0.0768,157.8,1244.4000244140625,51.150001525878906,60.150001525878906,3237.0123572884727,4139364829.0,439270,5160390.74,548638941.8,0.119,-0.0983912836415951,172.0,31.39765202,47.0
Bitcoin,2018-12-13,3313.677246,-301.7634863,247.4964677796416,0.1364,11.0,273.0,55.4,117.52999877929688,10.68999958,39.25,24597.38086,2479.379883,20.649999618530273,34.68281555175781,97.05999755859376,1.1373459100723269,191.6074219,0.0752,114.8,1242.699951171875,52.58000183105469,61.45000076293945,3190.9939768534273,4343372456.0,439018,5827864.077,597302477.0,0.0719,-0.08941828993054679,169.0,31.527456325503167,58.0
Bitcoin,2018-12-14,3242.484863,-308.9404785,238.60483950073865,0.1448,8.0,373.0,66.6,117.05999755859376,10.770000457763672,42.380001068115234,24100.50977,2429.280029296875,21.62999916,34.19348145,97.44000244140624,1.1363636255264282,123.0136719,0.0647,117.6,1237.0,51.20000076293945,60.279998779296875,3115.6461561196043,4372763663.0,464524,5982323.516,523412561.2,0.029,0.0003856711461083795,165.0,34.107959483313806,69.0
Bitcoin,2018-12-15,3236.761719,-314.1063623,227.56695545715908,0.1249,8.666666666666666,277.0,65.6,117.32999928792319,11.096666971842447,43.78333409627279,23931.333336666667,2399.9633788645833,22.593332925921224,34.08759943956706,97.32666778427082,1.1344407399495442,84.07446289,0.053,102.6,1240.4666748046875,50.76000086466471,60.0566660563151,3050.1396685188915,3551763561.0,397644,6057975.854526701,290998236.3,0.018,0.007706250084005717,157.0,35.90694035732313,79.0
Bitcoin,2018-12-16,3252.839111328125,-317.4057373,216.4502693251745,0.1171,9.333333333333334,203.0,48.8,117.60000101725262,11.423333485921225,45.186667124430336,23762.156903333333,2370.6467284322916,23.556666691842448,33.981717429134115,97.21333312713541,1.1325178543726604,71.93334961,0.0477,78.0,1243.933349609375,50.320000966389976,59.833333333333336,2994.7420545954424,3744248994.0,364388,4666604.258,315066374.4,0.0089,-0.09499161957969526,150.0,37.73869764121865,69.0
Bitcoin,2018-12-17,3545.864746,-316.4404443,225.6380256,0.1152,10.0,223.0,69.0,117.87000274658205,11.75,46.59000015258789,23592.98047,2341.330078,24.520000457763672,33.87583541870117,97.09999847,1.1305949687957764,344.7949219,0.0599,124.6,1247.4000244140625,49.880001068115234,59.61000061035156,2980.9128974022774,5409247918.0,466784,6740883.105937961,540372096.1,0.0077,0.005552052987721323,211.0,37.884424578099136,61.0
Bitcoin,2018-12-18,3696.059082,-305.5286084,224.8196077723284,0.1163,8.0,265.0,62.2,118.1500015258789,12.18000030517578,53.349998474121094,23675.64063,2352.679931640625,25.579999923706055,34.10588073730469,97.13999938964844,1.1349835395812988,214.1801758,0.0676,130.4,1249.199951171875,46.24000168,56.25999832,3005.308537753415,5911325473.0,461773,5692744.162,717156551.8,0.009,0.0007563847703456195,168.0,35.30063776,46.0
Bitcoin,2018-12-19,3745.950684,-292.6188916,227.4819941870282,0.1531,8.0,313.0,83.6,117.43000030517578,11.399999618530272,50.86000061035156,23323.66016,2282.719970703125,25.579999923706055,33.53948974609375,97.04000091552734,1.137539982795715,262.0930176,0.0935,123.8,1252.0999755859375,47.20000076293945,57.24000168,3044.2621267830164,6810689119.0,495568,7089582.701,893184813.8,0.0286,-0.00025683149579541764,214.0,31.93884864068343,42.0
Bitcoin,2018-12-20,4134.441406,-271.5224951,244.25141647724044,0.1711,5.0,300.0,67.8,119.23999786376952,12.449999809265137,52.88999938964844,22859.59961,2204.610107421875,28.37999916,33.80089569091797,96.27999877929688,1.138952136039734,462.2539063,0.108,107.8,1263.5999755859375,45.880001068115234,54.349998474121094,3032.1665352671193,8927129279.0,475406,6721946.323,823827197.2856089,0.0456,0.0005396631281799902,241.0,32.87686076631895,66.0
Bitcoin,2018-12-21,3896.543701171875,-256.5964014,251.62512947440183,0.1751,3.0,215.0,43.0,118.72000122070312,11.970000267028809,51.75999832,22445.36914,2122.669922,30.11000061035156,33.56562042236328,96.95999908447266,1.1456853151321411,347.4833984,0.1327,103.6,1253.800048828125,45.59000015258789,53.81999969482422,3064.608451800717,7206015706.0,492726,7076086.734,810541683.5,0.0569,0.0705,211.0,30.34507769778995,48.0
Bitcoin,2018-12-22,4014.182617,-245.27104,244.96930619163209,0.2136,2.6666666666666665,181.0,36.4,119.15333302815755,12.913333574930826,53.41666539407878,22227.645833333332,2105.3766276666665,32.096666971842446,33.46105702718099,96.82333374023438,1.1428839365641277,158.4436035,0.1349,82.6,1258.36669921875,44.56999969482422,52.70333353678385,3080.196762792667,5605823233.0,386813,8594155.303,303876048.6,0.055,0.0294,150.0,29.184967339737213,38.0
Bitcoin,2018-12-23,3998.980224609375,-239.7852148,235.27991797035477,0.1897,2.3333333333333335,162.0,43.0,119.58666483561198,13.856666882832846,55.07333246815755,22009.922526666665,2088.0833333333335,34.08333333333333,33.356493631998696,96.68666839599608,1.140082557996114,109.3178711,0.1379,75.6,1262.933349609375,43.54999923706055,51.58666737874349,3072.160188275896,6151275490.0,371648,8916949.297,390737504.9,0.0496,0.0532,162.0,29.87793696627984,55.0
Bitcoin,2018-12-24,4078.599121,-233.9694434,237.9607992481419,0.2026,2.0,172.0,35.8,120.0199966430664,14.800000190734863,56.72999954223633,21792.19922,2070.790039,36.06999969482422,33.251930236816406,96.5500030517578,1.1372811794281006,271.4606934,0.1371,84.6,1267.5,42.529998779296875,50.470001220703125,3060.3615410817247,7240968501.0,419725,8231393.772,684558459.3,0.0477,0.0496,188.0,30.816344078652165,49.0
Bitcoin,2018-12-25,3815.490723,-242.3894629,244.5022432750604,0.2,3.0,196.0,32.2,119.84000015258789,14.635000228881836,55.39999961853027,22335.32422,2144.3499755546877,33.239999771118164,33.58305549621582,96.8000030517578,1.140393853187561,329.5410156,0.1447,81.0,1268.3499755859375,44.375,52.470001220703125,3059.7986884991437,6158207293.0,353052,7569827.665949719,403843192.8,0.0462,0.0677,134.0,30.991101704534696,48.0
Bitcoin,2018-12-26,3857.297607421875,-244.8389844,235.85892944179713,0.2095,4.0,180.0,33.4,119.66000366210938,14.470000267028809,54.06999969482422,22878.44922,2217.909912109375,30.40999984741211,33.914180755615234,97.0500030517578,1.1415525674819946,123.4958496,0.1161,82.8,1269.199951171875,46.220001220703125,54.470001220703125,3069.472807472557,5326547918.0,397075,7478293.742,422281688.5,0.007,0.0157,141.0,31.240210926133997,40.0
Bitcoin,2018-12-27,3654.833496,-254.8599707,235.36675632876697,0.1802,8.0,185.0,42.4,120.56999969482422,15.18000030517578,57.15999984741211,23138.82031,2207.47998,29.959999084472656,33.87060547,96.48000336,1.1361312866210938,228.9685059,0.1165,86.6,1277.300048828125,44.61000061035156,52.15999984741211,3090.0645391017697,5130222366.0,434318,8145258.25,570591347.7,-0.00034840647660228097,0.0253,143.0,30.654832991170437,61.0
Bitcoin,2018-12-28,3923.918701171875,-258.2104102,240.94798132314077,0.1848,12.0,212.0,44.4,121.05999755859376,14.56000042,53.11000061035156,23062.40039,2222.699951171875,28.34000015258789,34.19301986694336,96.38999938964844,1.143105387687683,313.5039063,0.107,102.0,1279.9000244140625,45.33000183105469,52.20000076293945,3106.1824249450233,5631554348.0,485694,7898836.222,626362020.8,0.059800452543386506,-0.05944942597178393,203.0,30.80955053371174,52.0
Bitcoin,2018-12-29,3820.408691,-263.5640234,233.9767039183629,0.16,12.0,140.0,37.0,121.12333170572917,14.200000127412109,52.6966667175293,23150.753906666665,2224.4466144479165,27.366666793823242,34.14073816935221,96.31666564941406,1.1434017817179363,143.3500977,0.1076,87.8,1279.36669921875,45.356667836507164,52.733333587646484,3113.557268185696,4991655917.0,423956,6745781.217858349,421850491.8,0.0001563254103593703,0.0416,128.0,30.882651667514754,49.0
Bitcoin,2018-12-30,3865.952637,-262.3459863,224.7419177288816,0.1919,12.0,132.0,31.6,121.18666585286459,13.83999983482422,52.28333282470703,23239.107423333335,2226.1932777239585,26.393333435058594,34.08845647176107,96.2433319091797,1.1436981757481892,104.6896973,0.1229,92.8,1278.8333740234375,45.38333384195963,53.266666412353516,3132.6051340630006,4770578575.0,391259,8578278.955,267240600.2,-4.903140742229528e-05,0.0322,121.0,30.683320051408124,35.0
Bitcoin,2018-12-31,3742.700439453125,-263.6431348,218.89431562547932,0.1854,12.0,121.0,29.4,121.25,13.479999542236328,51.869998931884766,23327.46094,2227.939941,25.420000076293945,34.03617477416992,96.16999816894533,1.1439945697784424,142.8754883,0.1154,72.8,1278.300048828125,45.40999984741211,53.79999923706055,3162.6511673797227,4661840806.0,391031,7453243.520533499,476003087.2,5.2112913974666775e-05,0.0332,112.0,29.79097747,37.0
Bitcoin,2019-01-01,3843.52002,-256.692002,213.52205145133792,0.1852,12.0,106.0,22.2,121.29000091552734,13.329999923706055,53.295000076293945,23336.850585,2233.0050046796873,24.31999969482422,34.07974052429199,96.49499893188477,1.1493064165115356,143.6826172,0.1071,66.6,1279.6500244140625,45.97500038146973,54.35499954223633,3188.2480657216947,4324200990.0,310120,7012103.649,220483471.2,5.1973846857400474e-05,0.0067,119.0,29.232649814451623,40.0
Bitcoin,2019-01-02,3943.409423828125,-254.4175879,207.59703187222453,0.1699,12.0,154.0,37.8,121.33000183105467,13.18000030517578,54.720001220703125,23346.24023,2238.070068359375,23.219999313354492,34.12330627441406,96.81999969482422,1.146171212,130.5717773,0.1115,83.2,1281.0,46.540000915527344,54.90999984741211,3248.4654891613577,5244856836.0,415822,7474829.061,493860141.0,-4.599709478847469e-05,0.0312,148.0,27.462213281695792,72.0
Bitcoin,2019-01-03,3836.741211,-241.1455371,201.13913841260137,0.1826,10.0,192.0,30.8,122.43000030517578,13.770000457763672,53.56999969482422,22686.2207,2153.719970703125,25.450000762939453,33.50463104248047,96.30999755859376,1.1318106651306152,109.4621582,0.1207,101.0,1291.800048828125,47.09000015258789,55.95000076293945,3336.848403080915,4530215219.0,450626,7679486.801414321,586335098.6,0.00015156378131164772,0.0485,123.0,24.15542651609671,55.0
Bitcoin,2019-01-04,3857.717529296875,-226.0864307,192.63497213647807,0.1918,16.0,173.0,43.8,121.44000244140624,12.039999961853027,51.52000045776367,23433.16016,2281.669922,21.37999916,34.585140228271484,96.19000244140624,1.1391078233718872,82.08081055,0.1151,99.2,1282.699951171875,47.959999084472656,57.060001373291016,3445.9333621628853,4847965467.0,454702,7115351.219,534739538.9,-0.00034940601831356943,0.0275,155.0,19.880402695131007,64.0
Bitcoin,2019-01-05,3845.194580078125,-207.3221436,183.7326833901225,0.1793,17.0,121.0,36.4,121.58000183105467,11.913333257039389,51.153333028157554,23465.889976666665,2303.1999512552084,21.38666597951009,34.61128107551432,96.03000132242838,1.1397533814112346,68.00292969,0.1184,89.4,1284.066650390625,48.14666620890299,57.150001525878906,3581.1987245531254,5137609824.0,385489,8052390.56,325849324.7,-0.00024887470382817245,0.0362,131.0,14.247895236865803,47.0
Bitcoin,2019-01-06,4076.632568359375,-186.3210938,189.66493312564947,0.1835,18.0,161.0,36.0,121.72000122070312,11.786666552225748,50.78666559855143,23498.619793333335,2324.7299805104167,21.393332799020182,34.63742192275716,95.87000020345052,1.1403989394505818,266.7841797,0.1159,83.0,1285.433349609375,48.333333333333336,57.2400016784668,3631.1110186348055,5597027440.0,389294,7171471.578,295057199.4,0.00014978674928223246,0.0307,187.0,12.946416917407005,52.0
Bitcoin,2019-01-07,4025.248291015625,-169.9653125,181.24025807537987,0.1799,19.0,131.0,36.0,121.86000061035156,11.65999984741211,50.41999816894531,23531.34961,2346.260009765625,21.399999618530273,34.66356277,95.70999908447266,1.1410444974899292,71.71948242,0.1342,106.2,1286.800048828125,48.52000045776367,57.33000183105469,3655.557769517422,5228625637.0,448076,7286414.817831281,622810992.8,0.00044578409295548127,0.0766,161.0,12.482041167543386,51.0
Bitcoin,2019-01-08,4030.847900390625,-148.7459814,176.29921634343307,0.2052,22.0,131.0,30.0,121.52999877929688,11.15999984741211,46.08000183105469,23787.44922,2373.280029296875,20.469999313354492,34.79426956176758,95.90000153,1.1479737758636477,112.0656738,0.1418,88.8,1283.199951171875,49.779998779296875,58.720001220703125,3673.9621353260222,5306593305.0,465085,8944897.013,595564198.9,0.0002446180036586032,0.0689,77.0,12.22401111292603,54.0
Bitcoin,2019-01-09,4035.296387,-121.2712109,166.97360965149142,0.2001,27.0,79.0,28.4,122.30999755859376,11.68999958,44.36000061035156,23879.11914,2401.879883,19.979999542236328,35.41295623779297,95.22000122070312,1.1456066370010376,45.74072266,0.1393,79.8,1289.300048828125,52.36000061035156,61.439998626708984,3683.913169,5115905225.0,463346,8518054.364,630379615.8,0.0004450742049452172,0.0681,47.0,11.476588369558833,36.0
Bitcoin,2019-01-10,3678.924560546875,-105.1290137,183.96778680808137,0.1988,31.0,306.0,56.2,121.58999633789062,10.949999809265137,42.99000168,24001.91992,2422.550048828125,19.5,35.66565704345703,95.54000091552734,1.1554949283599854,404.8920898,0.133,139.2,1284.699951171875,52.59000015258789,61.68000030517578,3651.725481268497,6874143796.0,489566,7609635.023,668725127.5,0.0004462422636274388,0.0701,188.0,12.602041439723186,57.0
Bitcoin,2019-01-11,3687.365478515625,-89.14655273,175.17094573027197,0.1995,30.0,233.0,44.8,121.8000030517578,11.0,40.99000168,23995.94922,2427.489990234375,18.190000534057617,35.49137878417969,95.66999816894533,1.151012897491455,60.81201172,0.1053,126.6,1287.0999755859375,51.59000015258789,60.47999954223633,3625.3806432943297,5538712865.0,486650,6809814.943,1080849631.0,0.0002500086542924773,0.001,112.0,13.17064502946254,52.0
Bitcoin,2019-01-12,3661.301025390625,-70.89689453,165.88498392587755,0.1589,29.333333333333332,140.0,42.8,121.89666748046874,11.02000014,40.93000157776367,23967.24609333333,2418.11002615625,18.483333587646484,35.39262262980143,95.64333089192709,1.1493464708328247,45.16748047,0.0925,92.2,1287.7666422526042,51.22999954172526,59.98333358815755,3597.535025766321,4778170883.0,396628,6407919.170014891,270915665.3,0.00025587154477474394,0.0062,154.0,13.795557141444498,38.0
Bitcoin,2019-01-13,3552.953125,-60.64018555,163.30982533630595,0.158,28.666666666666668,196.0,41.6,121.99333190917969,11.04000028,40.870001475527346,23938.542966666668,2408.730062078125,18.77666664123535,35.29386647542318,95.61666361490886,1.1476800441741943,129.8327637,0.0901,100.0,1288.4333089192708,50.86999893086263,59.48666763407878,3557.7304700466257,4681302466.0,372207,6266417.921,235049030.0,-0.00014398931521836245,0.0051,185.0,14.594723321481188,41.0
Bitcoin,2019-01-14,3706.052246,-58.38706543,164.18419676875732,0.1568,28.0,197.0,43.2,122.08999633789062,11.06000042,40.810001373291016,23909.83984,2399.350098,19.06999969482422,35.19511032104492,95.58999633789062,1.146013617515564,175.5510254,0.0877,113.6,1289.0999755859375,50.50999832,58.99000168,3546.5121726118364,5651384490.0,455377,6736884.252940181,585869867.3,0.06882992298694657,-0.0689737087095611,163.0,14.915452614447078,60.0
Bitcoin,2019-01-15,3630.675293,-42.89125,159.61418996831034,0.144,31.0,137.0,39.2,121.87999725341795,11.06000042,39.75,24065.58984,2464.719970703125,18.600000381469727,35.43909836,95.97000122070312,1.1472889184951782,100.2041016,0.0879,93.2,1286.199951171875,52.11000061035156,60.63999938964844,3522.3593385642253,5537192302.0,466212,6183026.059,1270645847.0,5.9305252204100434e-05,0.016,165.0,15.630805491626203,54.0
Bitcoin,2019-01-16,3655.006836,-32.63402344,152.5777306681185,0.1616,36.0,161.0,34.6,122.2699966430664,11.079999923706056,38.77000045776367,24207.16016,2468.159912109375,19.040000915527344,35.87478256225586,96.05999755859376,1.1416828632354736,61.10375977,0.0905,100.6,1291.5999755859375,52.310001373291016,61.31999969482422,3522.387285418753,5394457145.0,493982,6073704.512539151,618560383.8,0.02,4.423397305086674e-05,121.0,15.62976088249594,68.0
Bitcoin,2019-01-17,3678.563965,-30.49496582,145.83468196526184,0.1516,44.0,158.0,32.0,122.11000061035156,10.899999618530272,37.029998779296875,24370.09961,2483.919922,18.059999465942383,36.031639099121094,96.06999969482422,1.1398088932037354,58.17504883,0.0865,80.6,1291.0,52.06999969482422,61.18000030517578,3507.8899563185387,5464420383.0,462879,5891153.312,507804662.07460195,0.0147,0.0034,143.0,15.797181777306095,46.0
Bitcoin,2019-01-18,3657.839355,-36.35897461,138.66357675234136,0.1542,51.0,150.0,29.8,121.0199966430664,11.119999885559082,35.630001068115234,24706.34961,2466.27002,17.799999237060547,36.20590591430664,96.33999633789062,1.13926363,45.43920898,0.0913,83.6,1281.300048828125,53.79999923706055,62.70000076293945,3492.759789821369,5002961727.0,484530,6307175.116197961,449808595.9,0.0109,0.0107,167.0,16.199420359791105,47.0
Bitcoin,2019-01-19,3728.568359,-36.05462402,136.3415725256116,0.1575,51.0,130.0,24.0,121.12749671936035,11.03250002861023,36.287500381086424,24630.882325,2445.44250525,18.549999237060547,36.04905986785889,96.32999801635742,1.1383615732770793,106.1555176,0.0885,89.6,1281.6000366210938,53.492499351501465,62.40000057220459,3485.8993198903313,5955691380.0,400053,6354782.864,310087042.1,0.00035669917305419796,0.0048,167.0,16.228291300927587,27.0
Bitcoin,2019-01-20,3601.013672,-45.35869629,138.05777507400543,0.1536,51.0,167.0,30.2,121.2349967956543,10.945000171661377,36.94499969405762,24555.41504,2424.6149905,19.299999237060547,35.89221382141113,96.3199996948242,1.1374595165541586,160.3684082,0.1001,86.8,1281.9000244140625,53.18499946594238,62.10000038146973,3468.1083535569264,5582489560.0,379374,7150096.95,238388741.7,5.402860045322644e-05,0.0209,155.0,16.824146771182537,38.0
Bitcoin,2019-01-21,3576.032470703125,-53.32134277,131.78962763568362,0.162,51.0,148.0,29.6,121.34249687194826,10.857500314712524,37.60249900702881,24479.947754999997,2403.78747575,20.049999237060547,35.73536777496338,96.310001373291,1.1365574598312378,50.30371094,0.0892,102.6,1282.2000122070312,52.8774995803833,61.80000019073486,3443.157679671854,5004347059.0,449404,6879083.72,488189514.5,0.0635508416384249,-0.06359742146898317,153.0,17.497375113449955,54.0
Bitcoin,2019-01-22,3604.577148,-47.53529785,128.1635933,0.1447,51.0,129.0,32.0,121.4499969482422,10.770000457763672,38.25999832,24404.48047,2382.959961,20.799999237060547,35.578521728515625,96.3000030517578,1.136932134628296,81.02514648,0.0789,88.6,1282.5,52.56999969482422,61.5,3428.1090505319585,5313623556.0,450118,5844342.941,560917561.0,0.06652818955419343,-0.06667224691878881,137.0,17.475501846919038,40.0
Bitcoin,2019-01-23,3585.123047,-42.55056641,123.1343299093235,0.144,55.0,154.0,31.2,121.27999877929688,10.609999656677246,37.689998626708984,24575.61914,2365.050048828125,19.520000457763672,35.94449996948242,96.12000274658205,1.1364023685455322,57.75390625,0.0849,184.0,1283.0999755859375,52.619998931884766,61.13999938964844,3409.5862075141613,5433755649.0,482794,6683461.533,538919234.4,0.0002570542819610444,0.0009,136.0,17.851661016694862,38.0
Bitcoin,2019-01-24,3600.865478515625,-39.83915039,117.6957798376754,0.1484,58.0,165.0,36.0,121.08999633789062,10.369999885559082,36.75,24553.24023,2399.159912109375,18.88999938964844,36.29304885864258,96.59999847,1.1388224363327026,46.99462891,0.09,170.2,1279.0999755859375,53.130001068115234,61.09000015258789,3395.510831472866,5262869046.0,470446,7364947.571,477934358.1,0.06161551866275822,-0.061162662915609844,170.0,17.979194846605864,51.0
Bitcoin,2019-01-25,3599.765869140625,-25.99270508,111.95539001110038,0.1451,58.0,167.0,27.4,122.86000061035156,11.119999885559082,35.209999084472656,24737.19922,2456.459961,17.420000076293945,36.772308349609375,95.79000091552734,1.1313496828079224,37.33032227,0.0818,132.4,1297.4000244140625,53.689998626708984,61.63999938964844,3382.9046862248947,5265847539.0,492261,6309969.923,456544872.1,0.06198407881098633,-0.06182992264765991,174.0,18.056527699225633,74.0
Bitcoin,2019-01-26,3602.460449,-11.06533203,108.35765916767356,0.1466,57.0,154.0,38.4,123.00333404541016,11.09333324432373,36.00999959309896,24667.53971333333,2439.3766276666665,17.903333664195962,36.64450454711914,95.77666727701823,1.1346681118011475,61.5871582,0.0855,104.6,1299.0666910807292,53.12333297780599,61.06999969482422,3399.0671826407656,5098183235.0,444594,6857448.826,292643247.2,0.060361600998487475,-0.060808661253553886,110.0,16.01423257307954,53.0
Bitcoin,2019-01-27,3583.96582,-3.117236328,103.8625075920808,0.1455,56.0,127.0,28.2,123.14666748046875,11.066666603088379,36.81000010172526,24597.88020666667,2422.2932943333335,18.386667252097983,36.516700744628906,95.76333363850911,1.1379865407943726,45.42553711,0.0816,90.4,1300.7333577473958,52.556667328902996,60.5,3415.520640431876,5570752966.0,383276,6393436.198,223512708.8,0.06030589700363159,-0.06015299726124862,143.0,14.013019237722563,23.0
Bitcoin,2019-01-28,3470.450439453125,1.4425000000001091,106.9807617930929,0.1446,55.0,255.0,42.6,123.29000091552734,11.039999961853027,37.61000061035156,24528.2207,2405.209961,18.87000084,36.38889694213867,95.75,1.1413049697875977,147.5180664,0.081,113.2,1302.4000244140625,51.99000168,59.93000030517578,3431.1910503410595,6908930483.0,481279,6318406.831355731,598393585.4,0.06264721018131209,-0.06229392856941329,164.0,11.723367715631625,55.0
Bitcoin,2019-01-29,3448.116943359375,3.414306641,104.71396491278269,0.1419,55.0,247.0,48.4,123.9800033569336,11.25,37.130001068115234,24579.96094,2355.0,19.12999916,36.44989776611328,95.81999969482422,1.143000841140747,75.24560547,0.0723,131.6,1308.199951171875,53.310001373291016,61.31999969482422,3476.029062732569,5897159493.0,480702,6364552.334,502734964.4,0.07748042210512901,-0.07712272887287841,173.0,7.714161037935622,57.0
Bitcoin,2019-01-30,3486.181641,3.072895507812518,101.93345779289642,0.1295,58.0,196.0,34.6,124.69000244140624,11.140000343322754,35.59000015258789,25014.85938,2451.659912109375,17.65999984741211,37.24285507202149,95.33999633789062,1.1435366868972778,65.78686523,0.0659,106.8,1309.9000244140625,54.22999954223633,61.650001525878906,3458.826857811239,5955112627.0,462721,5884537.246043359,737418316.9,0.08108097898371697,-0.08122188123672158,164.0,8.154378172,31.0
Bitcoin,2019-01-31,3457.792724609375,-1.160717773,98.71600796,0.1245,58.0,174.0,38.8,124.75,10.739999771118164,34.970001220703125,24999.66992,2519.879883,16.56999969482422,37.556549072265625,95.58000183105467,1.1487650871276855,56.88916016,0.0722,125.0,1319.699951171875,53.790000915527344,61.88999938964844,3438.9894172020895,5831198271.0,487936,6731427.323,574609830.7,0.07565783542362914,-0.07530047277486374,139.0,8.645525172773885,54.0
Bitcoin,2019-02-01,3487.945313,0.1676220703125182,96.69076088073722,0.1291,61.0,185.0,35.6,124.5,10.119999885559082,33.400001525878906,25063.89063,2502.320068359375,16.139999389648438,37.260276794433594,95.58000183105467,1.1449507474899292,70.36254883,0.0729,132.2,1316.9000244140625,55.25999832,61.869998931884766,3426.9206044552916,5422926707.0,502881,6857975.372,611007305.3,0.07716144261154056,-0.07740435947483032,129.0,8.856123801737626,49.0
Bitcoin,2019-02-02,3521.060791015625,8.614819335937682,93.76375271,0.1254,61.333333333333336,188.0,24.8,124.31999969482422,10.116666475931803,33.50000127156576,25122.383466666666,2516.876708984375,16.003332773844402,37.28061294555664,95.67000071070312,1.1451431115468342,55.71264648,0.0692,82.4,1316.0333658854167,55.02666600443034,62.08333206125651,3423.413513872651,5071623601.0,418174,6325531.024,315786229.9,0.07484998768337403,-0.07489261683742393,140.0,8.966783822228722,53.0
Bitcoin,2019-02-03,3464.013427734375,14.250634765624907,92.31376089,0.1293,61.666666666666664,178.0,29.2,124.13999938964844,10.113333066304525,33.6000010172526,25180.876303333334,2531.433349609375,15.866666158040365,37.30094909667969,95.75999959035155,1.1453354756037393,73.46386719,0.0681,71.0,1315.1667073567708,54.79333368886068,62.296665190628254,3413.428521739692,5043937584.0,389608,6044025.213,265197431.53624597,0.07315961424694095,-0.0728027399727133,129.0,8.878633154527565,39.0
Bitcoin,2019-02-04,3459.154052734375,17.145063476562427,88.12256102971084,0.1309,62.0,160.0,29.8,123.95999908447266,10.109999656677246,33.70000076293945,25239.36914,2545.989990234375,15.729999542236328,37.321285247802734,95.84999847,1.1455278396606443,33.63696289,0.0695,98.8,1314.300048828125,54.560001373291016,62.50999832,3399.994876936707,5332718886.0,456122,6411524.45,353232913.2,0.07580037474214563,-0.07594389645864219,149.0,9.172636900661086,40.0
Bitcoin,2019-02-05,3466.357422,16.13806640624989,83.70031964477614,0.1247,64.0,177.0,26.8,124.27999877929688,10.140000343322754,34.56999969482422,25411.51953,2584.939941,15.56999969482422,37.83539962768555,96.09999847,1.1436283588409424,26.21118164,0.068,111.0,1314.199951171875,53.65999984741211,61.97999954223633,3391.0186444883225,5227549545.0,503603,6422102.205,414929550.4,0.07653344192067901,-0.07627652544354008,190.0,9.171306840955197,55.0
Bitcoin,2019-02-06,3413.767822265625,7.006879882812427,82.75932304068499,0.1241,63.0,215.0,41.2,123.44000244140624,9.760000228881836,33.02000045776367,25390.30078,2568.620117,15.380000114440918,37.321285247802734,96.41999816894533,1.140992522239685,70.52636719,0.0724,104.2,1309.5,54.00999832,62.689998626708984,3377.3872093159293,5482196038.0,482655,6985845.574,496046280.2,0.07370239466710415,-0.07374667983584637,168.0,9.227721949341325,49.0
Bitcoin,2019-02-07,3399.47168,-5.49421875,79.25701787929678,0.1255,63.0,158.0,35.0,123.73999786376952,9.720000267028809,34.34000015258789,25169.5293,2490.820068359375,16.37000084,36.94658279418945,96.51000213623048,1.1365960836410522,33.72705078,0.072,123.6,1309.4000244140625,52.63999938964844,61.630001068115234,3362.6951488461614,5004962683.0,474847,7375022.024,475540835.9,0.07924902690178376,-0.07939262680219222,160.0,9.362065731,46.0
Bitcoin,2019-02-08,3666.780273,-19.39247559,95.3522546,0.1181,63.0,229.0,43.0,124.20999908447266,9.890000343322754,32.560001373291016,25106.33008,2481.699951171875,15.720000267028809,36.73745346069336,96.63999938964844,1.1338768005371094,304.590332,0.07,146.2,1313.699951171875,52.720001220703125,62.099998474121094,3372.971636929453,7735623101.0,516886,7184754.273,552614639.0,0.08081947939055512,-0.08056244593060091,249.0,8.611868085,35.0
Bitcoin,2019-02-09,3671.203613,-28.02557617,90.92581356684263,0.1167,62.666666666666664,174.0,32.2,124.0066655476888,9.986666997273762,32.820000966389976,25088.589846666666,2480.373291015625,15.803333600362143,36.6967887878418,96.77999877929688,1.1333931684494019,33.38208008,0.0794,96.0,1311.4666341145833,52.61666742960612,61.90333175608073,3366.6607507010776,6158833645.0,422178,6845104.348,290308690.9,0.000556095157586034,0.0175,131.0,9.159972942593653,44.0
Bitcoin,2019-02-10,3690.188232421875,-32.91531738,88.29226633662174,0.1461,62.333333333333336,137.0,37.0,123.80333201090495,10.083333651224772,33.08000055948893,25070.849613333336,2479.046630859375,15.886666933695475,36.656124114990234,96.91999816894533,1.1329095363616943,54.05615234,0.0867,100.4,1309.2333170572917,52.51333363850912,61.70666503804036,3358.547928994094,6282256903.0,380922,6454979.701243159,273943900.7,-0.00024933740113169955,0.0193,182.0,9.927337926,45.0
Bitcoin,2019-02-11,3648.430664,-34.2804834,85.79461840632733,0.1467,62.0,156.0,34.6,123.5999984741211,10.18000030517578,33.34000015258789,25053.10938,2477.719970703125,15.970000267028809,36.61545944213867,97.05999755859376,1.1324259042739868,53.32519531,0.0882,131.6,1307.0,52.40999984741211,61.50999832,3356.2264198981075,6277056434.0,463119,6693602.408,512333681.4,0.00025066841405863016,0.0235,178.0,10.176498269443949,50.0
Bitcoin,2019-02-12,3653.528564453125,-35.85231445,83.2400049,0.1486,67.0,151.0,29.8,123.86000061035156,10.029999732971191,32.689998626708984,25425.75977,2516.739990234375,15.43000030517578,36.920448303222656,96.70999908447266,1.1279042959213257,50.0300293,0.079,133.2,1309.199951171875,53.099998474121094,62.41999816894531,3353.555798166358,6480384532.0,486292,6031364.558,494313528.4,0.0003517301651753679,0.0134,155.0,10.510824585502448,45.0
Bitcoin,2019-02-13,3632.070556640625,-30.16749512,81.04430770151757,0.1424,65.0,150.0,37.4,123.37000274658205,9.550000190734863,32.25999832,25543.26953,2519.540039,15.649999618530272,36.65902328491211,97.12999725341795,1.1334655284881592,52.50024414,0.0854,129.4,1310.800048828125,53.900001525878906,63.61000061035156,3352.579729302271,6438903823.0,546276,6976103.876530689,679292515.0,0.0002505718566324644,0.0134,129.0,10.649442558353924,46.0
Bitcoin,2019-02-14,3616.880859,-30.46902832,78.00963128645381,0.1416,67.0,158.0,30.0,124.05999755859376,9.920000076293944,32.099998474121094,25439.39063,2521.199951171875,16.219999313354492,36.72874069213867,96.98000336,1.12649405,38.55883789,0.0824,125.2,1309.800048828125,54.40999984741211,64.56999969482422,3352.227398884669,6271044418.0,473265,6566282.271938299,465606911.5,0.00024994543935924485,0.0129,151.0,10.715084375728374,37.0
Bitcoin,2019-02-15,3620.810791015625,-24.66959473,75.26527355505532,0.1399,67.0,98.0,26.0,124.8000030517578,10.15999984741211,29.459999084472656,25883.25,2512.409912109375,14.90999984741211,36.67646026611328,96.91999816894533,1.1295350790023804,39.58862305,0.0746,118.8,1318.0999755859375,55.59000015258789,66.25,3351.811532952922,6091952231.0,467228,5762323.416410779,475673471.4,0.00025198309921448114,0.0102,127.0,10.787579989254056,34.0
Bitcoin,2019-02-16,3629.787598,-23.54122559,72.57282865268529,0.1379,67.5,92.0,23.6,125.2750015258789,10.46749997138977,29.844999313354492,25885.2675775,2517.2974243320314,14.902499914169312,36.74834728240967,96.819997786709,1.1296244064966836,37.57104492,0.0824,93.0,1323.5999755859375,55.71500015258789,66.29999923706055,3351.113249081605,5934744052.0,452438,6898485.341,363956258.2,-4.984844667726973e-05,0.0111,148.0,10.949251910885842,36.0
Bitcoin,2019-02-17,3673.836181640625,-17.97126465,71.77157122102027,0.1378,68.0,122.0,29.0,125.75,10.775000095367432,30.229999542236328,25887.285154999998,2522.1849365546873,14.894999980926514,36.820234298706055,96.71999740447266,1.129713733990987,61.35522461,0.0874,76.4,1329.0999755859375,55.84000015258789,66.3499984741211,3356.754098454437,7039512503.0,393160,7185045.430725199,237971659.1,0.0005488750080711591,0.0158,197.0,11.172672172041546,36.0
Bitcoin,2019-02-18,3915.714355,-13.30762695,85.69378879005454,0.1397,68.5,191.0,52.2,126.22499847412111,11.082500219345093,30.614999771118164,25889.3027325,2527.0724487773437,14.887500047683716,36.89212131500244,96.61999702223633,1.1298030614852903,266.6826172,0.0914,90.0,1334.5999755859375,55.96500015258789,66.39999771118164,3331.907682649442,9908216640.0,508261,7556019.109,689163299.0,0.00044846603774106875,0.0237,235.0,13.79482927304984,49.0
Bitcoin,2019-02-19,3947.094482421875,-4.411411133,86.91039805,0.1436,69.0,179.0,42.8,126.6999969482422,11.390000343322754,31.0,25891.32031,2531.959961,14.880000114440918,36.96400833129883,96.51999664,1.131196141242981,102.7263184,0.1108,99.8,1340.0999755859375,56.09000015258789,66.44999694824219,3311.5736715289167,9933626655.0,538532,7748245.938279801,719387605.3,0.0003447368419297603,0.0698,196.0,16.11534478637898,57.0
Bitcoin,2019-02-20,3999.820556640625,-0.604946289,86.00533403844307,0.1698,70.0,145.0,43.4,126.4800033569336,10.920000076293944,30.760000228881836,25954.43945,2528.169922,14.020000457763672,37.17314910888672,96.4499969482422,1.1343011856079102,74.23950195,0.1124,115.6,1343.300048828125,56.91999816894531,67.08000183105469,3299.005239290499,8693373948.0,521878,6596656.2148215305,696700438.7,-0.00025819613626515414,0.0754,175.0,18.18132209287393,42.0
Bitcoin,2019-02-21,3954.118164,5.491850586,84.85505069194713,0.1724,70.0,133.0,30.0,125.0500030517578,10.289999961853027,30.15999984741211,25850.63086,2501.629883,14.460000038146973,37.094722747802734,96.61000061035156,1.1346358060836792,69.90136719,0.1099,92.0,1323.5,56.959999084472656,67.06999969482422,3300.302317330683,7775128102.0,491327,6051778.486,658222916.5,-0.0001576275992689613,0.0811,156.0,19.270672638425403,37.0
Bitcoin,2019-02-22,4005.526611328125,11.799008789062556,82.77411305881698,0.1758,69.0,128.0,35.2,125.5,10.020000457763672,29.850000381469727,26031.81055,2534.689941,13.510000228881836,37.50427246,96.51000213623048,1.1343011856079102,55.72192383,0.1237,102.0,1329.199951171875,57.25999832,67.12000274658203,3298.2537012582115,7826525254.0,542172,8096363.882,594309375.2,-0.0003614222460559535,0.0746,170.0,20.57291018330766,47.0
Bitcoin,2019-02-23,4142.526855,16.499960937499964,90.97305685260685,0.1712,69.33333333333333,128.0,37.4,125.45666758219402,9.983333587509115,30.796666463216145,26051.856773333333,2540.9799803333335,13.956666946411133,37.64369455910808,96.47666931152345,1.1342754761377971,197.5593262,0.1214,84.4,1328.0999755859375,56.66666539407878,66.33333587646484,3294.6161280720944,8922258316.0,441275,7190247.783,489507893.01227295,-6.034150618516865e-05,0.0844,168.0,22.409581321301133,29.0
Bitcoin,2019-02-24,3810.427490234375,11.71673828,114.2558825908135,0.1766,69.66666666666667,233.0,51.4,125.41333516438803,9.946666717254557,31.743332544962566,26071.902996666664,2547.2700196666665,14.403333663940431,37.783116658216144,96.4433364868164,1.1342497666676838,416.9326172,0.1249,75.6,1327.0,56.07333246815755,65.54666900634766,3326.6861111586027,10794227451.0,433694,7119748.032209309,436413535.3,0.00043992430950995365,0.1119,224.0,21.525748163824073,71.0
Bitcoin,2019-02-25,3882.696289,4.7120019531248545,113.71652197606788,0.1926,70.0,221.0,40.4,125.37000274658205,9.909999847,32.689998626708984,26091.94922,2553.560059,14.850000381469728,37.92253875732422,96.41000366210938,1.1342240571975708,106.704834,0.1137,92.2,1325.9000244140625,55.47999954223633,64.76000213623047,3360.9692345979106,9318796067.0,502106,6913971.365971821,788388101.2,0.0005363115638498117,0.0501,164.0,20.687775603610117,49.0
Bitcoin,2019-02-26,3854.35791,1.0800195312499454,109.42195107041124,0.155,70.0,164.0,40.4,125.58000183105467,9.859999656677246,31.56999969482422,26057.98047,2540.870117,15.170000076293944,37.79182052612305,96.0,1.1367511749267578,53.5925293,0.1104,96.2,1325.0999755859375,55.5,65.20999908447266,3412.697698317453,7931218996.0,532149,7878415.307254831,592375975.3,0.00034173177879903704,0.0632,208.0,18.991691200016636,37.0
Bitcoin,2019-02-27,3851.047363,-5.891699219,108.87350116136405,0.1619,72.0,177.0,35.0,124.69000244140624,9.720000267028809,31.010000228881836,25985.16016,2544.199951171875,14.699999809265137,37.46942138671875,96.15000153,1.139315485954285,101.7436523,0.1038,89.4,1317.699951171875,56.939998626708984,66.38999938964844,3477.289313018553,8301309684.0,519740,6801908.847,573599563.2,-5.784961087762497e-05,0.0586,163.0,16.663566148734912,41.0
Bitcoin,2019-02-28,3854.785400390625,-15.19810547,105.39946968890054,0.1588,72.0,182.0,35.8,123.98999786376952,9.520000457763672,30.270000457763672,25916.0,2538.350098,14.779999732971191,36.98143387,96.16000366210938,1.1380189657211304,60.23706055,0.1058,82.0,1312.800048828125,57.220001220703125,66.02999877929688,3491.1539040725374,8399767798.0,523892,7350871.434673359,936111689.3372512,-0.0002581027358934951,0.0594,157.0,16.38757883176765,56.0
Bitcoin,2019-03-01,3859.583740234375,-10.88958008,101.87829523567552,0.1587,71.0,120.0,31.2,121.87999725341795,10.199999809265137,30.309999465942383,26026.32031,2537.719970703125,13.56999969482422,37.02501297,96.52999877929688,1.1373459100723269,56.10302734,0.1096,81.6,1296.4000244140625,55.79999923706055,65.06999969482422,3505.7006382095583,7661247975.0,552623,7830758.118,536410480.46391994,0.00044046647418866103,0.0585,184.0,16.07806932,44.0
Bitcoin,2019-03-02,3864.415039,-3.469863281,97.63552358937726,0.1576,69.0,134.0,35.0,121.77333068847656,10.21999994913737,30.273333231608074,25957.430336666665,2539.8833008020833,13.923333168029787,37.04243977866536,96.57999928792317,1.137427846590678,42.47949219,0.1015,82.0,1292.5333658854167,56.063332875569664,65.26999918619792,3518.9038141328288,7578786076.0,481021,6565214.955,440970166.2,-5.862784983717839e-05,0.0619,146.0,15.806291472332164,26.0
Bitcoin,2019-03-03,3847.175781,3.6654394531251455,93.41712053723424,0.1591,67.0,116.0,25.8,121.66666412353516,10.240000089009603,30.236666997273762,25888.540363333334,2542.0466309010417,14.276666641235352,37.05986658733073,96.62999979654948,1.1375097831090293,38.57788086,0.1049,67.4,1288.6667073567708,56.326666514078774,65.46999867757161,3539.2944073061735,7253558152.0,420093,7016670.618,260455173.2,-0.0003592130987477571,0.0618,176.0,15.219538673136372,33.0
Bitcoin,2019-03-04,3761.557129,11.433530273437556,96.28961764729786,0.1585,65.0,194.0,37.6,121.55999755859376,10.260000228881836,30.200000762939453,25819.65039,2544.209961,14.630000114440918,37.077293395996094,96.68000030517578,1.1375917196273804,133.6320801,0.0991,87.0,1284.800048828125,56.59000015258789,65.66999816894531,3554.186457575285,9029175788.0,506186,6497311.764354291,510664925.1,0.00024123510623946798,0.0569,210.0,14.703318028471625,26.0
Bitcoin,2019-03-05,3896.375,18.850205078124873,100.74990514235694,0.1552,63.0,175.0,43.0,121.72000122070312,10.18999958,29.790000915527344,25806.63086,2559.389892578125,14.739999771118164,37.44327926635742,96.84999847,1.133735418319702,158.7336426,0.096,87.6,1282.0,56.560001373291016,65.86000061035156,3582.5395387679014,10174126415.0,536821,7114388.351766859,545495184.6,-0.000157483902119393,0.0418,233.0,13.866341636967846,54.0
Bitcoin,2019-03-06,3903.942626953125,20.70236816406259,96.98561225,0.1455,61.0,143.0,44.4,121.61000061035156,10.130000114440918,29.690000534057617,25673.46094,2552.860107421875,15.739999771118164,37.234134674072266,96.87000274658205,1.1307101249694824,48.04980469,0.0991,223.6,1284.9000244140625,56.220001220703125,65.98999786376953,3618.456363061857,9175291529.0,524992,6388631.337,603814020.8,-0.00015890928050382724,0.0681,210.0,12.69863228,58.0
Bitcoin,2019-03-07,3911.484375,22.29092773437469,93.2909438,0.1606,58.0,179.0,50.8,121.51000213623048,10.359999656677246,30.43000030517578,25473.23047,2501.860107421875,16.59000015258789,36.545753479003906,97.66999816894533,1.1314009428024292,45.26025391,0.1073,117.0,1283.800048828125,56.65999984741211,66.30000305175781,3659.2540715229866,9584165519.0,524085,7588198.88,598136964.0,3.9018511289123925e-05,0.0704,212.0,11.296640542797014,56.0
Bitcoin,2019-03-08,3901.131591796875,23.02478515624989,91.99899162,0.1615,55.0,218.0,46.8,122.83999633789062,10.510000228881836,29.770000457763672,25450.24023,2499.850098,16.049999237060547,36.28433609008789,97.37000274658205,1.1198333501815796,75.20361328,0.1086,109.2,1297.0,56.06999969482422,65.73999786376953,3704.7928614259895,10638638944.0,545571,7193574.076,621749744.8,3.857945761975845e-05,0.0711,261.0,9.614270995892316,51.0
Bitcoin,2019-03-09,3963.313720703125,24.96219238281265,92.20245022595353,0.1615,56.333333333333336,142.0,41.4,122.63999684651692,10.40000025431315,29.573333740234375,25517.12044,2525.1233726666665,15.47666613260905,36.51089350382487,97.32000223795573,1.1209696133931477,94.84741211,0.1068,98.4,1294.2666829427083,56.31000010172526,66.01999918619792,3746.118093,10796103518.0,458538,7087594.992808309,335332056.8,-6.206146482096164e-05,0.0684,247.0,8.203895548290527,44.0
Bitcoin,2019-03-10,3951.599853515625,25.616367187500146,88.60179041628722,0.1593,57.666666666666664,150.0,39.0,122.43999735514322,10.290000279744465,29.376667022705078,25584.00065,2550.3966473333335,14.903333028157553,36.73745091756185,97.27000172932944,1.122105876604716,41.79321289,0.1101,94.0,1291.5333658854167,56.550000508626304,66.3000005086263,3746.733993768733,9713267607.0,392557,6690849.408,289475544.0,-0.00016253039786134904,0.0811,255.0,8.260432511,51.0
Bitcoin,2019-03-11,3905.227294921875,26.235292968749945,87.78350195463278,0.1665,59.0,182.0,40.4,122.23999786376952,10.18000030517578,29.18000030517578,25650.88086,2575.669922,14.329999923706056,36.96400833129883,97.22000122070312,1.1232421398162842,77.14575195,0.1117,107.8,1288.800048828125,56.790000915527344,66.58000183105469,3745.632348187912,10125901903.0,554792,6977449.876549731,581817561.2,3.7129363986476704e-05,0.08,336.0,8.214081225,42.0
Bitcoin,2019-03-12,3909.15625,27.768217773437755,86.03682882394472,0.1654,59.0,166.0,44.0,122.9800033569336,10.079999923706056,28.559999465942383,25554.66016,2580.139892578125,13.770000457763672,37.15571594238281,96.94000244140624,1.1259232759475708,63.33007813,0.1071,106.6,1296.300048828125,56.869998931884766,66.66999816894531,3746.9359336283674,9809887079.0,532589,7088005.704,634318677.2,0.0001376023356668976,0.0711,352.0,7.924418925523629,34.0
Bitcoin,2019-03-13,3906.717285,29.359667968750273,82.36943815,0.1595,60.0,182.0,41.2,123.83999633789062,10.140000343322754,28.12999916,25702.89063,2607.610107421875,13.40999984741211,37.19928741455078,96.5500030517578,1.1287446022033691,34.69335938,0.1046,123.4,1307.5,58.25999832,67.55000305175781,3746.421736366776,9469184841.0,515962,6637474.194,632556077.3,0.00043783533772756567,0.0727,217.0,7.834043356355425,43.0
Bitcoin,2019-03-14,3924.369141,30.035102539062336,79.71501539060795,0.1599,60.0,195.0,45.4,122.41000366210938,10.079999923706056,27.219999313354492,25709.93945,2593.280029296875,13.5,36.99886703491211,96.79000091552734,1.133105993270874,45.20751953,0.1102,125.0,1293.4000244140625,58.61000061035156,67.23000336,3749.7505497387624,10480789570.0,551001,7600598.594246839,715988875.3,0.00043697125348984844,0.0716,233.0,7.462923266,54.0
Bitcoin,2019-03-15,3960.911133,32.775385742187154,77.91591342632344,0.1588,65.0,144.0,37.0,122.97000122070312,10.010000228881836,26.270000457763672,25848.86914,2598.820068359375,12.880000114440918,37.53912353515625,96.59999847,1.1308379173278809,54.52758789,0.1106,106.0,1301.800048828125,58.52000045776367,67.16000366210938,3788.973340559061,9394210605.0,558693,7723228.792,544675740.5,0.00043667252280621405,0.0721,222.0,4.994340582333616,44.0
Bitcoin,2019-03-16,4048.725830078125,35.67031249999991,80.64515133448784,0.1586,65.66666666666667,176.0,41.2,122.9933344523112,9.9366668065389,26.34000015258789,25870.61263,2596.7500813802085,12.953333536783855,37.67854690551758,96.57333119333333,1.1312176783879597,115.3789063,0.1184,80.2,1301.300048828125,58.710000356038414,67.2866694132487,3783.905110075184,9856166973.0,468300,8496146.107,360840832.1,-0.0002651570813219095,0.0807,197.0,5.850467682627734,47.0
Bitcoin,2019-03-17,4025.229004,37.46320800781223,78.29270748916727,0.1634,66.33333333333333,138.0,28.4,123.01666768391927,9.863333384195963,26.40999984741211,25892.35612,2594.6800944010415,13.026666959126791,37.817970275878906,96.54666391666667,1.1315974394480388,47.7109375,0.1222,84.6,1300.800048828125,58.90000025431315,67.41333516438802,3778.592311027775,8221625400.0,413098,7297849.339,249331295.6,-0.00026712953613544643,0.0962,187.0,6.4768846305421786,43.0
Bitcoin,2019-03-18,4032.507324,40.39123535,77.16033217744105,0.1722,67.0,142.0,26.4,123.04000091552734,9.789999961853027,26.479999542236328,25914.09961,2592.610107421875,13.100000381469728,37.957393646240234,96.51999664,1.1319772005081177,62.43945313,0.1244,90.6,1300.300048828125,59.09000015258789,67.54000091552734,3778.2782968186502,9646954186.0,533680,8269486.756,597904327.9,-6.627657540703158e-05,0.0923,195.0,6.933354055303692,42.0
Bitcoin,2019-03-19,4071.190185546875,45.62110839843763,75.82056305427561,0.1694,67.0,146.0,31.0,123.37999725341795,9.81999969482422,28.440000534057617,25887.38086,2604.719970703125,13.56000042,37.97481918334961,96.37999725341795,1.133619785308838,58.40356445,0.1285,93.4,1305.0,59.029998779296875,67.61000061035156,3776.382991,9344919956.0,551374,8830120.093,609610214.5,0.00033299801978503574,0.0929,215.0,7.571364825045748,65.0
Bitcoin,2019-03-20,4087.476318359375,51.20738281250033,74.57274242316664,0.1693,64.0,161.0,43.4,124.18000030517578,10.149999618530272,27.209999084472656,25745.66992,2648.0,13.90999984741211,38.03581619262695,95.76000213623048,1.135486125946045,58.35107422,0.1276,104.6,1300.5,59.83000183105469,68.5,3775.8776119727545,10175916388.0,538723,8742662.153,649248713.7,0.000332856828361372,0.0973,210.0,8.165759196,48.0
Bitcoin,2019-03-21,4029.326904296875,53.09108886718741,75.83243911,0.1717,64.0,176.0,34.2,123.68000030517578,10.199999809265137,27.13999938964844,25962.50977,2684.120117,13.630000114440918,38.08810043334961,96.5,1.1427918672561646,92.20849609,0.1248,78.2,1306.0999755859375,59.97999954223633,67.86000061035156,3783.604633147113,10831212662.0,535702,7388901.058,650496386.4,3.3038812638108705e-05,0.1031,194.0,8.186727864,47.0
Bitcoin,2019-03-22,4023.968262,55.95922852,72.72756902096384,0.1748,59.0,143.0,26.6,123.97000122070312,10.31000042,27.780000686645508,25502.32031,2618.540039,16.479999542236328,36.97272872924805,96.65000153,1.1375011205673218,32.36425781,0.1258,98.0,1311.5999755859375,59.040000915527344,67.02999877929688,3792.5512469745786,9252935969.0,550986,8113657.072,528282764.5,-0.00016635474744386425,0.0941,238.0,8.121183482625579,38.0
Bitcoin,2019-03-23,4035.826416015625,57.94602050781259,69.95545472,0.1689,57.666666666666664,134.0,33.6,124.28666687011719,10.463333765921224,28.293333689371746,25507.156899999998,2616.360026,16.429999669392902,37.001773834228516,96.62333425160807,1.1348627805709839,33.91796875,0.1211,83.4,1315.0333251953125,58.96666717529297,67.08999888102214,3805.8582277603487,9578850549.0,450872,7382484.151,315765407.9,0.0001343825677349586,0.0956,213.0,7.906295723011382,42.0
Bitcoin,2019-03-24,4022.168212890625,55.95337402343739,67.42341051743821,0.1693,56.333333333333336,122.0,23.2,124.60333251953126,10.616667111842448,28.80666669209798,25511.99349,2614.180013,16.37999979654948,37.030818939208984,96.59666697321614,1.132224440574646,34.50683594,0.1232,78.8,1318.4666748046875,58.893333435058594,67.14999898274739,3847.102247914999,9144851065.0,417726,7499624.087435699,288672590.0,-0.0004665137007723863,0.0953,202.0,6.4610259780327794,32.0
Bitcoin,2019-03-25,3963.070556640625,53.14732910156226,70.09385050279977,0.1687,55.0,164.0,29.4,124.91999816894533,10.770000457763672,29.31999969482422,25516.83008,2612.0,16.329999923706055,37.05986404418945,96.56999969482422,1.129586100578308,104.8095703,0.1221,89.0,1321.9000244140625,58.81999969482422,67.20999908447266,3855.466599383648,10359818883.0,530401,7512795.861,596522167.6,-6.68007001359272e-05,0.0934,233.0,6.202796491090283,50.0
Bitcoin,2019-03-26,3985.080810546875,52.80295898437498,67.96769237536765,0.1672,51.0,186.0,28.6,124.3000030517578,10.18000030517578,27.920000076293945,25657.73047,2621.820068359375,14.68000030517578,37.17314910888672,96.73999786376952,1.131580114364624,40.32763672,0.1114,85.4,1314.300048828125,59.939998626708984,67.97000122070312,3864.404661021142,10707678815.0,522961,6780907.838,604089195.0,-0.0004636515672262198,0.0829,255.0,5.951374503702863,47.0
Bitcoin,2019-03-27,4087.066162109375,53.89362304687529,70.91682972,0.1602,52.0,180.0,34.4,123.6500015258789,10.359999656677246,28.11000061035156,25625.58984,2604.929931640625,15.149999618530272,36.772308349609375,96.76999664,1.127484679222107,109.2556152,0.118,91.0,1309.9000244140625,59.40999984741211,67.83000183105469,3869.6910561608897,10897131934.0,569697,7721974.785083239,624205341.9,0.0003349756138639748,0.0848,270.0,6.113283136766553,53.0
Bitcoin,2019-03-28,4069.107177734375,56.042788085937445,69.75389489851534,0.1609,48.0,143.0,31.6,121.9000015258789,10.350000381469728,28.520000457763672,25717.46094,2615.949951171875,14.43000030517578,37.01629638671875,97.1999969482422,1.1251758337020874,54.63574219,0.1252,97.4,1289.800048828125,59.29999923706055,67.81999969482422,3881.0959184596936,9353915899.0,578059,7609348.211,625086884.9,0.00033336879197592983,0.1033,272.0,5.9501471132764285,50.0
Bitcoin,2019-03-29,4098.374512,59.998696289062536,70.44317444817496,0.1718,49.0,166.0,36.4,122.01000213623048,9.93999958,26.75,25928.67969,2635.669922,13.710000038146973,37.399696350097656,97.27999877929688,1.1230024099349976,79.40380859,0.1269,100.8,1293.0,60.13999938964844,68.38999938964844,3881.791606761141,10918665557.0,563925,7807462.6,818224153.6567799,-0.00036679292660712903,0.1006,226.0,6.2424683205726526,63.0
Bitcoin,2019-03-30,4106.660156,58.81515136718781,82.76130289160889,0.1697,51.333333333333336,132.0,23.6,121.85000101725261,10.003333091480306,26.576666514078777,26038.593100000002,2651.0566406666667,13.606666564941406,37.60592524210612,97.26999918619792,1.122796575228373,242.8969727,0.1303,79.8,1291.4666748046875,60.62333297729492,68.59666697184245,3885.0626261547313,9732688060.0,513840,7321449.75,350278425.9,0.00013231238122823896,0.1133,151.0,6.453697215,28.0
Bitcoin,2019-03-31,4105.404297,56.980629882812536,78.20139607234218,0.1773,53.666666666666664,101.0,24.8,121.68999989827475,10.066666602960613,26.40333302815755,26148.50651,2666.4433593333333,13.503333091735838,37.812154134114586,97.25999959309895,1.1225907405217488,18.92260742,0.1321,75.0,1289.933349609375,61.106666564941406,68.80333455403645,3899.5677992290734,9045122443.0,459478,7280099.538,421441500.79873496,0.00013188462780677757,0.1136,182.0,6.214206418013432,40.0
Bitcoin,2019-04-01,4158.183105,53.926352539062464,77.47642191092488,0.1771,56.0,191.0,31.0,121.52999877929688,10.130000114440918,26.229999542236328,26258.41992,2681.830078,13.399999618530272,38.01838302612305,97.25,1.1223849058151243,68.05175781,0.1315,91.2,1288.4000244140625,61.59000015258789,69.01000213623047,3910.8981263879937,10157794171.0,528288,7260086.687716181,640470349.7,-0.00016747280545315046,0.1146,194.0,6.250576353731365,43.0
Bitcoin,2019-04-02,4879.87793,65.44851074218741,125.5593700110374,0.1769,56.0,351.0,100.4,121.9800033569336,9.81000042,26.280000686645508,26179.13086,2698.949951171875,13.359999656677246,37.896392822265625,97.36000061035156,1.1205737590789795,750.6376953,0.1499,115.4,1290.0,62.58000183105469,69.37000274658203,3704.7854215879506,21315047816.0,666741,9796335.107,1458650931.0,0.00012892692516586202,0.1217,370.0,18.647395065745688,69.0
Bitcoin,2019-04-03,4973.021973,77.86032227,147.33243816873113,0.1809,64.0,321.0,99.6,121.8000030517578,9.68999958,25.56999969482422,26218.13086,2723.919922,13.739999771118164,38.15779876708984,97.08999633789062,1.1203854084014893,430.3823242,0.1957,121.0,1289.9000244140625,62.459999084472656,69.30999755859375,3603.0226841430735,22899891582.0,626468,9794906.734,1183522596.0,-0.0002834704335352711,0.2275,353.0,25.863489220893825,81.0
Bitcoin,2019-04-04,4922.798828,94.87729003906225,152.9776727749825,0.2504,70.0,302.0,70.4,122.11000061035156,9.920000076293944,25.219999313354492,26384.63086,2716.030029296875,13.579999923706056,38.39307403564453,97.30999755859376,1.1246949434280396,226.3657227,0.2059,94.2,1289.0,62.099998474121094,69.40000153,3558.585260562215,18251810240.0,603757,9872137.446,1008344651.0,0.0004154061209215021,0.2339,244.0,29.987098627647818,48.0
Bitcoin,2019-04-05,5036.681152,114.58928222656276,151.62341517721592,0.2546,74.0,198.0,45.4,121.9800033569336,9.649999618530272,24.0,26424.99023,2739.939941,12.81999969482422,38.68935012817383,97.40000153,1.1225864887237549,134.0180664,0.2112,93.0,1290.4000244140625,63.08000183105469,70.33999633789062,3511.034328865955,16837325387.0,632546,10526385.51,898533778.5,-0.000185404685762669,0.2273,210.0,34.215124975472456,36.0
Bitcoin,2019-04-06,5059.817383,134.0095166015626,156.05028619134333,0.2499,73.33333333333333,174.0,39.4,122.15666961669922,9.669999758402506,24.109999974568684,26396.999996666666,2742.8499346666667,12.93999989827474,38.68935012817383,97.28333537058593,1.122376561164856,213.5996094,0.2121,74.4,1292.6333414713542,63.52000173070312,70.59333038192709,3486.530763,16929795194.0,478034,9151289.68,426663923.5489209,0.00031427912708248407,0.2422,201.0,37.35845894387945,49.0
Bitcoin,2019-04-07,5198.896973,140.76275878906245,158.10200961071163,0.2595,72.66666666666667,192.0,41.0,122.33333587646486,9.689999898274738,24.21999994913737,26369.009763333335,2745.7599283333334,13.06000010172526,38.68935012817383,97.16666921117186,1.122166633605957,184.7744141,0.2172,84.6,1294.8666585286458,63.96000163035156,70.84666442596354,3461.9940836718024,16655416140.0,447559,9465714.638,441363438.7044299,-8.691604041899392e-05,0.2435,196.0,40.67035503400555,40.0
Bitcoin,2019-04-08,5289.770996,146.69158691406255,158.99647404700008,0.2599,72.0,225.0,64.0,122.51000213623048,9.710000038146973,24.329999923706055,26341.01953,2748.669922,13.18000030517578,38.68935012817383,97.0500030517578,1.121956706047058,170.6245117,0.228,100.4,1297.0999755859375,64.40000153,71.09999847,3442.642669704185,17154113634.0,579028,10509444.22,983977267.4,0.00011120147324505947,0.2604,219.0,43.75164131377507,56.0
Bitcoin,2019-04-09,5204.958496,146.66190429687504,156.38951328917864,0.271,70.0,212.0,46.6,123.1500015258789,9.550000190734863,24.65999984741211,26150.58008,2743.870117,14.279999732971191,38.61092376708984,97.01000213623048,1.1256444454193115,122.4990234,0.2297,131.4,1303.5,63.97999954223633,70.61000061035156,3450.6353597554535,14722104361.0,572096,9214713.996,877070582.1,0.0022,0.2708,198.0,45.34978024436202,59.0
Bitcoin,2019-04-10,5324.551758,145.81504394531248,161.5237654,0.2778,72.0,229.0,44.4,123.52999877929688,9.449999809265137,24.68000030517578,26157.16016,2744.969970703125,13.300000190734863,38.793914794921875,96.9499969482422,1.126697063446045,228.269043,0.2312,126.4,1309.0999755859375,64.61000061035156,71.73000336,3469.815736065724,15504590933.0,593178,10332304.74,851450827.7740179,0.00011145177810634177,0.2604,188.0,46.714680722336155,58.0
Bitcoin,2019-04-11,5064.487793,138.32825683593728,174.0527249669767,0.2703,68.0,285.0,46.2,121.9499969482422,9.590000153,25.700000762939453,26143.05078,2724.909912109375,13.020000457763672,38.37565231323242,97.18000030517578,1.127650022506714,336.9291992,0.2379,102.0,1288.5999755859375,63.58000183105469,70.83000183105469,3523.6240842102507,16555616019.0,620631,10673185.07,1050019755.0,9.405647653948357e-06,0.2732,186.0,46.10610361580766,54.0
Bitcoin,2019-04-12,5089.539063,129.65448730468734,172.15052139790694,0.2788,72.0,211.0,36.8,121.83000183105467,9.279999732971191,25.700000762939453,26412.30078,2721.879883,12.010000228881836,38.65449142456055,96.97000122070312,1.1260753870010376,147.421875,0.2228,97.0,1290.5999755859375,63.88999938964844,71.55000305175781,3584.9189885223523,13675206312.0,578099,10032844.69,693684833.3,0.00011446345140930791,0.2428,164.0,45.20994531532423,40.0
Bitcoin,2019-04-13,5096.586426,119.1569873046874,164.53496378689573,0.2575,71.33333333333333,143.0,30.8,121.75333404541014,9.376666386922201,25.636667251586914,26403.12369666667,2714.9366049427085,12.113333384195965,38.587685902913414,96.96000162760416,1.1275521119435628,65.53271484,0.2177,84.8,1289.3333333333333,63.72666676839193,71.42666880289714,3659.2544357731367,10823289598.0,458376,8912797.683,423377389.3,-0.0004850625277766918,0.2464,141.0,43.811727064101134,45.0
Bitcoin,2019-04-14,5167.722168,113.87601074218765,162.10016308113532,0.2595,70.66666666666667,132.0,26.2,121.67666625976562,9.47333304087321,25.573333740234375,26393.946613333334,2707.9933268854165,12.216666539510092,38.520880381266274,96.9500020345052,1.1290288368860881,130.4477539,0.214,79.0,1288.0666910807292,63.563334147135414,71.30333455403645,3755.422422046453,10391952498.0,430064,8025830.568,550425596.9,0.00021610021992579664,0.2452,165.0,41.74132656284913,27.0
Bitcoin,2019-04-15,5067.108398,111.46048339843765,162.84569412221495,0.2584,70.0,169.0,33.2,121.5999984741211,9.56999969482422,25.510000228881836,26384.76953,2701.050048828125,12.31999969482422,38.45407485961914,96.94000244140624,1.1305055618286133,172.5375977,0.2263,93.2,1286.800048828125,63.400001525878906,71.18000030517578,3865.017771729138,12290155061.0,576183,9812670.32,804147839.2,0.0003134213438522604,0.2554,140.0,38.95862409000229,39.0
Bitcoin,2019-04-16,5235.55957,117.22440429687504,164.33889370500316,0.2645,69.0,154.0,32.8,120.51000213623048,9.779999732971191,25.56999969482422,26452.66016,2727.629883,12.18000030517578,38.74163055419922,97.04000091552734,1.1304928064346311,183.7504883,0.2224,98.4,1272.5999755859375,64.05000305175781,71.72000122070312,3964.520779375759,11618660197.0,560007,9626718.555,645003301.7,-0.00028490803553782307,0.2419,153.0,36.765530648861265,39.0
Bitcoin,2019-04-17,5251.937988,122.46758789062552,156.5339601702708,0.2547,71.0,151.0,33.6,120.27999877929688,9.390000343322754,25.190000534057617,26449.53906,2730.949951171875,12.600000381469728,38.85491180419922,97.01000213623048,1.128502607345581,55.06982422,0.2295,92.4,1272.199951171875,63.75999832,71.62000274658203,4085.8346006633737,12438480677.0,555678,9679415.784,896458088.0,0.00021264859989134077,0.261,164.0,33.794201815783715,47.0
Bitcoin,2019-04-18,5298.385742,129.59315917968706,150.31578388578717,0.2673,70.0,132.0,35.4,120.37000274658205,8.960000038146973,24.450000762939453,26559.53906,2734.939941,12.09000015258789,38.82876968383789,97.47000122070312,1.129713773727417,69.47949219,0.2353,104.0,1271.9000244140625,64.0,71.97000122070312,4220.9383576788405,13256489918.0,563075,10319254.17,694249179.2,-0.0003875434449446269,0.263,150.0,30.368505815627927,55.0
Bitcoin,2019-04-19,5303.8125,138.06979492187477,146.96074323992738,0.2683,70.25,124.0,41.4,120.37000274658205,9.11000013361023,24.855000495910645,26547.41699,2738.249938660156,12.172500133514404,38.765594482421875,97.42250061035156,1.1235954761505127,103.3452148,0.2398,107.4,1272.3000183105469,64.42499923706055,72.48750114440918,4383.198097178846,13780238655.0,597098,10531918.66,691322116.1,-8.826226142399918e-05,0.2688,169.0,25.941143653928503,36.0
Bitcoin,2019-04-20,5337.88623,142.50222656249937,140.9358896,0.2719,70.5,140.0,40.6,120.37000274658205,9.260000229073485,25.260000228881836,26535.29492,2741.5599363203123,12.255000114440916,38.70241928100586,97.375,1.1238818566004436,62.61279297,0.2345,97.2,1272.7000122070312,64.8499984741211,73.00500106811523,4591.763470195639,13169647522.0,456520,9275897.463,373941308.5,0.0002128309829561026,0.2688,160.0,19.863000601876923,44.0
Bitcoin,2019-04-21,5314.53125,144.44728515625047,138.1965724755305,0.2723,70.75,168.0,39.2,120.37000274658205,9.410000324536743,25.664999961853027,26523.172850000003,2744.869933980469,12.33750009536743,38.639244079589844,97.32749938964844,1.1241682370503743,102.5854492,0.2458,101.0,1273.1000061035156,65.27499771118164,73.52250099182129,4880.808308,13731844223.0,426630,11248346.3,360713964.5,1.1007031538889933e-05,0.2715,143.0,10.670823807254797,77.0
Bitcoin,2019-04-22,5399.365234,147.53947265624993,138.4975776223676,0.2736,71.0,195.0,46.2,120.37000274658205,9.56000042,26.06999969482422,26511.05078,2748.179931640625,12.420000076293944,38.57606887817383,97.27999877929688,1.1244546175003052,142.4106445,0.2378,97.8,1273.5,65.69999694824219,74.04000091552734,4918.066064138932,14601631648.0,498668,9411111.827,740397862.7088479,-8.7232430553974e-05,0.2694,166.0,10.18184097,62.0
Bitcoin,2019-04-23,5572.362305,154.80880859375063,146.06157598416277,0.2716,73.0,232.0,64.2,120.12000274658205,9.539999961853027,26.559999465942383,26656.39063,2826.399902,12.279999732971191,38.66320801,97.56999969482422,1.1258978843688965,244.3935547,0.2367,113.0,1269.300048828125,66.30000305175781,74.51000213623047,4915.571134210757,15867308108.0,548492,8538019.902,825599122.6,-8.674217605064705e-05,0.2791,181.0,11.36899795284852,60.0
Bitcoin,2019-04-24,5464.866699,157.19810058593794,151.61298127100827,0.2779,70.0,207.0,45.2,120.47000122070312,9.479999542236328,25.280000686645508,26597.05078,2796.340087890625,13.140000343322754,38.140377044677734,98.09999847,1.122435212135315,223.78125,0.2615,82.6,1275.5,65.88999938964844,74.56999969482422,4954.456502053663,17048033399.0,645489,12202481.91,1576941009.0,0.00020796974417891523,0.2962,182.0,10.860396486089716,68.0
Bitcoin,2019-04-25,5210.515625,153.76351074218746,166.56201218468624,0.2895,71.0,212.0,43.4,120.56999969482422,9.350000381469728,25.56999969482422,26462.08008,2785.27002,13.25,38.08810043334961,98.1999969482422,1.1153494119644165,360.8994141,0.2506,104.6,1275.800048828125,65.20999908447266,74.34999847,4978.172113365299,15330283408.0,577184,10225360.66,826381786.8,0.0075,0.2844,163.0,10.269811545439763,52.0
Bitcoin,2019-04-26,5279.348145,152.1184619140622,169.3979845286372,0.2805,72.0,216.0,34.0,121.37000274658205,9.279999732971191,31.239999771118164,26543.33008,2767.77002,12.729999542236328,38.23623275756836,98.01000213623048,1.113684892654419,206.265625,0.2369,102.8,1284.9000244140625,63.29999923706055,72.15000153,5003.122839872746,16812108040.0,593570,10183521.95,1196016426.0,0.0062,0.2499,135.0,9.716896450870856,63.0
Bitcoin,2019-04-27,5268.291016,148.41786132812467,162.80628976319886,0.2561,71.0,108.0,27.6,121.19000244140625,9.339999834696451,30.50666681925456,26547.01693,2775.149984036458,12.856666247049967,38.26237360636393,97.96000162760417,1.1141319672266643,77.11425781,0.2326,73.4,1282.8000081380208,63.36666615804037,72.11333465850912,5008.049867,13111274675.0,460846,9112041.031,442516045.09087104,-0.000285521829499813,0.2531,109.0,9.655099641859673,43.0
Bitcoin,2019-04-28,5285.13916,138.63826660156246,156.21643619752396,0.2575,70.0,124.0,26.4,121.01000213623047,9.399999936421713,29.77333386739095,26550.70378,2782.529948072917,12.983332951863607,38.28851445515951,97.91000111897787,1.1145790417989094,70.54833984,0.2417,88.0,1280.6999918619792,63.43333307902018,72.07666778701822,5007.911251772446,12819992056.0,445722,10771720.95,426337706.7,-8.657015526880585e-05,0.2568,162.0,9.651990603,34.0
Bitcoin,2019-04-29,5247.352539,133.18348632812467,151.82862713877225,0.2595,69.0,177.0,29.8,120.83000183105467,9.460000038146973,29.040000915527344,26554.39063,2789.909912109375,13.109999656677246,38.31465530395508,97.86000061035156,1.1150261163711548,94.78710938,0.2414,83.0,1278.5999755859375,63.5,72.04000091552734,5011.2610672692035,13735490672.0,573010,11244134.78,886065657.8,0.00021352042029021412,0.2529,115.0,9.601366806963764,33.0
Bitcoin,2019-04-30,5350.726563,135.96201171875057,150.91710968689566,0.2564,65.0,159.0,32.4,121.1999969482422,9.31999969482422,29.309999465942383,26592.91016,2757.909912109375,13.119999885559082,38.2797966,97.48000336,1.1185182332992554,139.0673828,0.2348,101.4,1282.800048828125,63.90999984741211,72.80000305175781,5011.061711284595,13878964574.0,604307,9672352.742,841828231.1,0.00041543592240089744,0.2532,135.0,9.656264885741626,47.0
Bitcoin,2019-05-01,5402.697266,138.47555664062477,145.1628811489924,0.2559,65.0,142.0,33.4,120.4000015258789,9.18999958,29.40999984741211,26430.14063,2762.909912109375,14.800000190734863,37.99224090576172,97.69000244140624,1.121604323387146,70.35791016,0.2498,98.4,1281.4000244140625,63.599998474121094,72.18000030517578,5038.886734409854,13679528236.0,565408,11945018.64,878862399.1,0.00021321027602738685,0.2666,136.0,9.212092416,55.0
Bitcoin,2019-05-02,5505.283691,143.1036962890621,143.9402046495108,0.2648,59.0,163.0,40.2,119.94000244140624,9.079999923706056,30.489999771118164,26307.78906,2779.260009765625,14.420000076293944,38.07938766479492,97.83000183105467,1.1200841665267944,128.0454102,0.2597,101.2,1269.699951171875,61.810001373291016,70.75,5058.028489927983,14644460907.0,584864,12941749.35,760391105.9,0.0002107439858108906,0.2736,158.0,9.238040363,43.0
Bitcoin,2019-05-03,5768.289551,153.5455957031245,160.49305973034933,0.2682,58.0,216.0,54.2,120.6500015258789,8.890000343322754,29.87999916,26504.94922,2831.419922,12.869999885559082,38.53249740600586,97.51999664,1.1173559427261353,375.6801758,0.257,97.2,1279.199951171875,61.939998626708984,70.84999847,5036.107785135108,18720780006.0,615404,11122649.23,858064130.7907051,-0.0002882706526351475,0.2822,186.0,11.260113203198388,124.0
Bitcoin,2019-05-04,5831.16748,165.03566894531286,166.27386377862794,0.2737,52.0,166.0,47.2,120.70333353678386,9.013333638509115,30.223332722470705,26482.79297,2819.5032553333335,13.726666450372722,38.26818084716797,97.51999664,1.1177642345428467,241.4243164,0.2663,71.2,1280.0332845052083,62.04333241780599,70.97999826792318,5010.432450036538,17567780766.0,508298,10035261.37,489890940.8,-9.12757434557987e-05,0.3102,140.0,13.38237890715098,72.0
Bitcoin,2019-05-05,5795.708496,171.06533691406275,163.38484756006525,0.2931,46.0,155.0,38.4,120.75666554768881,9.136666933695475,30.566666284941405,26460.63672,2807.5865886666666,14.58333301518636,38.00386428833008,97.51999664,1.118172526359558,125.8276367,0.2723,74.4,1280.8666178385417,62.14666620890299,71.10999806584636,5029.6480152890945,14808830723.0,460613,9591032.608,446363838.2,-0.00029194071067595306,0.3218,128.0,13.929045498175302,54.0
Bitcoin,2019-05-06,5746.807129,175.62607910156294,162.37664555800697,0.3009,40.0,174.0,41.2,120.80999755859376,9.260000228881836,30.90999984741211,26438.48047,2795.669922,15.43999958,37.73954772949219,97.51999664,1.1185808181762695,149.2700195,0.2784,101.6,1281.699951171875,62.25,71.23999786376953,5036.078096299725,15737171804.0,573048,11100910.08,769428196.7,0.00010769582880187922,0.3168,177.0,14.567958673954168,47.0
Bitcoin,2019-05-07,5829.501465,179.59463378906275,168.40561562975648,0.297,42.0,219.0,52.8,121.20999908447266,9.739999771118164,34.06999969482422,25965.08984,2722.889892578125,19.31999969482422,36.99886703491211,97.62999725341795,1.1201846599578855,246.7822266,0.271,87.4,1283.5,61.400001525878906,69.87999725341797,5038.250729660724,18026409033.0,578857,10026818.29,1041193668.8586498,0.0021,0.3124,166.0,15.469033708676273,62.0
Bitcoin,2019-05-08,5982.45752,180.94157226562493,170.32415285039886,0.2937,42.0,195.0,43.2,120.91000366210938,9.779999732971191,32.22999954223633,25967.33008,2708.239990234375,19.399999618530273,36.94658279418945,97.62000274658205,1.1191065311431885,195.2651367,0.2847,108.6,1279.4000244140625,62.119998931884766,70.37000274658203,5022.677531,15320605300.0,635596,11731703.73,1026598912.9261202,0.0076,0.3256,148.0,17.184519555059566,60.0
Bitcoin,2019-05-09,6174.528809,185.27749511718685,172.49547452179894,0.3028,40.0,267.0,62.6,121.1999969482422,9.960000038146973,32.47999954223633,25828.35938,2690.52002,19.100000381469727,36.36275863647461,97.37000274658205,1.1198333501815796,200.7226563,0.2936,104.6,1283.5,61.70000076293945,70.38999938964844,4990.224134760401,16784645411.0,619054,12149462.76,1251747787.0,0.0049,0.3356,187.0,19.79354985,83.0
Bitcoin,2019-05-10,6378.849121,197.32828613281256,179.68141439970617,0.3097,41.0,259.0,73.4,121.43000030517578,9.329999923706056,32.79999923706055,25942.36914,2670.570068359375,16.040000915527344,36.580604553222656,97.33000183105467,1.1222084760665894,273.0986328,0.2988,132.8,1285.699951171875,61.65999984741211,70.62000274658203,4940.119795398334,19419875368.0,618182,10770042.58,1285152265.0,0.0187,0.3559,190.0,23.263841032154517,64.0
Bitcoin,2019-05-11,7204.771484,226.51278808593725,235.22589902963787,0.3241,39.0,301.0,101.0,121.8433329264323,9.72333335876465,33.3999989827474,25736.57617,2631.3833821614585,17.543333689371746,36.17395909627279,97.32666778564452,1.1226876576741536,957.3041992,0.32,100.4,1290.4999593098958,61.45333353678385,70.49000295105469,4739.836988079465,28867562329.0,573741,11877938.28,890773875.5579151,0.038,0.3744,189.0,33.248227171876216,97.0
Bitcoin,2019-05-12,6972.371582,249.30380859375057,267.5741258288602,0.3373,37.0,232.0,76.0,122.25666554768881,10.116666793823242,33.99999872843424,25530.783199999998,2592.1966959635415,19.046666463216145,35.767313639322914,97.32333374023438,1.123166839281718,688.1010742,0.3675,103.2,1295.2999674479167,61.2466672261556,70.36000315552734,4675.611963903797,27773333680.0,551654,15580744.715372702,1047479224.0626398,0.0695,0.4515,209.0,37.75240891138399,65.0
Bitcoin,2019-05-13,7814.915039,286.9333984375007,330.5424639392987,0.3954,35.0,317.0,103.0,122.66999816894533,10.510000228881836,34.599998474121094,25324.99023,2553.010009765625,20.549999237060547,35.36066818237305,97.31999969482422,1.1236460208892822,1149.130859,0.3697,145.4,1300.0999755859375,61.040000915527344,70.23000336,4472.957001764133,28677672181.0,648734,16443665.522696204,1691655708.0,0.0804,0.421,215.0,47.74673079195899,80.0
Bitcoin,2019-05-14,7994.416016,325.8192578124999,347.81241489675955,0.3724,35.0,276.0,105.6,122.45999908447266,9.760000228881836,32.130001068115234,25532.05078,2577.739990234375,18.059999465942383,35.857357025146484,97.52999877929688,1.1232547760009766,572.3217773,0.3974,144.0,1294.699951171875,61.779998779296875,71.23999786376953,4338.516443652997,32031452227.0,669376,16211651.62,1659251075.5361395,0.1042,0.4828,223.0,55.43475364115182,104.0
Bitcoin,2019-05-15,8205.167969,363.23055664062485,345.63416344208025,0.42,35.0,238.0,88.6,122.38999938964844,9.449999809265137,29.260000228881836,25648.01953,2619.159912109375,16.440000534057617,35.92707061767578,97.56999969482422,1.1204482316970823,317.3168945,0.4091,138.6,1296.300048828125,62.02000045776367,71.76999664,4274.835298925126,28344112920.0,675925,16983774.49,1595050697.0969498,0.105,0.4916,257.0,61.02366443454695,76.0
Bitcoin,2019-05-16,7884.90918,375.5713525,363.17571036139594,0.4275,37.0,226.0,68.8,121.51000213623048,9.159999847,29.420000076293945,25862.67969,2630.5,15.289999961853027,35.75278854370117,97.83999633789062,1.1207244396209717,591.2158203,0.4171,118.0,1285.0,62.869998931884766,72.62000274658203,4306.351581858698,33167197581.0,682196,16642489.04,1694528054.0,0.1305,0.5068,222.0,62.902364668230014,85.0
Bitcoin,2019-05-17,7343.895508,382.33621582031174,400.8789450565641,0.44,36.0,369.0,85.4,120.6500015258789,9.159999847,29.440000534057617,25764.0,2537.659912109375,15.960000038146973,35.107975006103516,98.0,1.1173559427261353,891.0209961,0.4105,112.0,1274.5,62.75999832,72.20999908447266,4416.015917226021,30066644905.0,676115,15398528.27,1298197114.0,0.1601,0.4809,197.0,61.69583371107492,47.0
Bitcoin,2019-05-18,7271.208008,369.9379492187499,386.22813313288094,0.4211,35.0,179.0,49.8,120.64666748046875,9.159999847,28.836666742705077,25735.966796666668,2514.849934739583,16.076666514078777,35.05859502156576,97.97666676839192,1.1170814434687297,195.7675781,0.3899,93.6,1275.0333251953125,62.873331704707034,72.12999979654948,4547.322415329367,21354286562.0,588499,14984659.85,688963903.7,0.1571,0.4417,140.0,59.76418613321351,41.0
Bitcoin,2019-05-19,8197.689453,371.13162597656265,429.6388747394609,0.3912,34.0,195.0,49.8,120.6433334350586,9.159999847,28.23333295135254,25707.93359333333,2492.039957369792,16.19333299001058,35.00921503702799,97.95333353678386,1.116806944211324,993.9785156,0.3922,101.6,1275.566650390625,62.98666508941406,72.0500005086263,4645.676350756703,25902422040.0,516859,17128952.08,776463133.5,0.1437,0.4378,145.0,59.91741896460396,50.0
Bitcoin,2019-05-20,7978.309082,364.1879785156243,436.2493861978029,0.3878,33.0,199.0,56.2,120.63999938964844,9.159999847,27.62999916,25679.90039,2469.22998,16.309999465942383,34.959835052490234,97.93000030517578,1.1165324449539185,522.1860352,0.42,205.2,1276.0999755859375,63.099998474121094,71.97000122070312,4786.051737448501,23843404340.0,617241,17411194.29,1127760758.0,0.141,0.5041,193.0,58.487652579821706,51.0
Bitcoin,2019-05-21,7963.327637,364.33400878906286,420.7192961122456,0.4377,34.0,149.0,50.0,120.36000061035156,8.989999771118164,26.93000030517578,25877.33008,2499.699951171875,14.949999809265137,35.404239654541016,98.05999755859376,1.1168566942214966,218.828125,0.4167,192.2,1272.0,62.99000168,72.18000030517578,4952.026418755294,25127245056.0,657474,16828129.85,1011724991.0,0.1293,0.4875,263.0,56.30011563987141,43.0
Bitcoin,2019-05-22,7680.066406,354.84201171875065,417.92684638994234,0.4248,32.0,188.0,49.2,120.23999786376952,9.039999961853027,28.190000534057617,25776.60938,2483.129883,14.75,35.22996520996094,98.11000061035156,1.1162025928497314,381.625,0.4167,151.8,1273.5999755859375,61.41999816894531,70.98999786376953,5141.791179844726,24719473175.0,646106,18104557.65,1126821700.0,0.1192,0.4871,215.0,53.11094080947362,71.0
Bitcoin,2019-05-23,7881.84668,349.5618359374994,417.4031235451251,0.4243,28.0,194.0,49.8,121.16999816894533,9.470000267028809,33.790000915527344,25490.4707,2429.360107421875,16.920000076293945,34.77684402,97.84999847,1.1155484914779663,410.5947266,0.4025,126.0,1284.800048828125,57.90999984741211,67.76000213623047,5300.214418744438,24457107820.0,630228,16469421.051232802,1180520165.0,0.0973,0.4646,209.0,50.83675390697228,43.0
Bitcoin,2019-05-24,7987.371582,329.0327050781252,410.1794001557411,0.4069,27.0,140.0,46.2,121.3000030517578,9.0,33.189998626708984,25585.68945,2424.010009765625,15.850000381469728,34.811702728271484,97.61000061035156,1.1184556484222412,316.2709961,0.4073,104.8,1283.0,58.630001068115234,68.69000244140625,5469.031741204139,25919126991.0,644200,16833084.31,1291010564.0,0.0922,0.4803,189.0,48.385804436493174,47.0
Bitcoin,2019-05-25,8052.543945,311.8918652343755,391.7344220754203,0.4185,26.0,116.0,33.4,121.18250274658202,9.049999952316284,33.48249912261963,25526.20947,2424.049987824219,16.262500286102295,34.842201232910156,97.69750022888184,1.1192914644877117,151.949707,0.409,88.0,1281.375,58.757500648498535,69.04500198364258,5673.962307595144,22256813107.0,511153,15115205.134596895,551935634.9,0.0936,0.4858,159.0,45.12705029561885,55.0
Bitcoin,2019-05-26,8673.21582,308.0569433593755,418.24268461690815,0.4225,25.0,149.0,38.4,121.06500244140624,9.099999904632568,33.77499961853027,25466.72949,2424.0899658828125,16.675000190734863,34.87269973754883,97.78499984741211,1.120127280553182,762.8500977,0.4232,92.8,1279.75,58.885000228881836,69.4000015258789,5889.118234179797,26677970091.0,476819,17530637.74,848987065.9,0.0913,0.4904,146.0,42.401430123444825,46.0
Bitcoin,2019-05-27,8805.77832,324.1908007812499,405.40175904159327,0.4257,24.0,191.0,67.4,120.94750213623045,9.149999856948853,34.06750011444092,25407.24951,2424.1299439414065,17.08750009536743,34.9031982421875,97.87249946594238,1.1209630966186523,238.4697266,0.4449,114.0,1278.125,59.01249980926514,69.75500106811523,6126.967312,27949839564.0,644814,20943626.17,1318870008.0,0.0946,0.533,159.0,39.23746287820492,62.0
Bitcoin,2019-05-28,8719.961914,334.61812499999996,388.7512706725509,0.4582,23.0,173.0,56.0,120.83000183105467,9.199999809265137,34.36000061035156,25347.76953,2424.169922,17.5,34.93369674682617,97.95999908447266,1.11938214302063,172.2949219,0.4509,121.4,1276.5,59.13999938964844,70.11000061035156,6393.829926508345,24226919267.0,685040,20098452.3,1475454598.0,0.0969,0.5373,132.0,35.194793005294386,52.0
Bitcoin,2019-05-29,8659.487305,342.4172460937498,380.4921816,0.4614,25.0,185.0,60.8,120.87000274658205,8.880000114440918,36.43000030517578,25126.41016,2396.439941,17.899999618530273,35.160247802734375,98.13999938964844,1.1170687675476074,273.1240234,0.4517,118.6,1280.5999755859375,58.810001373291016,69.44999694824219,6674.186514812667,23473479966.0,680323,20660475.75,2715969883.0,0.1023,0.5304,163.0,30.67971853,67.0
Bitcoin,2019-05-30,8319.472656,341.9984082031251,409.5313840158093,0.4561,24.0,205.0,76.4,121.69000244140624,9.300000190734863,39.619998931884766,25169.88086,2396.040039,17.299999237060547,35.35196304321289,98.13999938964844,1.1137346029281616,787.0410156,0.4488,106.4,1287.0999755859375,56.59000015258789,66.87000274658203,6975.545300906304,29246528551.0,642352,18924858.12,1307364486.0,0.1573,0.522,172.0,25.186051243140668,65.0
Bitcoin,2019-05-31,8574.501953,339.9307226562496,409.85831361735853,0.4523,24.0,259.0,62.2,123.33000183105467,10.329999923706056,46.90999984741211,24815.03906,2347.5,18.709999084472656,35.47394943237305,97.75,1.1131147146224976,414.1083984,0.4232,111.2,1305.800048828125,53.5,64.48999786376953,7078.743414101701,25365190957.0,598627,13928405.372996202,2139391264.0,0.1325,0.4967,172.0,24.109246859210153,56.0
Bitcoin,2019-06-01,8564.016602,337.2826464843747,390.8700384,0.4328,24.333333333333332,110.0,37.2,123.92333475748697,10.81666660308838,46.86666615804037,24816.61914,2319.836669921875,18.759999593098957,35.5814208984375,97.54666646321614,1.1145450671513877,144.0224609,0.4398,91.6,1311.433349609375,53.416666666666664,63.41999816894531,7269.933460095905,22488303544.0,578368,17500366.38,950272921.7,0.1263,0.5146,180.0,21.127157438237827,40.0
Bitcoin,2019-06-02,8742.958008,341.6062597656255,380.6699184937301,0.4462,24.666666666666668,117.0,46.2,124.51666768391927,11.303333282470703,46.82333246866862,24818.19922,2292.17333984375,18.810000101725258,35.68889236450195,97.3433329264323,1.1159754196802776,248.0683594,0.4369,88.0,1317.066650390625,53.333333333333336,62.349998474121094,7289.281571070987,20266216022.0,489569,15462127.81,661260854.1,0.1298,0.5141,173.0,21.669109498635702,50.0
Bitcoin,2019-06-03,8208.995117,333.3411425781251,392.0016709673922,0.4454,25.0,179.0,47.2,125.11000061035156,11.789999961853027,46.779998779296875,24819.7793,2264.510009765625,18.86000061035156,35.796363830566406,97.13999938964844,1.1174057722091677,539.3144531,0.4345,109.2,1322.699951171875,53.25,61.279998779296875,7303.830350474489,22004511436.0,550346,14378777.928626604,1387869417.0,0.1247,0.5256,162.0,21.54737924147497,48.0
Bitcoin,2019-06-04,7707.770996,326.2559765625001,410.1798789005249,0.4539,28.0,300.0,78.4,125.1500015258789,10.65999984741211,43.459999084472656,25332.17969,2353.159912109375,16.969999313354492,35.87478256225586,97.06999969482422,1.124631643295288,646.496582,0.4267,105.0,1323.4000244140625,53.47999954223633,61.970001220703125,7254.831853128353,24609731549.0,687738,17028462.32,2210912218.0,0.1253,0.4877,195.0,22.204369516782855,48.0
Bitcoin,2019-06-05,7824.231445,307.82913085937525,397.5370778,0.4251,29.0,182.0,45.0,125.47000122070312,11.260000228881836,45.189998626708984,25539.57031,2354.169922,16.09000015258789,35.587223052978516,97.37000274658205,1.1254037618637085,233.1806641,0.4147,91.0,1328.300048828125,51.68000030517578,60.630001068115234,7247.724870289788,21760923463.0,631420,16774166.52,2554143447.0,0.141,0.4519,161.0,22.312484604238374,43.0
Bitcoin,2019-06-06,7822.023438,289.7412890625001,395.2751172024934,0.3971,29.0,184.0,43.6,125.87999725341795,11.619999885559082,40.65999984741211,25720.66016,2376.47998,15.93000030517578,35.60465621948242,97.02999877929688,1.1229015588760376,365.8696289,0.4107,106.4,1337.5999755859375,52.59000015258789,61.66999816894531,7335.532834532959,19474611077.0,602273,16576546.915371602,2028322129.0,0.1142,0.4628,176.0,20.685235806539712,58.0
Bitcoin,2019-06-07,8043.951172,271.7251660156244,391.16830777061887,0.4047,32.0,158.0,46.0,126.58999633789062,11.40999984741211,38.75,25983.93945,2423.689941,16.299999237060547,35.88350296020508,96.61000061035156,1.127650022506714,337.7797852,0.4135,101.6,1341.199951171875,53.99000168,63.290000915527344,7480.053707,19141423231.0,619327,16904713.85,1100908052.0,0.111,0.4611,211.0,18.011883438598613,63.0
Bitcoin,2019-06-08,7954.12793,263.9060156249998,380.3191624611103,0.4031,33.666666666666664,102.0,32.8,126.16999816894531,11.229999860127768,38.87333297729492,26010.18619666667,2434.383300666667,16.1799993513737,36.008401234944664,96.66000111897787,1.1291052500406902,239.2802734,0.4087,95.2,1335.699951171875,53.746667226666666,62.95666758219401,7458.825823603593,16522722810.0,471819,12882272.72,537539563.5,0.1078,0.4782,131.0,18.259113288469088,30.0
Bitcoin,2019-06-09,7688.077148,258.09658203124945,381.2073933232632,0.4157,35.333333333333336,137.0,33.6,125.74999999999999,11.049999872843424,38.996665954589844,26036.432943333333,2445.076660333333,16.05999946568685,36.13329950968424,96.71000162760417,1.1305604775746665,392.7543945,0.413,85.4,1330.199951171875,53.503332773333334,62.62333424886068,7416.350141374167,16610726547.0,438208,15040475.21,429940401.8,0.0973,0.4721,139.0,18.974027892298334,38.0
Bitcoin,2019-06-10,8000.32959,260.0391113281248,385.77677315285155,0.4108,37.0,163.0,36.8,125.33000183105467,10.869999885559082,39.119998931884766,26062.67969,2455.77002,15.93999958,36.25819778442383,96.76000213623048,1.1320157051086426,445.1787109,0.4081,96.0,1324.699951171875,53.25999832,62.290000915527344,7420.228618290732,18689275117.0,607094,16318423.02,1024400574.0,0.0924,0.4498,184.0,18.920244999390604,44.0
Bitcoin,2019-06-11,7927.714355,259.20438476562504,376.3348845013085,0.3939,36.0,169.0,35.8,125.18000030517578,10.520000457763672,38.689998626708984,26048.50977,2477.050048828125,15.989999771118164,36.66773986816406,96.69000244140624,1.1318106651306152,253.590332,0.4132,88.6,1326.4000244140625,53.27000045776367,62.290000915527344,7458.457172117306,17107279932.0,623398,14984664.36,1596486462.0,0.0962,0.475,165.0,18.261916207500068,53.0
Bitcoin,2019-06-12,8145.857422,255.76297851562504,373.3315766239829,0.4125,34.0,132.0,44.0,125.83000183105467,11.06000042,43.060001373291016,26004.83008,2446.340087890625,15.90999984741211,36.27562713623047,97.0,1.1329518556594849,334.2885742,0.4092,112.2,1331.9000244140625,51.13999938964844,59.970001220703125,7485.931311879835,19034432883.0,601949,14041153.388329798,1164520570.0,0.0868,0.4697,139.0,17.88535098484438,38.0
Bitcoin,2019-06-13,8230.923828,258.0778125000006,362.7012031262877,0.4082,39.0,130.0,35.4,126.5999984741211,11.68000030517578,41.560001373291016,26106.76953,2453.219970703125,15.81999969482422,36.214622497558594,97.01000213623048,1.1295605897903442,224.5063477,0.42,112.0,1339.199951171875,52.279998779296875,61.310001373291016,7505.973171046496,18669407147.0,667841,16311181.09,1133834031.0,0.0557,0.4848,155.0,17.66786213998939,45.0
Bitcoin,2019-06-14,8693.833008,280.7403417968753,374.45423521324926,0.4192,38.0,165.0,38.6,126.55999755859376,11.899999618530272,42.88999938964844,26089.60938,2442.719970703125,15.279999732971191,35.813785552978516,97.56999969482422,1.128044366836548,527.2436523,0.4319,114.0,1340.0999755859375,52.50999832,62.00999832,7516.514472364554,19831162906.0,731367,18846894.08,1268348918.0,0.0536,0.4902,181.0,18.12012548849382,39.0
Bitcoin,2019-06-15,8838.375,298.2049121093751,364.9026771,0.4229,38.666666666666664,127.0,32.8,126.53333282470705,11.929999669392902,43.97666676839193,26097.249353333333,2456.93994146875,15.303333282470703,35.86090977986654,97.56666564941406,1.125931262969971,240.7324219,0.4413,91.8,1339.63330078125,52.316665648391925,61.65333175556966,7503.620127,18371033226.0,601012,16609185.1,856304521.3451649,0.0646,0.5196,139.0,18.61335890753267,48.0
Bitcoin,2019-06-16,8994.488281,322.1618749999998,376.0746678146128,0.4452,39.333333333333336,154.0,50.4,126.50666809082031,11.959999720255533,45.063334147135414,26104.889326666667,2471.159912234375,15.326666831970217,35.908034006754555,97.56333160400392,1.1238181591033936,521.3105469,0.4443,84.6,1339.1666259765625,52.12333297678386,61.296665191139326,7483.158319488657,23348550311.0,520293,15480924.7,1037160332.0,0.0703,0.5286,169.0,19.314046630965915,64.0
Bitcoin,2019-06-17,9320.352539,351.3962402,379.74672000196193,0.4516,40.0,161.0,67.8,126.4800033569336,11.989999771118164,46.150001525878906,26112.5293,2485.379883,15.350000381469728,35.95515823364258,97.55999755859376,1.1217050552368164,427.4833984,0.4545,110.6,1338.699951171875,51.93000030517578,60.939998626708984,7411.270905213849,15562951919.0,628484,16680372.79,2950935222.0,0.0857,0.5382,152.0,21.696028260195245,62.0
Bitcoin,2019-06-18,9081.762695,372.7633007812501,377.1557154482504,0.4588,44.0,148.0,67.0,127.12000274658205,12.399999618530272,43.43000030517578,26465.53906,2525.899902,15.149999618530272,36.82439804077149,97.63999938964844,1.1224603652954102,343.4726563,0.4737,138.4,1346.5999755859375,53.900001525878906,62.13999938964844,7382.535743538948,15848210536.0,696937,19759220.1,2182288636.0,0.0929,0.5561,143.0,22.83731534408766,50.0
Bitcoin,2019-06-19,9273.521484,381.5528515625001,366.5892776260539,0.4726,42.0,122.0,45.8,127.88999938964844,12.40999984741211,40.790000915527344,26504.0,2529.300048828125,14.329999923706056,37.131710052490234,97.12000274658205,1.1198208332061768,229.2255859,0.4734,126.6,1344.5999755859375,53.75999832,61.81999969482422,7346.049715850454,15546809946.0,664204,21219685.89,1908684407.0,0.0931,0.5382,134.0,24.71616331196382,53.0
Bitcoin,2019-06-20,9527.160156,392.8615723,366.2568682866929,0.4585,45.0,153.0,53.4,131.11000061035156,15.68999958,41.65999984741211,26753.16992,2532.040039,14.75,37.67609024047851,96.62999725341795,1.1238480806350708,361.9355469,0.4703,97.8,1392.9000244140625,56.650001525878906,64.44999694824219,7281.133591607324,17846823784.0,635532,17906834.42,1190905554.0,0.1009,0.5513,167.0,27.246852510024056,68.0
Bitcoin,2019-06-21,10144.55664,411.1230859,384.3444078287148,0.4686,52.0,217.0,89.8,131.97999572753906,15.539999961853027,42.130001068115234,26719.13086,2530.010009765625,15.399999618530272,37.553165435791016,96.22000122070312,1.1295605897903442,619.4824219,0.4787,120.6,1396.199951171875,57.43000030517578,65.19999694824219,7137.978228,20624008643.0,654639,17538287.92,1529747838.0,0.1064,0.5655,140.0,32.21635183,99.0
Bitcoin,2019-06-22,10701.69141,429.0868554687504,431.9134177605923,0.4794,51.333333333333336,258.0,134.2,132.63333129882812,15.959999720255533,41.753334045410156,26721.933593333335,2533.10335284375,15.353333155314127,37.535602570527345,96.14000193380208,1.13253120581309,1050.310547,0.5001,112.4,1402.2333170572917,57.58666737874349,65.08666483561198,6935.832806923453,29995204861.0,643642,20226178.73,2222444545.0,0.1169,0.5938,182.0,38.82314213,98.0
Bitcoin,2019-06-23,10855.37109,452.88272460937424,450.3516614,0.5013,50.666666666666664,172.0,74.0,133.2866668701172,16.37999947865804,41.37666702270508,26724.736326666665,2536.196695921875,15.30666669209798,37.51803970526367,96.06000264690104,1.1355018218358357,690.0488281,0.5313,101.0,1408.2666829427083,57.743334452311196,64.97333272298177,6815.020971194469,20998326502.0,596158,25447586.8,1181274913.0,0.14,0.623,120.0,44.02855525881964,59.0
Bitcoin,2019-06-24,11011.10254,478.73470703124894,450.7171676896179,0.5245,50.0,163.0,54.0,133.94000244140625,16.799999237060547,41.0,26727.53906,2539.290039,15.260000228881836,37.50047684,95.98000336,1.1384724378585815,455.46875,0.5376,93.4,1414.300048828125,57.900001525878906,64.86000061035156,6803.522970104155,19271652365.0,659329,25683149.780910704,1758426569.0,0.1414,0.6275,173.0,47.18005529930181,79.0
Bitcoin,2019-06-25,11790.91699,517.1276465,474.5027159796452,0.5278,44.0,197.0,71.0,134.1999969482422,17.079999923706055,40.25999832,26548.2207,2488.330078,16.280000686645508,37.11414337158203,96.16000366210938,1.140029788017273,783.7148438,0.5364,117.2,1414.9000244140625,57.83000183105469,65.05000305175781,6717.298662010657,24879684533.0,682866,22012700.09,1831245148.0766096,0.1462,0.6363,241.0,52.40447761023421,130.0
Bitcoin,2019-06-26,13016.23145,568.0767871093758,586.3876363784204,0.5349,48.0,418.0,177.2,132.97000122070312,15.880000114440918,38.45000076293945,26536.82031,2520.689941,16.209999084472656,37.46535110473633,96.20999908447266,1.1369967460632324,2040.891602,0.5651,168.2,1411.5999755859375,59.380001068115234,66.48999786376953,6506.4258658892595,45105733173.0,768792,28602342.129129697,2930019256.0,0.1596,0.668,370.0,61.00376229511957,146.0
Bitcoin,2019-06-27,11182.80664,573.4157324,745.8808046504975,0.5604,47.0,406.0,114.4,132.83999633789062,15.56999969482422,37.84000015258789,26526.58008,2539.189941,15.81999969482422,37.728763580322266,96.19000244140624,1.1374752521514893,2819.291992,0.5806,137.8,1408.4000244140625,59.43000030517578,66.55000305175781,6625.610200410514,39977475223.0,694016,23684931.42,2491886549.0,0.196,0.7124,258.0,60.791300864522725,107.0
Bitcoin,2019-06-28,12407.33203,597.5877246093751,801.9378677111762,0.5979,50.0,216.0,70.2,133.1999969482422,15.989999771118164,39.459999084472656,26599.96094,2543.760009765625,15.079999923706056,37.67609024047851,96.12999725341795,1.1372941732406616,1530.679688,0.5645,136.0,1409.699951171875,58.470001220703125,66.55000305175781,6683.5225135392375,35087757766.0,729817,25937334.79,2653064699.0,0.2103,0.6344,155.0,62.78417006330733,72.0
Bitcoin,2019-06-29,11959.37109,604.8902832031254,808.8675289460922,0.5357,51.666666666666664,171.0,41.8,132.33999633789062,15.353333155314129,38.279998779296875,26639.11719,2558.1300455104165,14.740000089137371,37.82535044352213,96.36666361490884,1.1370270649592082,892.53125,0.5837,87.8,1401.6666259765625,58.67666753133138,66.05333455403645,6903.988753532847,29923961128.0,573175,27405858.84,1357452936.0,0.2324,0.6882,158.0,61.298633536481816,48.0
Bitcoin,2019-06-30,10817.15527,556.2557617187504,849.6180625927999,0.5792,53.333333333333336,157.0,51.0,131.47999572753906,14.716666539510092,37.099998474121094,26678.27344,2572.5000812552084,14.400000254568685,37.97461064656575,96.60332997639973,1.1367599566777546,1379.375,0.5689,84.6,1393.63330078125,58.88333384195963,65.55666605631511,7160.935117062014,27256473494.0,497075,23170049.163457703,1651368348.0,0.2278,0.6692,143.0,58.143491749375265,56.0
Bitcoin,2019-07-01,10583.13477,484.7364257812496,868.7257009790285,0.564,55.0,226.0,59.4,130.6199951171875,14.079999923706056,35.91999816894531,26717.42969,2586.870117,14.06000042,38.123870849609375,96.83999633789062,1.1364928483963013,1117.125,0.539,97.6,1385.5999755859375,59.09000015258789,65.05999755859375,7462.683196792053,29378589324.0,624927,20510124.42,1639029426.2202404,0.2279,0.6165,191.0,54.08483444,46.0
Bitcoin,2019-07-02,10801.67773,440.46469726562646,890.5527016903479,0.5228,62.0,276.0,62.6,133.41000366210938,15.800000190734863,37.77000045776367,26786.67969,2590.97998,12.93000030517578,38.02729034423828,96.73000336,1.1287446022033691,1174.303711,0.5344,99.2,1404.5999755859375,56.25,62.400001525878906,7757.982322155378,31015895223.0,671396,21634656.18,1813299812.0,0.2225,0.6022,182.0,50.254958059802014,37.0
Bitcoin,2019-07-03,11961.26953,395.1457031250011,910.256108,0.5114,62.0,225.0,56.8,133.6300048828125,15.890000343322754,36.720001220703125,26966.0,2611.639892578125,12.56999969482422,37.95705795288086,96.76999664,1.1293054819107056,1149.921875,0.5467,123.6,1417.699951171875,57.34000015258789,63.81999969482422,8049.414092823374,30796494294.0,651074,25660429.829137605,1618383338.8978798,0.221,0.6114,148.0,47.3770654,46.0
Bitcoin,2019-07-04,11215.4375,343.7406542968747,905.2025188522642,0.5185,61.5,186.0,54.6,132.88500213623047,15.480000019073486,35.71000099182129,26944.059569999998,2606.14990234375,12.924999713897707,37.82535171508789,97.00999832000001,1.128795504570007,839.5058594,0.5659,111.2,1407.199951171875,57.42499923629395,64.0250015274121,8311.713513599225,25920294033.0,603018,25608368.426257502,1933335669.0,0.198,0.6659,176.0,44.26515119089776,51.0
Bitcoin,2019-07-05,10978.45996,333.3639941406236,877.7377881529953,0.5614,61.0,198.0,49.2,132.13999938964844,15.06999969482422,34.70000076293945,26922.11914,2600.659912109375,13.279999732971191,37.69364547729492,97.25,1.128579020500183,520.6962891,0.5589,100.4,1396.699951171875,57.50999832,64.23000336,8572.128710354726,23838480210.0,617685,27132379.481853705,1176057043.0,0.1884,0.6291,142.0,40.97991561006943,73.0
Bitcoin,2019-07-06,11208.55078,338.4418359374995,860.9354377715314,0.5326,60.333333333333336,129.0,36.0,131.8566640218099,14.376666386922201,34.46666717529297,26883.459636666666,2589.89990240625,13.506666501363119,37.617547353108726,97.29333241780598,1.1266318957010906,638.4208984,0.5478,87.0,1396.7999674479167,57.55999882913737,64.19000244345052,8835.440377998137,21092024306.0,523872,26335706.98,639979718.0,0.1689,0.6199,155.0,37.76116264600321,60.0
Bitcoin,2019-07-07,11450.84668,362.2993554687491,827.4982943369578,0.5252,59.666666666666664,134.0,36.0,131.57332865397134,13.683333079020183,34.233333587646484,26844.800133333334,2579.139892703125,13.733333269755045,37.541449228922524,97.33666483561197,1.1246847709019978,392.8154297,0.5432,106.4,1396.8999837239583,57.60999933827474,64.15000152690104,9061.372219140576,19369044277.0,447034,22174981.68,561967420.1,0.1561,0.6296,151.0,35.224077397816586,64.0
Bitcoin,2019-07-08,12285.95801,364.7276562499992,836.4240579111037,0.5324,59.0,168.0,62.4,131.2899932861328,12.989999771118164,34.0,26806.14063,2568.379883,13.960000038146973,37.46535110473633,97.37999725341795,1.1227376461029053,952.4589844,0.5588,152.6,1397.0,57.65999984741211,64.11000061035156,9356.874118815544,23482551458.0,622449,27968213.84,2099126798.0,0.1397,0.6407,174.0,32.29346001349395,57.0
Bitcoin,2019-07-09,12573.8125,396.4323339843759,815.6702050022749,0.5409,56.0,200.0,85.0,131.75,13.449999809265137,30.299999237060547,26783.49023,2596.040039,14.09000015258789,37.351219177246094,97.48999786376952,1.121604323387146,545.8701172,0.5729,134.0,1397.5,57.83000183105469,64.16000366210938,9642.207924,28167921523.0,623107,25335914.87,1779344024.0,0.1527,0.6779,165.0,29.69776321206133,74.0
Bitcoin,2019-07-10,12156.5127,418.42501953125065,858.7331033056838,0.5705,58.0,303.0,104.0,133.8300018310547,15.010000228881836,30.760000228881836,26860.19922,2621.25,13.029999732971191,37.66730117797851,97.09999847,1.120824933052063,1418.550781,0.5708,138.2,1410.0999755859375,60.43000030517578,67.01000213623047,9954.659419668922,33627574244.0,616784,21508972.68,3158872125.0,0.1467,0.6875,227.0,26.197048769601423,94.0
Bitcoin,2019-07-11,11358.66211,414.70382812500065,868.6514419088492,0.5784,62.0,296.0,96.2,132.6999969482422,13.640000343322754,29.86000061035156,27088.08008,2623.219970703125,12.93000030517578,37.59705352783203,97.0500030517578,1.125885248184204,985.7001953,0.5631,143.6,1404.300048828125,60.20000076293945,66.51999664,10139.239123547124,28595327690.0,598394,19960968.61,1909308953.0,0.1776,0.6653,165.0,23.90757251390245,86.0
Bitcoin,2019-07-12,11815.98633,409.7938476562504,858.4865370180386,0.5616,64.0,164.0,92.8,133.52999877929688,14.649999618530272,30.38999938964844,27332.0293,2645.610107421875,12.390000343322754,37.62339782714844,96.80999755859376,1.1252391338348389,726.3427734,0.5572,343.4,1409.9000244140625,60.209999084472656,66.72000122070312,10241.865984753098,23534692797.0,637928,24773188.33,1573448471.0,0.1736,0.6275,147.0,22.98164244642607,49.0
Bitcoin,2019-07-13,11392.37891,396.1286230468759,863.8430371640716,0.532,61.666666666666664,158.0,54.4,133.52999877929688,14.733332951863606,30.536666234334312,27341.07292,2653.0967610677085,12.486666997273762,37.67022450764974,96.84999847412111,1.1258944670359294,933.4775391,0.5566,131.0,1410.4000244140625,60.0,66.64000193380208,10306.496124705876,21042616384.0,472491,20609810.03,703409877.2,0.1806,0.6505,124.0,22.276973706603933,42.0
Bitcoin,2019-07-14,10256.05859,348.28884765624935,889.0419580586022,0.5501,59.333333333333336,256.0,63.0,133.52999877929688,14.816666285196938,30.683333079020183,27350.11654,2660.5834147135415,12.583333651224772,37.71705118815104,96.88999938964844,1.1265498002370198,1216.62793,0.5463,138.0,1410.9000244140625,59.790000915527344,66.56000264690104,10162.540023761429,22486000001.0,437636,20182908.13,880311916.4,0.1806,0.6283,148.0,24.187058996317816,46.0
Bitcoin,2019-07-15,10895.08984,308.8626269531251,901.3075157419164,0.5327,57.0,301.0,79.0,133.52999877929688,14.899999618530272,30.829999923706055,27359.16016,2668.070068359375,12.68000030517578,37.763877868652344,96.93000030517578,1.1272051334381104,1060.759766,0.5202,177.6,1411.4000244140625,59.58000183105469,66.48000336,10092.949955813669,25384047207.0,585913,19638311.28,1237233738.0,0.1788,0.5743,165.0,24.71182445700484,59.0
Bitcoin,2019-07-16,9477.641602,248.72797851562427,947.5374337023152,0.491,55.0,308.0,64.8,132.39999389648438,14.31999969482422,32.060001373291016,27335.63086,2657.280029296875,12.859999656677246,37.711204528808594,97.40000153,1.126176834106445,1548.526367,0.5316,207.2,1409.199951171875,57.619998931884766,64.34999847,9828.939863291236,24151199070.0,595749,22149573.04,1554876517.0,0.1743,0.6071,186.0,26.633382714029963,53.0
Bitcoin,2019-07-17,9693.802734,189.52200195312437,936.9990455807211,0.5159,47.0,315.0,67.2,134.5800018310547,16.020000457763672,34.939998626708984,27219.84961,2651.469970703125,13.970000267028809,37.59705352783203,97.22000122070312,1.121227145195007,800.0,0.4906,193.4,1421.300048828125,56.779998779296875,63.65999984741211,9592.861875514944,24569921549.0,569185,16501101.44,1898295642.0,0.1659,0.5276,201.0,29.679106022299973,82.0
Bitcoin,2019-07-18,10666.48242,161.5617578124984,967.2165384187052,0.4556,47.0,231.0,61.8,136.47999572753906,17.450000762939453,33.06999969482422,27222.9707,2617.860107421875,13.529999732971191,37.825340270996094,96.79000091552734,1.122964621,1360.043945,0.4848,160.0,1426.0999755859375,55.29999923706055,61.93000030517578,9572.981073350891,25187024648.0,588257,15933222.49,1363791605.0,0.1342,0.539,168.0,28.70848864918915,66.0
Bitcoin,2019-07-19,10530.73242,161.71666015625124,932.9404687102264,0.4642,44.0,165.0,53.8,134.47000122070312,15.829999923706056,34.84000015258789,27154.19922,2595.77002,14.449999809265137,37.63218688964844,97.15000153,1.1261515617370603,487.3515625,0.5078,163.2,1425.0999755859375,55.630001068115234,62.470001220703125,9520.061752932104,20727426310.0,566404,16208139.75,2126938201.0,0.1371,0.5928,115.0,28.55975621805827,58.0
Bitcoin,2019-07-20,10767.13965,161.13193359374964,908.9722739586032,0.5052,44.0,137.0,36.0,134.4633331298828,15.516666730244955,34.436667124430336,27160.099609999997,2602.67334,14.143333117167154,37.635111490885414,97.18666839874349,1.1247113148371377,597.3857422,0.5304,123.8,1425.1666666666667,55.82666778564453,62.73333358713542,9515.590581764542,20206615155.0,488968,24399901.57,835319633.8,0.1328,0.5844,124.0,28.60167997650987,44.0
Bitcoin,2019-07-21,10599.10547,188.39644531250087,876.3519748142386,0.4989,44.0,107.0,30.0,134.4566650390625,15.203333536783855,34.03333409627279,27166.0,2609.57666,13.836666425069174,37.6380360921224,97.22333526748699,1.123271067937215,452.2880859,0.5274,130.0,1425.2333577473958,56.02333450317383,62.99666595356771,9517.420902172002,17130580467.0,400500,20103997.74,682036367.2701141,0.1352,0.6008,120.0,28.581039602565102,40.0
Bitcoin,2019-07-22,10343.10645,200.92259765625025,849.2460580864359,0.5114,44.0,197.0,35.4,134.4499969482422,14.890000343322754,33.630001068115234,27171.90039,2616.47998,13.529999732971191,37.640960693359375,97.26000213623048,1.1218308210372925,496.8691406,0.5256,118.8,1425.300048828125,56.220001220703125,63.25999832,9464.693659829672,16334414913.0,533399,21529384.36,1027285548.0,0.1375,0.5862,175.0,29.17799365295793,61.0
Bitcoin,2019-07-23,9900.767578,194.61814453125044,821.6680053882976,0.5003,50.0,196.0,38.6,133.69000244140625,14.279999732971191,32.25,27349.18945,2647.77002,12.609999656677246,37.68485641479492,97.70999908447266,1.1206114292144775,463.1533203,0.5112,113.4,1420.0999755859375,56.77000045776367,63.83000183105469,9336.671572007248,17851916995.0,531460,18769327.2,946331234.6,0.135,0.5716,165.0,29.90719984,46.0
Bitcoin,2019-07-24,9811.925781,192.47604492187384,784.0124503159193,0.4889,57.0,218.0,42.8,134.3699951171875,14.550000190734863,32.86000061035156,27269.9707,2676.780029296875,12.06999969482422,37.74631881713867,97.73000336,1.11512553691864,294.4902344,0.4967,119.4,1422.800048828125,55.880001068115234,63.18000030517578,9194.620553,17398734322.0,490408,17345757.0,1334346530.1019597,0.1293,0.5464,161.0,31.417432135362695,42.0
Bitcoin,2019-07-25,9911.841797,190.3754980468748,755.1756235076393,0.4698,55.0,118.0,32.8,133.4199981689453,13.539999961853027,31.950000762939453,27140.98047,2610.320068359375,12.739999771118164,37.41267395019531,97.81999969482422,1.1142433881759644,380.296875,0.4954,121.8,1413.9000244140625,56.02000045776367,63.38999938964844,9087.803512,15821952090.0,568629,19605754.21,1029705255.0,0.1295,0.541,129.0,32.55727108,55.0
Bitcoin,2019-07-26,9870.303711,190.63932617187493,715.4155901320937,0.4663,60.0,170.0,29.8,133.63999938964844,12.31000042,32.290000915527344,27192.44922,2664.989990234375,12.15999984741211,37.49169922,98.01000213623048,1.1146159172058103,198.5351563,0.5022,133.0,1418.5,56.20000076293945,63.459999084472656,8978.690234809497,14495714483.0,563023,20745948.0,993970297.7,0.1205,0.5466,133.0,33.54158319660264,45.0
Bitcoin,2019-07-27,9477.677734,187.31088867187464,718.3001071,0.4703,59.333333333333336,182.0,38.0,133.9366658528646,12.736666997529296,32.07000033035156,27202.082683333334,2663.15332015625,12.383333206176758,37.468283336201175,98.02000172932944,1.1141485770543416,755.7988281,0.496,112.6,1418.8666585286458,56.423333485921226,63.54333241780599,8821.154818,16817809536.0,445312,18834366.14,586372755.5,0.0893,0.5428,110.0,34.95277250987814,38.0
Bitcoin,2019-07-28,9552.860352,185.4500878906256,690.0821028,0.4673,58.666666666666664,149.0,34.0,134.23333231608072,13.163333575058594,31.849999745175783,27211.716146666666,2661.316650078125,12.606666564941408,37.44486745240235,98.03000132242839,1.1136812369028726,323.2480469,0.4865,121.2,1419.2333170572917,56.64666620890299,63.62666575113932,8773.982875835456,13738687093.0,391947,20994348.81,379230727.5847261,0.082,0.5196,142.0,33.709464889433384,37.0
Bitcoin,2019-07-29,9519.145508,179.98835937500007,655.6976808621847,0.45,58.0,174.0,44.4,134.52999877929688,13.59000015258789,31.62999916,27221.34961,2659.47998,12.829999923706056,37.42145156860352,98.04000091552734,1.1132138967514038,208.7001953,0.4838,113.6,1419.5999755859375,56.869998931884766,63.709999084472656,8829.291756922987,13791445323.0,521007,20887751.48,4112257571.0,0.0761,0.5245,146.0,30.203659729263897,44.0
Bitcoin,2019-07-30,9607.423828,170.37803710937624,627.7495485238144,0.4532,53.0,159.0,43.4,134.97999572753906,14.510000228881836,30.06999969482422,27198.01953,2649.120117,13.93999958,37.131710052490234,98.0500030517578,1.1143054962158203,264.4238281,0.4847,151.8,1429.699951171875,58.04999923706055,64.72000122070312,8890.329995,13829811132.0,548807,17750997.04,1280347893.0,0.1651,0.5169,110.0,26.908526776862708,19.0
Bitcoin,2019-07-31,10085.62793,172.57070312500036,617.7338860176491,0.4517,48.0,145.0,37.4,133.2100067138672,13.210000038146973,30.770000457763672,26864.26953,2636.129883,16.12000084,36.67512893676758,98.51999664,1.1157974004745483,487.5302734,0.4977,147.6,1426.0999755859375,58.58000183105469,65.16999816894531,8918.438395582969,16631520648.0,573802,21676009.16,1033351135.0,0.1685,0.5217,124.0,25.27862691773507,58.0
Bitcoin,2019-08-01,10399.66895,188.97240234375025,611.1029220610313,0.4549,43.0,161.0,26.6,136.41000366210938,16.010000228881836,36.43000030517578,26583.41992,2589.429931640625,17.87000084,35.95515823364258,98.38999938964844,1.107174515724182,524.9003906,0.5042,126.8,1420.9000244140625,53.95000076293945,60.5,9072.336748,17165337858.0,558918,18606541.39,1063515473.0,0.1672,0.5487,155.0,21.022069839047628,47.0
Bitcoin,2019-08-02,10518.1748,202.74277343749964,587.9483885656006,0.4745,36.0,181.0,33.4,135.88999938964844,15.0,35.560001373291016,26485.00977,2560.469970703125,17.610000610351562,35.603939056396484,98.09999847,1.1078859567642212,286.9394531,0.5231,117.6,1445.5999755859375,55.65999984741211,61.88999938964844,9176.591704083212,17489094082.0,581154,22617508.87,1276543414.0,0.1696,0.567,154.0,18.181421608327447,43.0
Bitcoin,2019-08-03,10821.72656,208.67927734375007,577.6146727528791,0.4878,31.333333333333332,101.0,27.6,136.52333068847656,15.636666615804037,36.05333455403646,26229.253256666667,2521.2666829427085,19.93666712443034,35.16492716471354,97.89999898,1.1088581482569377,443.2763672,0.531,96.2,1451.9333089192708,55.336666107177734,61.1966667175293,9153.249158,15352685061.0,470981,23901417.895256896,533502021.0,0.1775,0.5734,114.0,19.150643100947818,43.0
Bitcoin,2019-08-04,10970.18457,219.173584,564.1371040517805,0.4923,26.666666666666668,145.0,32.2,137.1566619873047,16.273333231608074,36.5466677347819,25973.496743333333,2482.0633951822915,22.263333638509113,34.7259152730306,97.69999949,1.109830339749654,388.9287109,0.5376,86.8,1458.2666422526042,55.01333236694336,60.503334045410156,9144.559803336426,16530894787.0,421536,23105969.7,584301307.0,0.1801,0.5877,123.0,19.389320657029284,28.0
Bitcoin,2019-08-05,11805.65332,232.23861328124983,590.5813427132605,0.5026,22.0,189.0,61.6,137.7899932861328,16.90999984741211,37.040000915527344,25717.74023,2442.860107421875,24.59000015258789,34.286903381347656,97.5,1.1108025312423706,934.3564453,0.5391,126.0,1464.5999755859375,54.689998626708984,59.810001373291016,9063.906649284274,23875988832.0,583599,22256372.32,1783008179.0,0.1848,0.5961,154.0,23.016678416044176,75.0
Bitcoin,2019-08-06,11478.16895,230.31871093750124,618.6176642158847,0.5085,27.0,199.0,44.8,138.91000366210938,16.020000457763672,36.43000030517578,26029.51953,2476.459961,20.170000076293945,34.77859115600586,97.62999725341795,1.1243788003921509,983.0898438,0.5573,135.2,1472.4000244140625,53.630001068115234,58.939998626708984,9065.915943555645,23635107660.0,617620,24239820.66,1820577410.0910003,0.1495,0.6333,128.0,24.506076794833167,57.0
Bitcoin,2019-08-07,11941.96875,241.77781250000044,617.5227640933216,0.5373,25.0,179.0,50.4,141.02000427246094,18.15999984741211,38.099998474121094,26007.07031,2487.889892578125,19.489999771118164,34.936649322509766,97.54000091552734,1.1206992864608765,603.2890625,0.555,136.6,1507.300048828125,51.09000015258789,56.22999954223633,8952.575438244432,22194988641.0,545941,23489547.28,1528500615.4778798,0.1622,0.6147,127.0,27.76321538729725,72.0
Bitcoin,2019-08-08,11966.40723,253.07765624999956,603.6462775955843,0.5232,25.0,144.0,33.4,141.72999572753906,17.530000686645508,35.97999954223633,26378.18945,2541.52002,16.90999984741211,35.36687469482422,97.62000274658205,1.12043559551239,423.2519531,0.5606,129.8,1497.699951171875,52.540000915527344,57.380001068115234,8870.045321558982,19481591730.0,568245,22052437.23,1409255303.0,0.1683,0.6391,86.0,30.521274001545713,48.0
Bitcoin,2019-08-09,11862.93652,257.1569921874998,579.1510357,0.5419,25.0,177.0,47.4,141.25999450683594,16.639999389648438,35.13999938964844,26287.43945,2498.739990234375,17.969999313354492,35.00688552856445,97.48999786376952,1.1187183856964111,260.7128906,0.5657,131.4,1496.5999755859375,54.5,58.529998779296875,8816.012508136984,18339989960.0,562840,22823177.01,1423908955.0,0.1803,0.6365,83.0,32.43078067128815,79.0
Bitcoin,2019-08-10,11354.02441,225.1230469,580.0514499739987,0.54,24.333333333333332,139.0,32.4,141.71666463216147,17.246665954589844,34.903333028157554,26157.10611666667,2487.9066569010415,19.009999593098957,34.86640167236328,97.45333099365233,1.1194289127985637,591.7568359,0.5622,84.2,1499.5,54.643333435058594,58.54333241780599,8815.650263,18125355447.0,453016,22285954.37,796863848.4,0.1811,0.6321,133.0,33.03660645,56.0
Bitcoin,2019-08-11,11523.5791,198.4044726562497,558.2823592392489,0.5363,23.666666666666668,119.0,32.8,142.17333475748697,17.85333251953125,34.666666666666664,26026.772783333334,2477.0733235677085,20.049999872843426,34.72591781616211,97.41666412353514,1.1201394399007163,275.2841797,0.5519,92.2,1502.4000244140625,54.78666687011719,58.5566660563151,8828.738557,15774371518.0,414832,22402406.23,577446710.7,0.1801,0.6052,108.0,33.71813247699736,53.0
Bitcoin,2019-08-12,11382.61621,151.74525390625058,533.2077822400169,0.5152,23.0,129.0,29.8,142.6300048828125,18.459999084472656,34.43000030517578,25896.43945,2466.239990234375,21.09000015258789,34.58543395996094,97.37999725341795,1.1208499670028689,207.2382813,0.5466,144.2,1505.300048828125,54.93000030517578,58.56999969482422,8905.209415394016,13647198229.0,459560,19835024.18,1291059873.0,0.1817,0.6156,119.0,33.44001435499359,66.0
Bitcoin,2019-08-13,10895.83008,95.58208984375052,537.2445589550156,0.5226,27.0,178.0,29.6,141.77999877929688,17.920000076293945,33.189998626708984,26279.91016,2528.550048828125,17.520000457763672,35.024444580078125,97.80999755859376,1.1218308210372925,589.7226563,0.5465,160.6,1502.199951171875,57.099998474121094,61.29999923706055,9004.386153452924,16681503537.0,566410,23339417.341589104,1666494660.0,0.1503,0.608,159.0,32.43431036971355,43.0
Bitcoin,2019-08-14,10051.7041,14.082304687499343,560.8481144537644,0.5164,21.0,239.0,43.2,142.75,18.190000534057617,35.83000183105469,25479.41992,2440.27002,22.100000381469727,34.01471710205078,97.98999786376952,1.1177055835723877,861.4208984,0.5279,125.8,1515.9000244140625,55.22999954223633,59.47999954223633,9023.765452681837,19990838300.0,554189,20751478.03,1317218978.0,0.1414,0.5813,133.0,32.18287069823314,57.0
Bitcoin,2019-08-15,10311.5459,-64.20076172,575.2228724615312,0.496,19.0,261.0,47.8,143.6999969482422,18.719999313354492,36.20000076293945,25579.39063,2438.959961,21.18000030517578,34.243003845214844,98.13999938964844,1.1143302917480469,762.0947266,0.5068,124.2,1519.5999755859375,54.470001220703125,58.22999954223633,9080.567038578218,22899115082.0,538837,20403806.3,1574111186.0,0.1328,0.5349,152.0,31.47224790021736,68.0
Bitcoin,2019-08-16,10374.33887,-96.80787109,581.9120311249933,0.4614,20.0,160.0,30.8,142.77999877929688,16.860000610351562,35.02000045776367,25886.00977,2498.760009765625,18.469999313354492,34.71713638305664,98.13999938964844,1.1113580465316772,668.8710938,0.5055,126.4,1512.5,54.869998931884766,58.63999938964844,9220.354166864468,20228207096.0,533245,20175209.24,1077642459.0,0.1148,0.5508,134.0,29.586888565330888,70.0
Bitcoin,2019-08-17,10231.74414,-150.8645313,566.4845116026723,0.4726,22.0,115.0,27.0,142.22333272298178,16.220000266901042,34.34333419850911,25969.269533333332,2524.4433595104165,17.939999262236327,34.763964335123696,98.20999908309896,1.1107004880905151,365.9267578,0.5004,77.0,1508.4666748046875,55.31666564941406,59.00666681976563,9336.639888734891,13778035685.0,441149,16818757.38,1526187033.0,0.1183,0.5539,100.0,27.977269894824165,32.0
Bitcoin,2019-08-18,10345.81055,-180.830293,552.3053026265886,0.4744,24.0,115.0,23.8,141.66666666666666,15.57999992345052,33.66666793925456,26052.529296666668,2550.1267092552084,17.409999211118166,34.81079228719076,98.27999877654948,1.110042929649353,367.9755859,0.4971,83.2,1504.433349609375,55.76333236694336,59.37333424988281,9484.411700920637,12999813869.0,407213,16497323.4,923238653.2,0.1129,0.5445,171.0,25.917508255685384,32.0
Bitcoin,2019-08-19,10916.05371,-144.0680664,555.9156102514752,0.4668,26.0,104.0,22.2,141.11000061035156,14.93999958,32.99000168,26135.78906,2575.810059,16.87999916,34.85762023925781,98.34999847,1.109385371208191,602.8496094,0.5126,99.2,1500.4000244140625,56.209999084472656,59.74000168,9679.506968753729,16038264603.0,517545,22512416.21,1023246905.0,0.1052,0.5511,138.0,23.39708700687645,29.0
Bitcoin,2019-08-20,10763.23242,-86.37240234,539.6417134,0.471,23.0,129.0,26.6,142.2100067138672,15.420000076293944,32.34000015258789,25962.43945,2566.25,17.5,34.927860260009766,98.19000244140624,1.1083157062530518,328.0810547,0.5251,106.0,1504.5999755859375,56.34000015258789,60.029998779296875,9773.378736233515,15053082175.0,558999,21381940.822132297,1220470930.0,0.1165,0.5803,109.0,22.233820684284733,51.0
Bitcoin,2019-08-21,10138.0498,-83.47560547,560.8107205022286,0.4921,25.0,214.0,25.6,141.75999450683594,15.130000114440918,32.38999938964844,26202.73047,2571.550048828125,15.800000190734863,35.26150894165039,98.3000030517578,1.1097793579101562,836.0078125,0.5148,101.8,1504.5999755859375,55.68000030517578,60.29999923706055,9729.842132,19473084768.0,599152,18133519.93,1083045372.0,0.1136,0.5737,169.0,22.81491425036578,56.0
Bitcoin,2019-08-22,10131.05566,-76.568125,549.4337549752837,0.4868,25.0,147.0,29.6,141.39999389648438,15.350000381469728,32.38999938964844,26252.24023,2553.439941,16.68000030517578,34.80494308,98.16999816894533,1.109077811,401.5332031,0.5005,97.4,1497.300048828125,55.349998474121094,59.91999816894531,9671.037516366932,17097508856.0,609067,18244786.74,951158027.8,0.1083,0.5366,150.0,23.574841671747503,53.0
Bitcoin,2019-08-23,10407.96484,-60.44636719,536.2064136600849,0.4587,18.0,133.0,23.0,144.1699981689453,18.36000061035156,35.20000076293945,25628.90039,2460.790039,19.87000084,34.286903381347656,97.63999938964844,1.108401656150818,364.2509766,0.5008,103.6,1526.5999755859375,54.16999816894531,59.34000015258789,9628.874868727651,15627023886.0,564675,20303216.62,2130991480.0,0.0996,0.5378,102.0,24.01190523043916,45.0
Bitcoin,2019-08-24,10159.96094,-78.79431641,529.0290721709717,0.4589,18.333333333333332,114.0,22.4,144.17666625976562,18.08666737874349,35.27333323160807,25718.876953333332,2472.7433266666667,19.686667124941405,34.34836451212565,97.78666687011719,1.110369602839152,435.7236328,0.5111,85.8,1526.5,53.99333190917969,59.12666702270508,9545.006650051042,15451030650.0,452008,20913191.15,592417288.5,0.1204,0.5528,133.0,24.89651732,27.0
Bitcoin,2019-08-25,10138.51758,-103.7969336,512.3722104310809,0.4701,18.666666666666668,152.0,20.8,144.18333435058594,17.813334147135414,35.346665700276695,25808.853516666666,2484.6966143333334,19.503333409882813,34.40982564290365,97.93333435058592,1.1123375495274863,295.8330078,0.5035,73.8,1526.4000244140625,53.81666564941406,58.913333892822266,9489.359085,14153856610.0,393555,20023054.22,576624098.1,0.1132,0.5376,103.0,24.576097441793408,41.0
Bitcoin,2019-08-26,10370.82031,-112.1249023,503.3476468511823,0.4584,19.0,168.0,30.4,144.19000244140625,17.540000915527344,35.41999816894531,25898.83008,2496.649902,19.31999969482422,34.47128677368164,98.08000183105467,1.1143054962158203,386.0283203,0.4959,82.2,1526.300048828125,53.63999938964844,58.70000076293945,9456.40439,18438654080.0,539168,18051599.15,1311051901.0,0.1067,0.5346,145.0,24.286056231309217,83.0
Bitcoin,2019-08-27,10185.5,-117.5297852,488.3961966296693,0.4556,16.0,161.0,34.2,145.57000732421875,17.34000015258789,33.72999954223633,25777.90039,2489.669922,20.309999465942383,34.53274917602539,98.0,1.1103708744049072,294.0273438,0.5007,100.0,1541.0,54.93000030517578,59.50999832,9464.634066,14762609503.0,535379,17790117.82,1295831267.0,0.1134,0.549,163.0,22.686355763078897,51.0
Bitcoin,2019-08-28,9754.422852,-157.768125,493.7043226516571,0.4655,18.0,200.0,37.8,145.16000366210938,16.829999923706055,32.720001220703125,26036.09961,2492.330078,19.350000381469727,34.629329681396484,98.20999908447266,1.109004020690918,562.7099609,0.5012,103.0,1537.800048828125,55.779998779296875,60.49000168,9445.192699,17603790323.0,526015,19285143.44,1050824062.0,0.1147,0.5377,178.0,21.19818738213503,38.0
Bitcoin,2019-08-29,9510.200195,-194.3243945,482.37946031939595,0.4567,26.0,237.0,32.6,144.1199951171875,16.309999465942383,31.81999969482422,26362.25,2545.969970703125,17.87999916,35.015663146972656,98.51000213623048,1.1085859537124634,335.15625,0.4903,88.0,1526.5,56.709999084472656,61.08000183105469,9406.118084430553,17045878501.0,545362,20199158.85,1674298205.0,0.1081,0.5116,111.0,19.932913909851003,37.0
Bitcoin,2019-08-30,9598.173828,-208.1334961,464.19673380104626,0.4372,23.0,145.0,26.4,143.75,15.449999809265137,32.15999984741211,26403.2793,2550.540039,18.979999542236328,35.28784942626953,98.91999816894533,1.1061947345733645,227.8212891,0.4806,89.4,1519.0999755859375,55.099998474121094,60.43000030517578,9343.122003000954,13595263986.0,543570,19625872.03,1323718820.0,0.1087,0.4968,101.0,19.62311987735478,49.0
Bitcoin,2019-08-31,9630.664063,-230.2394141,441.1413169893644,0.4258,23.5,94.0,18.2,144.25,15.802500009536743,33.052499771118164,26331.964357499997,2542.16003425,19.149999618530273,35.232972145080566,98.92749786376955,1.103856126467387,141.4208984,0.4813,82.0,1525.7999877929688,54.809998512268066,59.887499808881834,9352.455545225475,11454806419.0,464447,20380765.55,536730722.7443411,0.0879,0.5026,98.0,17.778134062522486,22.0
Bitcoin,2019-09-01,9757.970703,-220.918418,424.90347459280264,0.4293,24.0,107.0,26.0,144.75,16.15500020980835,33.94499969482422,26260.649415,2533.7800295,19.31999969482422,35.1780948638916,98.93499755859376,1.1015175183614094,213.8115234,0.476,76.8,1532.5,54.51999855041504,59.344999312587895,9404.111990164049,11445355859.0,423910,17386554.18,527581681.51846296,0.0894,0.5042,112.0,15.310107705418874,27.0
Bitcoin,2019-09-02,10346.76074,-162.716582,442.1204697111739,0.4297,24.5,155.0,22.0,145.25,16.507500410079956,34.83749961853027,26189.3344725,2525.40002475,19.489999771118164,35.12321758270264,98.94249725341798,1.099178910255432,665.9414063,0.4841,86.2,1539.2000122070312,54.22999858856201,58.80249881629395,9443.065727847474,17248102294.0,529944,19567794.84,1189099300.0,0.0884,0.5134,134.0,14.043778343967606,35.0
Bitcoin,2019-09-03,10623.54004,-115.2213281,441.0801962050186,0.4358,25.0,154.0,26.0,145.75,16.860000610351562,35.72999954223633,26118.01953,2517.02002,19.65999984741211,35.06834030151367,98.9499969482422,1.0968520641326904,427.5566406,0.5079,167.6,1545.9000244140625,53.939998626708984,58.25999832,9445.345328,19384917989.0,595785,22232234.97,1484070470.0,0.1007,0.5482,122.0,14.521047870180343,63.0
Bitcoin,2019-09-04,10594.49316,-57.67453125,432.9983657841244,0.4607,28.0,148.0,21.0,146.66000366210938,17.270000457763672,34.560001373291016,26355.4707,2549.25,17.329999923706055,35.65662766,98.4499969482422,1.0974539518356323,327.9345703,0.5082,126.4,1550.300048828125,56.25999832,60.70000076293945,9439.772207578011,16742664769.0,544449,18375693.84,1356552610.0,0.1076,0.5608,117.0,14.887620623338666,48.0
Bitcoin,2019-09-05,10575.5332,3.666523437499563,409.9878798352583,0.4695,39.0,141.0,26.4,143.13999938964844,15.720000267028809,33.5,26728.15039,2625.510009765625,16.270000457763672,36.060516357421875,98.41000366210938,1.103497028,110.8515625,0.5179,74.6,1515.4000244140625,56.29999923706055,60.95000076293945,9435.604670847368,14551239508.0,550315,22456931.628601898,1706403126.0,0.1175,0.558,119.0,15.151669919998309,62.0
Bitcoin,2019-09-06,10353.30273,30.091093749999345,424.0217394229185,0.4669,35.0,145.0,41.4,141.9199981689453,14.75,33.209999084472656,26797.46094,2606.489990234375,15.0,36.21855926513672,98.38999938964844,1.1036310195922852,606.4619141,0.5144,112.8,1506.199951171875,56.52000045776367,61.540000915527344,9439.157502771664,19536574783.0,601748,21464687.59,2785938242.0,0.1175,0.5577,162.0,15.192093284718464,66.0
Bitcoin,2019-09-07,10517.25488,28.007500000001528,408.7169639507457,0.4662,38.333333333333336,106.0,27.2,141.7433319091797,14.75333340962728,33.23333231608073,26810.143883333334,2610.43001315625,15.09000015258789,36.25660959879557,98.35333251953125,1.103108008702596,209.7548828,0.5093,70.4,1504.8666178385417,56.96333312988281,61.890000661214195,9438.411003,15307366476.0,472297,20094042.86,920958388.1,0.1521,0.5413,103.0,15.361652036588607,45.0
Bitcoin,2019-09-08,10441.27637,26.921230468749854,392.8476718828353,0.4553,41.666666666666664,100.0,21.2,141.56666564941406,14.756666819254557,33.256665547688804,26822.826826666667,2614.370036078125,15.180000305175781,36.29465993245443,98.31666564941406,1.102584997812907,186.546875,0.5191,68.0,1503.5332845052083,57.40666580200195,62.24000040690104,9473.315606,13670567493.0,436798,23644815.68,734442315.9,0.151,0.55,98.0,14.247524725119366,35.0
Bitcoin,2019-09-09,10334.97461,-0.698417969,386.6001121724542,0.461,45.0,121.0,25.8,141.38999938964844,14.760000228881836,33.279998779296875,26835.50977,2618.310059,15.270000457763672,36.33271026611328,98.27999877929688,1.1020619869232178,305.3818359,0.508,99.0,1502.199951171875,57.849998474121094,62.59000015258789,9495.640008,17595943368.0,536567,19160369.49,1233969517.0,0.1508,0.5448,141.0,13.418094097532732,47.0
Bitcoin,2019-09-10,10115.97559,-22.87564453,385.6844094056718,0.4566,55.0,125.0,28.4,140.17999267578125,14.619999885559082,33.54999923706055,26909.42969,2621.209961,15.199999809265137,36.35904312133789,98.33000183105467,1.1048381328582764,373.7802734,0.5149,132.6,1490.300048828125,57.400001525878906,62.380001068115234,9494.206937,14906809639.0,564563,23662199.320543695,1964047352.8975096,0.15,0.5404,129.0,13.426021624827616,42.0
Bitcoin,2019-09-11,10178.37207,-11.05996094,374.93351409098096,0.4527,57.0,164.0,24.4,141.02999877929688,14.949999809265137,34.939998626708984,27137.03906,2656.550048828125,14.609999656677246,36.61366271972656,98.65000153,1.1050333976745603,235.171875,0.5078,108.0,1494.4000244140625,55.75,60.810001373291016,9496.903702537444,15428063426.0,556853,23997270.5,1425043055.0,0.1419,0.5262,122.0,13.416399352541774,36.0
Bitcoin,2019-09-12,10410.12695,1.1736132812493452,372.65338585233945,0.4417,65.0,131.0,24.4,141.32000732421875,15.06999969482422,35.58000183105469,27182.44922,2661.800048828125,14.220000267028809,36.87709045410156,98.30999755859376,1.101345777511597,343.0117188,0.5043,120.2,1498.699951171875,55.09000015258789,60.380001068115234,9496.866681557014,15323563925.0,564060,20481339.86,1811962087.0,0.1652,0.5283,120.0,13.41910811,30.0
Bitcoin,2019-09-13,10360.54688,16.66498046875131,361.38475672895805,0.4432,68.0,115.0,23.2,140.14999389648438,14.93999958,35.47999954223633,27219.51953,2650.679931640625,13.739999771118164,37.08780670166016,98.26000213623048,1.1058276891708374,214.8925781,0.508,96.2,1490.9000244140625,54.849998474121094,60.220001220703125,9502.484738260338,14109864675.0,546950,19643241.85,926451075.4,0.1641,0.5427,118.0,13.492480988525262,31.0
Bitcoin,2019-09-14,10358.04883,31.702499999999414,344.88866361438966,0.4531,67.66666666666667,70.0,16.8,140.53999837239584,15.316666284941407,39.846666971842446,27171.953123333333,2646.4566243489585,14.049999872843424,36.991222381591804,98.39000193415366,1.1066652139027913,130.4394531,0.5055,65.2,1494.9666748046875,57.53333282470703,63.15333302713542,9510.092544,13468713124.0,491282,20523303.28,550438176.5,0.1318,0.5391,97.0,13.544010790217817,16.0
Bitcoin,2019-09-15,10347.71289,53.64582031250029,325.5353578428261,0.4498,67.33333333333333,63.0,17.4,140.93000284830728,15.693332989882812,44.21333440144857,27124.386716666668,2642.2333170572915,14.359999974568684,36.89463806152344,98.52000173207682,1.1075027386347454,73.94238281,0.5019,66.8,1499.0333251953125,60.21666717529297,66.08666483356771,9510.001343329624,12043433567.0,422886,19411747.05,465077107.5,0.1306,0.5398,102.0,13.524678372735352,21.0
Bitcoin,2019-09-16,10276.79395,62.57240234375058,316.3630499165528,0.4496,67.0,95.0,28.0,141.32000732421875,16.06999969482422,48.58000183105469,27076.82031,2638.010009765625,14.670000076293944,36.79805374145508,98.65000153,1.1083402633666992,197.1230469,0.5052,81.0,1503.0999755859375,62.900001525878906,69.01999664,9513.795552520089,15160167779.0,562077,21460937.09,1523428332.0,0.1309,0.5363,135.0,13.533729604788114,22.0
Bitcoin,2019-09-17,10241.27246,65.05091796875058,300.69656253412046,0.4464,66.0,109.0,25.6,141.60000610351562,15.90999984741211,44.88999938964844,27110.80078,2651.870117,14.43999958,36.79805374145508,98.26000213623048,1.100594401359558,97.03222656,0.4968,113.2,1505.0999755859375,59.34000015258789,64.55000305175781,9569.688219458558,15304603363.0,567927,19262723.37,1412330121.0,0.1209,0.5333,131.0,12.884623219029931,57.0
Bitcoin,2019-09-18,10198.24805,67.89330078125022,285.25102123704045,0.4435,66.0,77.0,30.4,140.7100067138672,15.100000381469728,40.439998626708984,27147.08008,2646.540039,13.949999809265137,36.64879227,98.59999847,1.1074687242507937,84.45898438,0.5034,138.2,1507.5,58.11000061035156,63.599998474121094,9691.696644875734,16169268880.0,578686,22533478.53,1899700648.0,0.1215,0.5295,124.0,11.13422107163204,61.0
Bitcoin,2019-09-19,10266.41504,61.75414062500022,296.58855989868044,0.4401,63.0,162.0,35.6,141.27999877929688,15.130000114440918,41.150001525878906,27094.78906,2640.959961,14.050000190734863,36.49953079223633,98.26999664,1.1031439304351809,443.9765625,0.4896,134.0,1498.4000244140625,58.130001068115234,64.40000153,9813.172083676742,19937691247.0,552276,19373703.71,1263814528.0,0.0843,0.5269,127.0,9.387534768,61.0
Bitcoin,2019-09-20,10181.6416,39.99289062499883,286.3812018255604,0.4379,58.0,96.0,20.0,142.9499969482422,16.790000915527344,38.99000168,26935.07031,2605.790039,15.31999969482422,36.53465270996094,98.51000213623048,1.1048502922058103,153.6855469,0.4925,111.4,1507.300048828125,58.09000015258789,64.27999877929688,9943.862594932923,14734189639.0,557003,19539823.59,1752366741.0,0.0862,0.5328,109.0,7.3643929121361875,33.0
Bitcoin,2019-09-21,10019.7168,15.545058593748765,279.3103765835561,0.4414,58.333333333333336,83.0,18.6,143.21666463216147,16.83333396911621,39.013334911097004,26940.043616666666,2599.7967123333333,15.183333079020183,36.54635874430338,98.54000091415365,1.103868246078491,187.3896484,0.4946,69.6,1512.7666829427083,58.27333323160807,64.44333139953125,10023.623541853603,13425266806.0,493311,21079948.12,1297619718.0,0.0912,0.5269,71.0,6.065081881342763,26.0
Bitcoin,2019-09-22,10070.39258,-13.92416016,270.2104305999092,0.4365,58.666666666666664,110.0,23.0,143.48333231608072,16.876667022705078,39.03666814219401,26945.016923333333,2593.8033856666666,15.046666463216146,36.558064778645836,98.56999969207683,1.1028861999511717,151.9111328,0.4891,66.8,1518.2333170572917,58.45666631062826,64.60666401976563,9989.048703565628,13199651698.0,456990,21169975.57,552377407.5,0.0899,0.5161,112.0,6.4753289153223355,28.0
Bitcoin,2019-09-23,9729.324219,-50.55785156,275.7021660258086,0.428,59.0,162.0,24.0,143.75,16.920000076293945,39.060001373291016,26949.99023,2587.810059,14.90999984741211,36.56977081298828,98.59999847,1.1019041538238523,347.0947266,0.4693,106.4,1523.699951171875,58.63999938964844,64.76999664,9883.296807,15144925408.0,544681,14647183.8,855073770.2,0.0864,0.5194,236.0,7.691231199680952,32.0
Bitcoin,2019-09-24,8620.566406,-117.875332,358.4031274,0.4297,54.0,288.0,36.6,144.50999450683594,17.219999313354492,38.74000168,26807.76953,2503.879883,17.049999237060547,36.18343734741211,98.33999633789062,1.0993722677230835,1433.515625,0.4689,110.4,1532.0999755859375,57.290000915527344,63.099998474121094,9375.441757069442,25002886689.0,596954,19220354.79,3139283339.0,0.08,0.4982,277.0,15.804379976218238,28.0
Bitcoin,2019-09-25,8486.993164,-173.3383008,362.7623068985289,0.4137,59.0,316.0,46.2,141.8300018310547,15.619999885559082,38.369998931884766,26970.71094,2570.699951171875,15.960000038146973,36.15709305,99.04000091552734,1.1016855239868164,419.4316406,0.4388,91.8,1504.5999755859375,56.49000168,62.38999938964844,9005.236109033254,21744728353.0,571599,17222704.4,2087385265.0,0.1156,0.4274,144.0,21.24395291712348,38.0
Bitcoin,2019-09-26,8118.967773,-239.8291602,381.1404387160447,0.3631,57.0,309.0,42.8,141.7899932861328,15.109999656677246,37.52000045776367,26891.11914,2575.909912109375,16.06999969482422,36.14831543,99.20999908447266,1.0952903032302856,620.0561523,0.4311,101.2,1507.5,56.40999984741211,62.74000168,8605.219850994998,19258205289.0,554702,18142040.44,1313285337.0,0.131,0.4145,167.0,27.269126318968272,43.0
Bitcoin,2019-09-27,8251.845703,-299.0937109,375.7445256827558,0.3531,52.0,221.0,38.2,141.05999755859375,14.960000038146973,38.900001525878906,26820.25,2526.820068359375,17.219999313354492,35.68296432495117,99.11000061035156,1.0922753810882568,305.5976563,0.4091,111.0,1499.0999755859375,55.90999984741211,61.90999984741211,8327.613108670244,16408941156.0,532292,13731933.73,1158429641.0,0.1582,0.3907,147.0,30.91931534038445,49.0
Bitcoin,2019-09-28,8245.915039,-346.6169336,360.3474557679161,0.3355,52.666666666666664,166.0,27.6,140.32999674479166,15.09666665395101,38.8500010172526,26852.44336,2533.226725239583,16.893332799275715,35.75027974446615,99.19999949137369,1.0929407278696697,160.1855469,0.4184,108.4,1487.9666341145833,55.29666646321615,61.53333282470703,8092.672811983943,14141152736.0,474974,16399123.57,580178846.8,0.152,0.398,112.0,33.83783467871958,35.0
Bitcoin,2019-09-29,8104.185547,-347.9119727,353.98049185145777,0.3399,53.333333333333336,176.0,26.0,139.5999959309896,15.233333269755045,38.800000508626304,26884.63672,2539.633382119792,16.56666628519694,35.81759516398112,99.28999837239583,1.0936060746510823,271.2099609,0.4123,89.0,1476.8332926432292,54.68333307902018,61.15666580200195,7859.632922909634,13034629109.0,435119,14292283.47,461412848.7,0.1549,0.3994,108.0,36.75339127469192,29.0
Bitcoin,2019-09-30,8293.868164,-352.6826758,363.22993216563935,0.3401,54.0,175.0,35.8,138.8699951171875,15.369999885559082,38.75,26916.83008,2546.040039,16.239999771118164,35.884910583496094,99.37999725341795,1.0942714214324951,483.4726563,0.4055,104.4,1465.699951171875,54.06999969482422,60.779998779296875,7692.187811605383,17115474183.0,540376,13436667.52,1032865548.0,0.1547,0.3888,148.0,38.705193149537145,43.0
Bitcoin,2019-10-01,8343.276367,-337.0094531,356.21441524755795,0.3324,48.0,155.0,35.2,139.6300048828125,15.609999656677246,38.880001068115234,26573.03906,2535.760009765625,18.559999465942383,35.63028335571289,99.12999725341795,1.0899657011032104,265.0126953,0.4173,130.8,1482.0,53.619998931884766,58.88999938964844,7554.992934366605,15305343413.0,573854,15347785.33,1076885942.0,0.158,0.4057,132.0,40.04322122,49.0
Bitcoin,2019-10-02,8393.041992,-312.7739844,342.5810055646967,0.3432,34.0,125.0,28.2,141.25999450683594,15.75,39.619998931884766,26078.61914,2512.639892578125,20.559999465942383,35.358097076416016,99.04000091552734,1.0934937000274658,165.3466797,0.4206,126.8,1501.0,52.63999938964844,57.689998626708984,7455.358881864136,13125712443.0,535484,15983802.95,753518693.0998579,0.1502,0.4084,202.0,40.44924708989934,46.0
Bitcoin,2019-10-03,8259.992188,-276.267793,337.23882854891474,0.3443,29.0,147.0,34.4,141.89999389648438,16.329999923706055,40.400001525878906,26201.03906,2538.459961,19.12000084,35.81466293334961,98.86000061035156,1.0963709354400637,267.7905273,0.4176,115.6,1507.0999755859375,52.45000076293945,57.709999084472656,7354.190326348216,13668823409.0,525476,15446657.01,941153423.8134828,0.1155,0.412,142.0,40.82547029368593,51.0
Bitcoin,2019-10-04,8205.939453,-253.3831445,320.9231156280101,0.3462,32.0,137.0,23.8,141.89999389648438,15.260000228881836,39.310001373291016,26573.7207,2561.610107421875,17.040000915527344,35.97270965576172,98.80999755859376,1.0975382328033447,108.8188477,0.4078,105.2,1506.199951171875,52.810001373291016,58.369998931884766,7268.4782963365715,13139456229.0,545609,15198779.2,734036334.9883438,0.0665,0.404,118.0,40.82704222251651,38.0
Bitcoin,2019-10-05,8151.500488,-233.2456934,308.3147332059201,0.3401,31.333333333333332,135.0,22.2,141.49666341145834,15.32000001258789,39.346666971842446,26541.820310000003,2562.186767578125,17.313334147135418,35.87320200602213,98.86999766031902,1.097912033398946,144.4057617,0.4053,89.2,1503.3666178385417,52.790000915527344,58.36333211263021,7199.571090744882,12200497197.0,480438,16377861.17,375403716.0,0.0533,0.3973,65.0,40.41726252706926,26.0
Bitcoin,2019-10-06,7988.155762,-217.3306641,300.76079299924726,0.3349,30.666666666666668,151.0,30.4,141.09333292643228,15.379999796293946,39.38333257039388,26509.91992,2562.763427734375,17.58666737874349,35.773694356282554,98.92999776204427,1.0982858339945476,202.5595703,0.3979,85.6,1500.5332845052083,52.77000045776367,58.35666529337565,7127.475769865352,13160830305.0,435006,15379216.33,437929223.28947705,0.0369,0.3954,78.0,39.98595916519638,26.0
Bitcoin,2019-10-07,8245.623047,-209.2786523,308.0410279301046,0.3331,30.0,205.0,31.8,140.69000244140625,15.43999958,39.41999816894531,26478.01953,2563.340087890625,17.860000610351562,35.67418670654297,98.98999786376952,1.098659634590149,402.684082,0.3905,120.6,1497.699951171875,52.75,58.349998474121094,7116.113854695422,18009742607.0,538987,15743886.01,858436648.3406891,0.0286,0.3729,103.0,38.431349721098755,28.0
Bitcoin,2019-10-08,8228.783203,-227.1898242,296.5346445176864,0.3173,29.0,145.0,29.8,141.9199981689453,16.209999084472656,39.49000168,26164.03906,2517.370117,20.280000686645508,35.41956329345703,99.13999938964844,1.0972130298614502,146.9516602,0.4017,129.8,1497.199951171875,52.630001068115234,58.24000168,7126.802353149819,15592264032.0,534935,17060959.45,951086445.4,0.0211,0.402,94.0,36.35933457280831,27.0
Bitcoin,2019-10-09,8595.740234,-228.4275391,308.0969718066017,0.3362,30.0,120.0,29.6,142.0500030517578,15.729999542236328,38.0,26346.00977,2539.790039,18.63999938964844,35.691741943359375,99.12000274658205,1.0960105657577517,458.4072266,0.3969,143.4,1506.0999755859375,52.59000015258789,58.31999969482422,7213.300120676473,19384942333.0,524494,14626389.973370602,1063632109.0,0.0177,0.3992,100.0,32.76945587806964,34.0
Bitcoin,2019-10-10,8586.473633,-215.0022949,297.04282147666584,0.3338,36.0,105.0,23.4,140.80999755859375,15.699999809265137,39.52000045776367,26496.66992,2572.419922,17.56999969482422,36.060516357421875,98.70999908447266,1.098780393600464,153.3388672,0.4172,162.0,1494.800048828125,53.54999923706055,59.099998474121094,7326.661372197697,17618660671.0,549668,17831123.68,1061857762.0,0.0212,0.4292,150.0,28.556255093592124,27.0
Bitcoin,2019-10-11,8321.756836,-206.3165039,304.796808,0.3538,42.0,147.0,27.8,140.02999877929688,15.720000267028809,39.650001525878906,26816.58984,2615.469970703125,15.579999923706056,36.640010833740234,98.3000030517578,1.1011033058166504,405.5986328,0.4159,104.4,1482.699951171875,54.70000076293945,60.50999832,7443.878069573181,19604381101.0,547368,17060812.1,940680504.5,0.0216,0.4277,104.0,24.06582205043372,33.0
Bitcoin,2019-10-12,8336.555664,-205.7409375,290.30427651400015,0.3521,42.0,104.0,22.4,140.21666463216147,15.696666717529297,39.83666737874349,26806.846353333334,2618.3099772135415,15.243333180745445,36.58732986450195,98.3500010172526,1.1017356713612874,101.9013672,0.3983,83.0,1485.699951171875,54.33000055948893,60.123331704707034,7673.576312358646,14532641605.0,452069,14021139.92,434035291.2,0.0215,0.4067,106.0,16.759720523396375,23.0
Bitcoin,2019-10-13,8321.005859,-188.7746289,283.45225508889297,0.337,42.0,99.0,22.6,140.40333048502603,15.673333168029783,40.02333323160807,26797.102866666668,2621.1499837239585,14.906666437784832,36.53464889526367,98.3999989827474,1.1023680369059246,194.3759766,0.3999,80.4,1488.699951171875,53.960000356038414,59.73666508941406,7978.295193897233,13808286059.0,417760,15185999.16,358793113.3906581,0.023,0.4091,117.0,7.867881165287964,22.0
Bitcoin,2019-10-14,8374.686523,-180.7014063,270.78267436825774,0.3381,42.0,117.0,33.2,140.58999633789062,15.649999618530272,40.209999084472656,26787.35938,2623.989990234375,14.56999969482422,36.48196792602539,98.4499969482422,1.1030004024505615,106.078125,0.3958,86.2,1491.699951171875,53.59000015258789,59.349998474121094,7997.430243910419,15151387859.0,513254,14628224.19,1712938625.0376198,0.0213,0.4067,153.0,7.121553708235219,33.0
Bitcoin,2019-10-15,8205.369141,-192.9789062,267.7273619691858,0.3357,42.0,123.0,32.6,139.61000061035156,15.079999923706056,39.470001220703125,27024.80078,2668.550048828125,13.539999961853027,36.80683898925781,98.29000091552734,1.1029006242752075,228.0083008,0.4074,92.6,1477.5999755859375,52.810001373291016,58.74000168,7995.125297509089,15220412632.0,533673,16240085.96,933447813.6,0.0678,0.4088,137.0,6.849169292,30.0
Bitcoin,2019-10-16,8047.526855,-199.5523926,265.1555972749582,0.3379,47.0,210.0,29.8,140.41000366210938,14.93999958,39.470001220703125,27001.98047,2673.709961,13.68000030517578,36.91219711303711,98.01000213623048,1.1034727096557615,231.7226563,0.3966,110.4,1488.0,53.36000061035156,59.41999816894531,7981.958577733099,16071646996.0,545056,14633533.22,944835135.1,0.0677,0.395,118.0,7.084019532869096,32.0
Bitcoin,2019-10-17,8103.911133,-191.1344434,255.77938831781833,0.3277,50.0,142.0,26.8,140.61000061035156,14.84000015258789,37.709999084472656,27025.88086,2685.060059,13.789999961853027,37.05268096923828,97.61000061035156,1.107493281364441,133.8886719,0.3924,103.2,1492.300048828125,53.93000030517578,59.90999984741211,7965.272318851062,14313052244.0,528543,15858419.08,1260759811.0,0.0713,0.3829,103.0,7.315076858027658,36.0
Bitcoin,2019-10-18,7973.20752,-185.0951953,254.3843971321706,0.3189,50.0,147.0,27.6,140.4600067138672,14.850000381469728,36.43000030517578,26770.19922,2621.060059,14.25,36.859519958496094,97.27999877929688,1.1127183437347412,236.2495117,0.3999,96.8,1488.199951171875,53.779998779296875,59.41999816894531,7925.481165897519,15651592610.0,518606,16329289.215290798,1046146449.0,0.1104,0.3884,111.0,7.960930971868649,39.0
Bitcoin,2019-10-19,7988.560547,-182.0108398,246.06069298433695,0.3219,52.0,120.0,22.6,140.2366689046224,14.583333651224773,36.506666819254555,26789.346356666665,2633.063395453125,14.166666666666666,36.97073618570963,97.29666646321614,1.113670031229655,137.8525391,0.3905,78.6,1486.2666422526042,53.62333297729492,59.26666514078776,7905.590350549883,13797825640.0,486396,14484979.9,393045996.9,0.111,0.3796,96.0,8.308633532184794,29.0
Bitcoin,2019-10-20,8222.078125,-166.8735352,252.22627964617004,0.3154,54.0,112.0,29.2,140.0133310953776,14.316666920979818,36.583333333333336,26808.493493333335,2645.06673190625,14.083333333333334,37.08195241292318,97.31333414713541,1.1146217187245686,332.3789063,0.3911,69.8,1484.3333333333333,53.46666717529297,59.11333211263021,7902.483862942104,15504249442.0,437713,14984777.03,335445114.1,0.1082,0.3787,102.0,8.300533862941183,40.0
Bitcoin,2019-10-21,8243.720703,-154.3990723,241.37285397947932,0.3142,56.0,103.0,25.8,139.7899932861328,14.050000190734863,36.65999984741211,26827.64063,2657.070068359375,14.0,37.19316864013672,97.33000183105467,1.1155734062194824,100.2783203,0.4039,93.6,1482.4000244140625,53.310001373291016,58.959999084472656,7900.5060103810765,15868748866.0,545843,16722180.44,949795298.9,0.1089,0.3993,127.0,8.232731743,46.0
Bitcoin,2019-10-22,8078.203125,-166.7599902,240.0025413068379,0.3275,59.0,107.0,28.6,140.1999969482422,13.670000076293944,35.52000045776367,26788.09961,2618.689941,14.460000038146973,37.21950912475586,97.52999877929688,1.1151753664016724,222.1884766,0.4041,105.4,1481.699951171875,54.15999984741211,59.70000076293945,7885.472518841578,16803377857.0,541300,17496598.35,996706690.9,0.0849,0.3993,133.0,8.231261502620843,40.0
Bitcoin,2019-10-23,7514.671875,-198.1975,267.40784248581383,0.3268,55.0,307.0,42.8,140.52999877929688,13.229999542236328,35.65999984741211,26833.94922,2634.840087890625,14.010000228881836,37.22828674316406,97.47000122070312,1.112928867340088,623.6767578,0.3935,111.4,1489.9000244140625,55.970001220703125,61.16999816894531,7729.117993435624,21942878958.0,544470,17079475.39,1296382266.0,0.084,0.3853,172.0,11.178056475725484,43.0
Bitcoin,2019-10-24,7493.48877,-228.0253223,254.44148989754143,0.3166,57.0,256.0,43.6,141.52999877929688,13.970000267028809,35.95000076293945,26805.5293,2644.179931640625,13.710000038146973,37.22828674316406,97.62999725341795,1.1132385730743408,85.87890625,0.3603,118.0,1498.9000244140625,56.22999954223633,61.66999816894531,7603.047353496568,16268708849.0,515253,12594197.43,984320293.0866731,0.0878,0.3387,148.0,13.446207166878963,58.0
Bitcoin,2019-10-25,8660.700195,-238.1502637,322.80678805218133,0.2847,62.0,221.0,52.2,141.86000061035156,13.479999542236328,34.63999938964844,26958.06055,2695.879883,12.649999618530272,37.49169922,97.83000183105467,1.1103955507278442,1211.555664,0.3608,131.2,1499.5,56.65999984741211,62.02000045776367,7585.187396184432,28705065488.0,570469,13909079.27,1334170238.0,0.0533,0.3393,134.0,14.463957691380951,35.0
Bitcoin,2019-10-26,9244.972656,-230.0318652,396.966585,0.284,63.666666666666664,190.0,49.0,141.45333353678384,13.579999605814615,34.97333272298177,27002.2806,2705.0765789010416,12.803332964579264,37.564867656269534,97.80666859944661,1.1097391049067178,1359.12207,0.4092,112.2,1496.3333333333333,56.37666702270508,61.87000020345052,7494.305342138221,44496255609.0,541095,16769057.92,1256366631.0,0.0769,0.4328,143.0,18.085074160700625,56.0
Bitcoin,2019-10-27,9551.714844,-203.9715137,414.11092211992934,0.3469,65.33333333333333,113.0,34.6,141.04666646321616,13.679999669392904,35.3066660563151,27046.50065,2714.2732748020835,12.956666310628254,37.63803609253906,97.78333536783855,1.1090826590855916,636.9873047,0.4323,76.8,1493.1666666666667,56.09333419799805,61.71999994913737,7365.248614295319,32593129501.0,438755,13879519.95,721778043.4238869,0.137,0.4718,136.0,22.62363945447155,26.0
Bitcoin,2019-10-28,9256.148438,-165.496709,423.7436938658272,0.3743,67.0,114.0,34.0,140.63999938964844,13.779999732971191,35.63999938964844,27090.7207,2723.469970703125,13.109999656677246,37.711204528808594,97.76000213623048,1.108426213264465,548.9697266,0.4502,134.6,1490.0,55.810001373291016,61.56999969482422,7330.428112401738,30948255332.0,540579,16254462.722285902,1882149479.0,0.1444,0.4909,157.0,24.547474818112512,33.0
Bitcoin,2019-10-29,9427.6875,-121.6223633,413.7285890584467,0.3875,71.0,127.0,29.6,140.25,13.460000038146973,35.70000076293945,27071.46094,2680.780029296875,13.199999809265137,37.518035888671875,97.69000244140624,1.1099148988723757,283.5322266,0.444,130.0,1487.0,55.540000915527344,61.59000015258789,7273.733031,28426779937.0,527526,15907595.393657098,1157811408.0,0.1523,0.4751,113.0,26.766838671127974,20.0
Bitcoin,2019-10-30,9205.726563,-101.5306836,408.6277886123076,0.376,75.0,119.0,30.4,141.02000427246094,13.170000076293944,34.36000061035156,27186.68945,2691.52002,12.329999923706056,37.68485641479492,97.65000153,1.1114816665649414,341.5039063,0.4465,130.8,1493.199951171875,55.060001373291016,60.61000061035156,7252.674240571496,27706531577.0,536888,15935289.73,933497841.3,0.1617,0.4816,99.0,27.90291496645068,33.0
Bitcoin,2019-10-31,9199.584961,-98.93982422,404.7574722382142,0.3804,72.0,108.0,23.6,142.42999267578125,13.390000343322754,35.84000015258789,27046.23047,2691.659912109375,13.220000267028809,37.38634109,97.34999847,1.1154489517211914,354.4433594,0.4393,122.8,1511.4000244140625,54.18000030517578,60.22999954223633,7251.138538934534,26583653947.0,504880,15460313.802921005,1573437647.0,0.1647,0.4654,92.0,28.83071025968395,21.0
Bitcoin,2019-11-01,9261.104492,-102.6094727,386.1040367211989,0.3683,80.0,108.0,21.4,142.55999755859375,12.859999656677246,34.369998931884766,27347.35938,2712.360107421875,12.300000190734863,37.94827651977539,97.23999786376952,1.1157102584838867,143.609375,0.4379,99.2,1508.0,56.20000076293945,61.689998626708984,7252.287483779892,24324691031.0,563151,15476389.78,2074156434.0,0.1785,0.4634,114.0,29.732599772668557,31.0
Bitcoin,2019-11-02,9324.717773,-99.62349609,367.6607796339704,0.3663,82.0,78.0,20.8,142.42332967122397,12.723333040873209,34.789999643961586,27385.60938,2729.33675128125,12.476666768391928,38.07412592569987,97.32999928792317,1.1160258849461873,127.8984375,0.4439,99.8,1508.0,56.313334147135414,61.836666107177734,7258.9844866789135,21242676385.0,472031,16052149.36,736867493.4,0.1992,0.469,71.0,30.573498780269286,32.0
Bitcoin,2019-11-03,9235.354492,-103.9316406,358.4389159101153,0.3701,84.0,79.0,21.8,142.28666178385416,12.586666425069174,35.210000356038414,27423.85938,2746.313395140625,12.653333346048992,38.19997533162435,97.42000071207683,1.116341511408488,238.5546875,0.4457,81.6,1508.0,56.42666753133138,61.983333587646484,7274.112757346131,21132220847.0,465534,16402669.81,791930340.1,0.1908,0.4719,71.0,31.068782383514883,21.0
Bitcoin,2019-11-04,9412.612305,-104.4286719,355.23373664867853,0.3716,86.0,105.0,47.8,142.14999389648438,12.449999809265137,35.630001068115234,27462.10938,2763.290039,12.829999923706056,38.32582473754883,97.51000213623048,1.1166571378707886,313.5664063,0.4409,119.6,1508.0,56.540000915527344,62.130001068115234,7304.686668742579,26170255634.0,549112,15941423.77,1333487929.0,0.1867,0.4659,77.0,31.53950846916719,29.0
Bitcoin,2019-11-05,9342.527344,-103.5382617,344.18035032555866,0.3668,89.0,90.0,37.4,139.85000610351562,12.43000030517578,33.77000045776367,27492.63086,2753.959961,13.100000381469728,38.54533004760742,97.98000336,1.1128545999526978,200.4863281,0.4442,99.0,1480.800048828125,57.22999954223633,62.959999084472656,7371.262155892928,26198609048.0,576664,17451427.1,2769186824.0,0.1438,0.4791,79.0,31.26398289531675,34.0
Bitcoin,2019-11-06,9360.879883,-98.16566406,327.9766199451616,0.3756,88.0,64.0,28.6,140.4499969482422,12.039999961853027,33.220001220703125,27492.56055,2756.77002,12.619999885559082,38.422401428222656,97.9499969482422,1.107419729232788,117.328125,0.4425,102.6,1490.199951171875,56.349998474121094,61.74000168,7440.764884481308,23133895765.0,559293,15769410.01,1446365892.0,0.1772,0.4743,88.0,30.88946079619645,35.0
Bitcoin,2019-11-07,9267.561523,-96.0628125,316.41565044015005,0.3709,91.0,110.0,28.6,138.27000427246094,12.350000381469728,31.450000762939453,27674.80078,2808.399902,12.729999542236328,38.703372955322266,98.13999938964844,1.1070396900177002,166.1230469,0.4439,117.6,1464.199951171875,57.150001525878906,62.290000915527344,7546.452509228675,22700383839.0,553447,15970955.44,1410260957.0,0.1881,0.4757,97.0,29.739597424243915,28.0
Bitcoin,2019-11-08,8804.880859,-102.8396094,329.3306458328179,0.3714,91.0,181.0,25.8,137.38999938964844,12.270000457763672,31.450000762939453,27681.24023,2821.080078,12.06999969482422,38.35216141,98.34999847,1.1019697189331057,497.2255859,0.4325,95.0,1461.300048828125,57.24000168,62.50999832,7649.202217703105,24333037836.0,541512,14762408.04,1458241138.0,0.1695,0.4662,94.0,28.21237071313456,27.0
Bitcoin,2019-11-09,8813.582031,-111.4987891,312.85383351886657,0.3642,90.33333333333333,133.0,25.6,137.27999877929688,12.470000267028809,32.37333424886068,27684.656896666667,2820.803385333333,12.276666323216148,38.261431377825524,98.2999979627474,1.1020612319310508,98.65527344,0.4212,61.4,1459.36669921875,57.113334656783856,62.39999898172526,7717.259397134288,17578630606.0,519291,16111246.62,1046596790.0,0.1424,0.4381,96.0,27.257609569313075,22.0
Bitcoin,2019-11-10,9055.526367,-112.0972656,311.76884987466184,0.3437,89.66666666666667,112.0,25.0,137.1699981689453,12.670000076293945,33.2966677347819,27688.07356333333,2820.526692666667,12.483332951608073,38.17070134565104,98.2499974554948,1.1021527449289958,297.6640625,0.4275,68.0,1457.433349609375,56.986667633567706,62.28999964345052,7799.309819331011,20587919881.0,435494,18896479.03,364320564.2,0.1443,0.4395,55.0,26.210499579492986,26.0
Bitcoin,2019-11-11,8757.788086,-120.7415039,316.69042477200736,0.3441,89.0,121.0,24.6,137.05999755859375,12.869999885559082,34.220001220703125,27691.49023,2820.25,12.68999958,38.07997131347656,98.1999969482422,1.102244257926941,380.6708984,0.4282,142.4,1455.5,56.86000061035156,62.18000030517578,7901.668241448574,20265510765.0,511673,16881322.71,718863061.2,0.1448,0.4551,60.0,24.59372302456116,39.0
Bitcoin,2019-11-12,8815.662109,-120.4010156,306.09402445347115,0.3546,88.0,117.0,28.8,137.42999267578125,11.90999984741211,33.74000168,27691.49023,2833.560059,12.68000030517578,37.834129333496094,98.30999755859376,1.1035456657409668,168.3408203,0.4133,95.2,1452.0999755859375,56.79999923706055,62.060001373291016,8196.498200011925,20309769107.0,501680,14989182.402188202,865205529.8,0.1407,0.4324,72.0,19.35317896919245,34.0
Bitcoin,2019-11-13,8808.262695,-87.41640625,289.6009105416161,0.3382,87.0,84.0,23.6,137.97999572753906,11.56000042,35.150001525878906,27783.58984,2801.780029296875,13.0,37.544376373291016,98.37000274658205,1.1012367010116575,75.19042969,0.4083,83.0,1461.699951171875,57.119998931884766,62.369998931884766,8622.667768168527,17545755405.0,555616,15067619.93,1486062566.3746402,0.0989,0.4377,44.0,11.32739996867168,24.0
Bitcoin,2019-11-14,8708.094727,-55.63318359,278.5145313288221,0.3413,83.0,108.0,17.6,138.55999755859375,11.829999923706056,33.939998626708984,27781.96094,2813.199951171875,13.050000190734863,37.57072067260742,98.16000366210938,1.101321578025818,134.3916016,0.4171,85.2,1471.800048828125,56.77000045776367,62.279998779296875,8633.476593568677,19084739975.0,535548,18779474.74,946450282.5157008,0.0953,0.4352,52.0,11.139855922130971,20.0
Bitcoin,2019-11-15,8491.992188,-28.88888672,276.1941574392634,0.3397,87.0,139.0,28.0,138.2100067138672,11.229999542236328,32.41999816894531,28004.89063,2825.550048828125,12.050000190734863,37.86925125,98.0,1.1020498275756836,246.0292969,0.4083,80.6,1467.300048828125,57.720001220703125,63.29999923706055,8525.194106522882,21796856471.0,575887,17351278.97,1199132985.0,0.0942,0.4267,65.0,12.73743800388285,31.0
Bitcoin,2019-11-16,8550.760742,3.3415039062510914,264.89624887217315,0.3331,85.66666666666667,80.0,23.0,138.34666951497397,11.336666425069174,32.83999888102213,28015.33398666667,2832.130045552083,12.1866668065389,37.84876378295898,97.93000030517578,1.1032031774520874,118.0234375,0.3972,72.4,1468.5000406901042,57.4966672261556,63.01333236694336,8465.284588151095,16495389808.0,495077,15864379.2,461834641.9,0.0839,0.4138,53.0,13.025658394966452,13.0
Bitcoin,2019-11-17,8577.975586,28.255957031249636,262.1766088857679,0.3237,84.33333333333333,89.0,22.0,138.48333231608072,11.443333307902018,33.25999959309896,28025.777343333335,2838.710042276042,12.323333422342936,37.82827631591797,97.86000061035156,1.1043565273284912,226.8212891,0.3981,79.8,1469.7000325520833,57.27333323160807,62.72666549682617,8404.172937507246,18668638897.0,430853,16582477.299022796,342818350.3210391,0.0806,0.4146,46.0,13.677715772293888,26.0
Bitcoin,2019-11-18,8309.286133,28.604042968750942,270.57163905464165,0.3237,83.0,138.0,27.2,138.6199951171875,11.550000190734863,33.68000030517578,28036.2207,2845.290039,12.460000038146973,37.80778884887695,97.79000091552734,1.105509877204895,379.7070313,0.3915,101.2,1470.9000244140625,57.04999923706055,62.439998626708984,8304.597626161543,21579470673.0,510494,14963381.52,1043917564.0,0.0785,0.4166,59.0,14.736912857459023,34.0
Bitcoin,2019-11-19,8206.145508,22.42755859375029,273.2846093118994,0.3245,80.0,183.0,30.8,138.69000244140625,11.5,32.939998626708984,27934.01953,2847.879883,12.859999656677246,37.88680648803711,97.86000061035156,1.1072357892990112,308.5532227,0.3859,113.8,1473.300048828125,55.209999084472656,60.90999984741211,8187.165706048351,21083613816.0,561226,15599060.26,923399726.1,0.091,0.3927,66.0,16.332736450742274,30.0
Bitcoin,2019-11-20,8027.268066,8.646904296876528,269.9591740485494,0.3074,74.0,116.0,28.4,138.75999450683594,11.550000190734863,32.20000076293945,27821.08984,2829.760009765625,12.779999732971191,37.71998596191406,97.93000030517578,1.1080001592636108,226.7285156,0.3773,102.6,1473.300048828125,57.11000061035156,62.400001525878906,8045.532450931232,20764300437.0,525739,14807093.07,870969121.5,0.0896,0.3877,57.0,18.31553356432451,28.0
Bitcoin,2019-11-21,7642.75,-12.33723633,287.2989693732066,0.3034,70.0,242.0,42.0,138.0,11.369999885559082,31.59000015258789,27766.28906,2844.02002,13.130000114440918,37.640960693359375,97.98999786376952,1.1078859567642212,512.7163086,0.3702,109.2,1463.0999755859375,58.58000183105469,63.970001220703125,7830.377498903469,22514243371.0,584765,13715760.95,1165992114.0,0.0876,0.3847,69.0,21.54371556250477,33.0
Bitcoin,2019-11-22,7296.577637,-38.24673828,321.1116336702097,0.3007,69.0,283.0,60.0,137.74000549316406,11.31999969482422,32.380001068115234,27875.61914,2831.489990234375,12.34000015258789,37.640960693359375,98.26999664,1.1065863370895386,760.6762695,0.3491,100.2,1463.0999755859375,57.77000045776367,63.38999938964844,7565.343668528571,34242315785.0,607299,12538677.98,1691710108.3535397,0.0873,0.3475,102.0,25.568265254236383,31.0
Bitcoin,2019-11-23,7397.796875,-58.51160156,318.94943271608753,0.275,69.33333333333333,145.0,36.0,137.52000427246094,11.263333002726238,32.22000058492025,27939.236326666665,2848.6766764322915,12.183333396911621,37.76681009928385,98.28666432494141,1.1051429907480876,290.8408203,0.3493,78.6,1460.9333089192708,57.84999974517578,63.47666676839193,7374.556299911461,21008924418.0,514757,16178363.03,1151153476.0,0.1206,0.3193,77.0,28.14692210081032,22.0
Bitcoin,2019-11-24,7047.916992,-78.82881836,323.2593365,0.2554,69.66666666666667,144.0,35.0,137.3000030517578,11.206666310628254,32.06000010172526,28002.853513333335,2865.8633626302085,12.026666641235352,37.892659505208336,98.30333200988281,1.1036996444066365,379.2880859,0.3332,65.8,1458.7666422526042,57.929999032587894,63.563334147135414,7146.575323786561,30433517289.0,436089,11832812.58,544401075.4,0.1322,0.3242,45.0,31.133300141747387,20.0
Bitcoin,2019-11-25,7146.133789,-89.3490918,350.3615225810908,0.2578,70.0,263.0,58.6,137.0800018310547,11.149999618530272,31.899999618530273,28066.4707,2883.050048828125,11.869999885559082,38.01850891113281,98.31999969482422,1.1022562980651855,702.6899414,0.3166,92.0,1456.5999755859375,58.00999832,63.650001525878906,6982.873197,42685231262.0,495578,11205569.82,1313006695.0,0.1356,0.2887,128.0,32.83248107359705,29.0
Bitcoin,2019-11-26,7218.371094,-94.88829102,341.16842833422714,0.2346,69.0,153.0,37.4,137.74000549316406,10.760000228881836,31.25,28121.67969,2871.350098,11.539999961853027,37.90437316894531,98.25,1.1014429330825806,221.6582031,0.3208,80.0,1459.800048828125,58.40999984741211,64.26999664,6872.267255071619,21129505542.0,576620,11167150.57,1179814702.0,0.1338,0.3078,100.0,33.34335579152954,27.0
Bitcoin,2019-11-27,7531.663574,-89.56239258,362.9077579509788,0.2461,78.0,146.0,33.2,137.00999450683594,10.300000190734863,30.81999969482422,28164.0,2902.709961,11.75,37.94827651977539,98.41000366210938,1.1022562980651855,645.519043,0.3314,80.2,1453.4000244140625,58.11000061035156,64.05999755859375,6835.833163306372,23991412764.0,566552,12848987.49,1513433741.0,0.1374,0.3109,92.0,32.463728707349546,30.0
Bitcoin,2019-11-28,7463.105957,-96.05222656,356.69657323126603,0.2473,78.5,115.0,22.4,137.43499755859375,10.505000114440918,33.77499961853027,28107.70508,2894.915039,12.184999942779541,37.64974784851074,98.34000015105468,1.1004853248596191,275.9511719,0.3539,78.0,1459.5,56.63999938964844,63.244998931884766,6770.186875013658,19050116751.0,533010,15917751.91,769525352.6250471,0.1516,0.3433,83.0,32.69718746335059,24.0
Bitcoin,2019-11-29,7761.243652,-90.48515625,354.10562798930056,0.268,79.0,93.0,25.8,137.86000061035156,10.710000038146973,36.72999954223633,28051.41016,2887.120117,12.619999885559082,37.351219177246094,98.26999664,1.101176142692566,320.4233398,0.3442,84.2,1465.5999755859375,55.16999816894531,62.43000030517578,6753.103388963238,19709695456.0,543960,14142605.49,1078007992.0,0.1394,0.3356,56.0,32.02731412657935,24.0
Bitcoin,2019-11-30,7569.629883,-88.68725586,351.68754323336833,0.2624,77.33333333333333,92.0,22.2,137.83666483561197,10.730000178019205,36.143333435058594,27961.953126666667,2875.870117,13.383333206176758,37.348289489746094,98.13333129678385,1.1014188130696614,320.2524414,0.3483,70.0,1464.5,55.43333180745443,61.926666259765625,6752.220274761979,17158194786.0,493866,12281980.57,696535295.2,0.1272,0.362,49.0,30.48297220420822,17.0
Bitcoin,2019-12-01,7424.29248,-86.38748047,346.58660543544914,0.2795,75.66666666666667,112.0,19.8,137.8133290608724,10.75000031789144,35.55666732788086,27872.49609333333,2864.620117,14.146666526794434,37.345359802246094,97.99666595356771,1.1016614834467569,280.2744141,0.3454,78.4,1463.4000244140625,55.69666544596354,61.42333221435547,6720.750991125338,18720708479.0,468193,12925726.37,410180206.4,0.1227,0.3462,59.0,29.848945040998743,20.0
Bitcoin,2019-12-02,7321.988281,-92.42543945,339.07466458961346,0.2684,74.0,163.0,25.8,137.7899932861328,10.770000457763672,34.970001220703125,27783.03906,2853.370117,14.90999984741211,37.342430114746094,97.86000061035156,1.1019041538238523,241.4194336,0.3378,104.6,1462.300048828125,55.959999084472656,60.91999816894531,6699.584947835146,17082040706.0,552276,13446041.66,904057314.8233552,0.1038,0.3343,89.0,28.765976067180127,37.0
Bitcoin,2019-12-03,7320.145508,-90.86357422,328.3908994849982,0.26,63.0,98.0,24.2,139.11000061035156,12.149999618530272,35.04999923706055,27502.81055,2830.159912109375,15.960000038146973,37.14926528930664,97.73999786376952,1.1079105138778689,189.5019531,0.3363,85.4,1478.199951171875,56.099998474121094,60.81999969482422,6700.7963068315985,14797485769.0,565368,14637722.11,1101171350.0,0.0996,0.3259,59.0,27.09088108936238,27.0
Bitcoin,2019-12-04,7252.034668,-93.42566406,331.2816792650876,0.2538,67.0,153.0,38.8,138.9199981689453,11.56999969482422,32.209999084472656,27649.7793,2831.050048828125,14.800000190734863,37.43023681640625,97.65000153,1.1085245609283447,368.8618164,0.3374,84.6,1474.0,58.43000030517578,63.0,6704.512452066992,21664240918.0,569753,15591131.4,1466498115.7391598,0.1031,0.3252,66.0,25.35451930674813,37.0
Bitcoin,2019-12-05,7448.307617,-90.36750977,344.1011938041884,0.2527,67.0,91.0,29.2,139.0,11.25,30.40999984741211,27677.78906,2845.459961,14.520000457763672,37.59705352783203,97.41000366210938,1.108303427696228,510.7548828,0.3271,88.6,1476.9000244140625,58.43000030517578,63.38999938964844,6723.187048,18816085231.0,535061,13451289.42,829793365.2,0.1006,0.3173,81.0,23.669597276491924,28.0
Bitcoin,2019-12-06,7546.996582,-83.26053711,330.5812006083535,0.2469,70.0,98.0,34.2,137.6199951171875,10.729999542236328,30.020000457763672,28015.06055,2875.02002,13.619999885559082,37.81656265258789,97.6999969482422,1.1105434894561768,154.8212891,0.3343,90.4,1459.0999755859375,59.20000076293945,64.38999938964844,6778.939767993551,18104466307.0,534431,13603961.75,1235038810.0,0.1056,0.3344,53.0,21.02946794241847,21.0
Bitcoin,2019-12-07,7556.237793,-71.61958008,311.55684587739967,0.2575,69.33333333333333,69.0,24.8,137.6066640218099,10.736666361490885,30.020000457763672,27979.906903333333,2871.440023098958,14.366666475931803,37.766808827718094,97.67999776204428,1.1089919408162434,64.24023438,0.3437,74.2,1459.1666666666667,59.140000661214195,64.3433329264323,6873.922142733055,15453520564.0,465570,15286888.49,842686832.9,0.1037,0.3458,48.0,17.28969560875476,22.0
Bitcoin,2019-12-08,7564.345215,-59.01306641,300.6252952232104,0.2645,68.66666666666667,95.0,24.4,137.59333292643228,10.743333180745443,30.020000457763672,27944.753256666667,2867.860026197917,15.113333066304525,37.717055002848305,97.65999857584636,1.1074403921763103,158.5151367,0.3398,77.6,1459.2333577473958,59.08000055948893,64.29666646321614,6944.309348993466,15409908086.0,434939,13969510.400920698,307899861.8,0.0965,0.3439,72.0,14.500534558777687,20.0
Bitcoin,2019-12-09,7400.899414,-56.36995117,297.1596630867311,0.2628,68.0,76.0,22.8,137.5800018310547,10.75,30.020000457763672,27909.59961,2864.280029296875,15.859999656677246,37.66730117797851,97.63999938964844,1.105888843536377,252.1064453,0.338,86.2,1459.300048828125,59.02000045776367,64.25,7015.277506781722,17872021272.0,538820,13970881.97,984541456.8,0.0931,0.3453,65.0,11.59163146493036,22.0
Bitcoin,2019-12-10,7278.119629,-63.69758789,288.64675885955387,0.2633,65.0,122.0,25.4,137.97000122070312,10.329999923706056,27.940000534057617,27881.7207,2867.290039,15.68000030517578,37.79900741577149,97.41000366210938,1.106499433517456,177.9790039,0.3294,90.0,1462.5999755859375,59.24000168,64.33999633789062,7064.463284590397,18249031195.0,548706,13646564.11,1203358980.0,0.0868,0.3291,57.0,9.311503000260217,16.0
Bitcoin,2019-12-11,7217.427246,-69.77481445,277.2169122445857,0.252,61.0,107.0,30.0,138.9199981689453,10.81000042,27.809999465942383,27911.30078,2902.649902,14.989999771118164,38.35216141,97.16000366210938,1.1092746257781982,128.6289063,0.3168,84.6,1469.4000244140625,58.75999832,63.720001220703125,7051.002173147361,16350490689.0,521113,12062018.832885498,960237277.3,0.0821,0.3196,57.0,9.127020634836864,28.0
Bitcoin,2019-12-12,7243.134277,-66.86617187,264.6941640485439,0.2452,74.0,117.0,27.4,138.42999267578125,10.949999809265137,27.440000534057617,28132.05078,2924.370117,13.93999958,39.01945877075195,97.40000153,1.1135857105255127,101.8984375,0.3149,81.6,1466.699951171875,59.18000030517578,64.19999694824219,7044.641989753737,18927080224.0,531404,12076200.2,1259580435.0,0.08,0.317,60.0,9.230194840750348,33.0
Bitcoin,2019-12-13,7269.68457,-62.85794922,250.53300863659433,0.2429,75.0,107.0,28.8,139.0500030517578,10.390000343322754,26.760000228881836,28135.38086,2921.100098,12.630000114440918,39.001895904541016,97.16999816894533,1.1186057329177856,66.43798828,0.3204,73.4,1475.5999755859375,60.06999969482422,65.22000122070312,7034.606366156908,17125736940.0,547987,14060284.47,910737706.0,0.0774,0.3165,56.0,9.336593786559108,35.0
Bitcoin,2019-12-14,7124.673828,-77.15490234,247.7540395487126,0.242,77.33333333333333,109.0,23.2,139.04666646321616,10.390000343322754,26.676666895548504,28168.884116666668,2942.350098,12.46666685740153,39.11220041910807,97.1366653442383,1.116552511850993,211.6274414,0.3197,52.2,1475.3999837239583,60.11666615804037,65.25999959309895,7051.837994191122,17137029730.0,475246,13824044.96,455496984.0,0.0737,0.3213,66.0,8.968908782141307,42.0
Bitcoin,2019-12-15,7152.301758,-99.69629883,248.39301579746527,0.2447,79.66666666666667,103.0,22.2,139.04332987467447,10.390000343322754,26.593333562215168,28202.387373333335,2963.600098,12.303333600362143,39.22250493367513,97.10333251953125,1.1144992907842,256.699707,0.303,74.0,1475.1999918619792,60.16333262125651,65.2999979654948,7053.018880625003,16881129804.0,434034,11126047.87,331461605.8,0.0768,0.3055,67.0,8.944899833063932,32.0
Bitcoin,2019-12-16,6932.480469,-134.8654688,249.7568238208606,0.2338,82.0,155.0,30.6,139.0399932861328,10.390000343322754,26.510000228881836,28235.89063,2984.850098,12.140000343322754,39.33280944824219,97.06999969482422,1.1124460697174072,267.4863281,0.3134,84.6,1475.0,60.209999084472656,65.33999633789062,6990.225305588056,20213265950.0,549300,14132643.71,880428472.3,0.0775,0.3092,54.0,10.27856217104824,39.0
Bitcoin,2019-12-17,6640.515137,-181.7473828,258.78141313499555,0.2358,85.0,290.0,52.8,139.00999450683594,10.029999732971191,26.329999923706055,28267.16016,3002.610107421875,12.289999961853027,39.69152832,97.20999908447266,1.1136974096298218,376.1010742,0.2967,78.2,1474.5999755859375,60.939998626708984,66.09999847,6838.267871596233,22363804217.0,557300,12121833.95,1699726138.7494502,0.0765,0.2878,90.0,13.273763683110165,28.0
Bitcoin,2019-12-18,7276.802734,-220.2889941,296.36385125928155,0.2214,87.0,208.0,54.0,139.02000427246094,10.039999961853027,26.770000457763672,28239.2793,3043.719970703125,12.579999923706056,39.90675354003906,97.41000366210938,1.115138053894043,784.9355469,0.2832,74.4,1472.5999755859375,60.93000030517578,66.16999816894531,6832.818527026757,31836522778.0,560284,11695182.78,1653840923.0,0.0614,0.2611,96.0,13.18497209487294,24.0
Bitcoin,2019-12-19,7202.844238,-229.6261133,296.9964835354043,0.2036,90.0,156.0,34.6,139.3800048828125,10.390000343322754,24.799999237060547,28376.96094,3088.570068359375,12.5,39.92469406,97.41999816894533,1.1115927696228027,305.2207031,0.3201,80.8,1478.199951171875,61.220001220703125,66.54000091552734,6848.799762672209,25904604416.0,539310,14591652.02,1185600662.0,0.0984,0.3264,86.0,12.030594150259102,31.0
Bitcoin,2019-12-20,7218.816406,-227.3880664,288.0537241087683,0.2449,91.0,102.0,24.6,139.52000427246094,9.68999958,25.540000915527344,28455.08984,3100.540039,12.510000228881836,40.00539779663086,97.70999908447266,1.1125946044921875,171.7978516,0.3208,72.0,1474.699951171875,60.439998626708984,66.13999938964844,6850.212243,22633815180.0,539310,14124384.46,1192218774.0,0.1046,0.3139,52.0,11.538186725434112,22.0
Bitcoin,2019-12-21,7191.158691,-216.4022949,275.37061769921337,0.2363,91.33333333333333,88.0,21.6,139.66333516438803,9.97999986,25.39666748046875,28487.236326666665,3107.8733723333335,12.543333371480307,40.02333323108724,97.69333394368489,1.1110577583312988,110.4902344,0.3285,54.4,1477.2999674479167,60.46666590372721,66.22333272298177,6843.470780191887,19312552168.0,479841,15844785.32,484021776.6627921,0.1337,0.3173,42.0,11.421273729139536,29.0
Bitcoin,2019-12-22,7511.588867,-200.352207,280.76228814257314,0.2382,91.66666666666667,74.0,24.0,139.8066660563151,10.27000014,25.253334045410153,28519.382813333334,3115.2067056666665,12.576666514078775,40.04126866554362,97.67666880289714,1.1095209121704104,350.8540039,0.3269,56.4,1479.8999837239583,60.493333180745445,66.30666605631511,6839.083978105208,23134537956.0,432257,15337832.97,409093776.8,0.1355,0.3133,39.0,11.787991238925857,32.0
Bitcoin,2019-12-23,7355.628418,-194.9290332,284.27811661230004,0.2351,92.0,138.0,24.6,139.9499969482422,10.56000042,25.11000061035156,28551.5293,3122.540039,12.609999656677246,40.0592041,97.66000366210938,1.1079840660095217,329.9838867,0.3313,70.8,1482.5,60.52000045776367,66.38999938964844,6839.706995653349,27831788041.0,518639,13758030.76,1144871678.0,0.1407,0.3434,43.0,11.816785601957084,28.0
Bitcoin,2019-12-24,7322.532227,-196.6729883,282.98596458865364,0.2545,91.0,75.0,19.6,141.27000427246094,11.93000030517578,25.459999084472656,28515.44922,3122.620117,12.670000076293944,39.96952438354492,97.65000153,1.109385371208191,266.1879883,0.3198,67.6,1499.0999755859375,61.11000061035156,67.19999694824219,6842.696412765694,22991622105.0,493086,11525831.91,770512475.8,0.1443,0.3296,42.0,11.825783527617292,19.0
Bitcoin,2019-12-25,7275.155762,-198.4050488,272.48902487473197,0.2449,92.0,60.0,16.2,141.82500457763672,12.630000114440918,24.769999504089355,28568.419925000002,3140.080078,12.659999847412108,40.11301040649414,97.61999893394531,1.1090162992477417,136.0288086,0.3141,44.8,1504.2000122070312,61.39500045776367,67.55999755859375,6841.622049570776,21559505149.0,401735,11634910.29,863528900.8,0.1235,0.3219,31.0,11.631090518047964,14.0
Bitcoin,2019-12-26,7238.966797,-199.4443945,266.4480956426083,0.2394,93.0,86.0,25.2,142.3800048828125,13.329999923706056,24.079999923706055,28621.39063,3157.540039,12.649999618530272,40.25649642944336,97.58999633789062,1.1095454692840576,187.9160156,0.3229,63.8,1509.300048828125,61.68000030517578,67.91999816894531,6846.636763296502,22787010034.0,476783,15752637.61,783721256.3,0.1144,0.3187,49.0,11.092494222300257,24.0
Bitcoin,2019-12-27,7290.088379,-202.7312793,259.8157470141184,0.2363,91.0,121.0,23.2,142.3300018310547,12.31999969482422,25.15999984741211,28645.25977,3144.72998,13.43000030517578,40.41792678833008,96.91999816894533,1.110111951828003,173.5952148,0.3167,68.2,1513.800048828125,61.720001220703125,68.16000366210938,6858.075900065535,22777360996.0,539658,13514433.187136402,847107991.8,0.119,0.3191,47.0,10.428849338696564,18.0
Bitcoin,2019-12-28,7317.990234,-194.8745703,249.26717524078853,0.236,90.66666666666667,79.0,22.8,142.43000284830728,12.39999993654948,25.393333435058594,28584.22005666667,3130.2666826302084,13.893333435058594,40.328243255615234,96.85999806722006,1.1128181219100952,112.1357422,0.3183,52.8,1514.0333658854167,61.70666758219401,68.25333658854167,6874.537730755517,21365673026.0,490465,13698700.74,480834303.8,0.111,0.3231,42.0,9.649751390999056,29.0
Bitcoin,2019-12-29,7422.652832,-180.8915527,248.18259185305365,0.2381,90.33333333333333,101.0,19.2,142.5300038655599,12.48000017827474,25.626667022705075,28523.180343333333,3115.8033852604167,14.356666564941406,40.23855972290039,96.79999796549478,1.1155242919921875,234.0830078,0.3235,59.0,1514.2666829427083,61.6933339436849,68.34666951497395,6873.283894002042,22445257702.0,449701,14317659.02,381265550.9,0.1167,0.3293,35.0,9.713123159701938,11.0
Bitcoin,2019-12-30,7292.995117,-174.7947461,243.20641481221057,0.2417,90.0,104.0,26.6,142.6300048828125,12.56000042,25.86000061035156,28462.14063,3101.340087890625,14.81999969482422,40.14887619018555,96.73999786376952,1.1182304620742798,178.5161133,0.3281,80.6,1514.5,61.68000030517578,68.44000244140625,6873.510294159858,22874131672.0,544505,15446347.04,956242180.5,0.1179,0.3366,43.0,9.726445261477927,40.0
Bitcoin,2019-12-31,7193.599121,-163.6402637,237.6568285421419,0.2462,93.0,92.0,19.4,142.89999389648438,12.630000114440918,28.299999237060547,28538.43945,3111.209961,13.779999732971191,40.23856735229492,96.38999938964844,1.120229721069336,165.512207,0.3205,65.8,1519.5,61.060001373291016,66.0,6872.064491520844,21167946112.0,489182,13152944.22,854423855.5536209,0.1575,0.3229,48.0,9.735092851240058,16.0
Bitcoin,2020-01-01,7200.174316,-156.4005566,226.35178582261395,0.2362,95.0,100.0,27.4,143.42499542236328,12.664999961853027,28.524999618530273,28703.620115,3157.6450195,13.125,40.6466007232666,96.61999892982422,1.1220825910568235,79.38623047,0.3257,66.2,1522.0,61.1200008392334,66.125,6869.893226612519,18565664997.0,389706,15907075.79,278141982.0,0.1584,0.3174,43.0,9.738632866,26.0
Bitcoin,2020-01-02,6985.470215,-163.1185937,229.96131925715935,0.232,97.0,178.0,28.6,143.9499969482422,12.699999809265137,28.75,28868.80078,3204.080078,12.470000267028809,41.05463409423828,96.84999847,1.1220825910568235,276.8852539,0.3107,81.0,1524.5,61.18000030517578,66.25,6841.912756217546,20802083465.0,475461,12576131.22,692062815.9,0.1371,0.3177,57.0,10.139939145630176,46.0
Bitcoin,2020-01-03,7344.884277,-162.5642187,249.15831347316583,0.2317,93.0,125.0,28.8,145.86000061035156,13.460000038146973,31.920000076293945,28634.88086,3172.379883,14.020000457763672,40.29236984,96.83999633789062,1.1171437501907349,498.7192383,0.3124,88.8,1549.199951171875,63.04999923706055,68.59999847,6850.286952218014,28111481032.0,523231,15705586.47,1721171458.4621303,0.1419,0.2969,62.0,10.197517440327092,42.0
Bitcoin,2020-01-04,7410.656738,-148.9403027,239.78068979874328,0.2177,93.0,68.0,25.6,146.37000020345053,13.710000038146973,32.0533332824707,28657.714193333333,3187.209961,13.963333765665691,40.25948842333333,96.78333028157553,1.1168278455734253,117.871582,0.3262,68.8,1554.8666178385417,63.12333297729492,68.70333353403646,6855.330328205792,18444271275.0,465366,15650931.39,623052159.1,0.1469,0.3306,51.0,10.39708814,35.0
Bitcoin,2020-01-05,7411.317383,-140.4453906,232.93645665463663,0.2394,93.0,83.0,28.4,146.87999979654947,13.960000038146973,32.18666648864746,28680.54752666667,3202.040039,13.906667073567709,40.22660700666667,96.72666422526042,1.1165119409561157,143.9614258,0.3283,77.2,1560.5332845052083,63.1966667175293,68.80666859807292,6897.903516595837,19725074095.0,459065,15404396.62,355303880.3,0.1516,0.3331,54.0,9.849177888864023,20.0
Bitcoin,2020-01-06,7769.219238,-124.3107617,242.91058251859116,0.2405,93.0,108.0,34.8,147.38999938964844,14.210000038146973,32.31999969482422,28703.38086,3216.870117,13.850000381469728,40.19372559,96.66999816894533,1.1161960363388062,372.5742188,0.3206,78.2,1566.199951171875,63.27000045776367,68.91000366210938,7007.991505147143,23276261598.0,522665,13051403.08,962060777.7,0.1467,0.3333,59.0,8.305554709661125,40.0
Bitcoin,2020-01-07,8163.692383,-90.76678711,254.84470385654893,0.2402,89.0,146.0,41.0,147.97000122070312,14.010000228881836,31.799999237060547,28583.67969,3240.47998,13.789999961853027,40.16682434082031,96.98000336,1.1197994947433472,409.9882813,0.3482,69.2,1571.800048828125,62.70000076293945,68.26999664,6877.129913,28767291327.0,576831,17646229.3,1122651352.0,0.1258,0.3685,85.0,13.01912775239937,29.0
Bitcoin,2020-01-08,8079.862793,-66.02823242,268.06750123733116,0.2635,92.0,161.0,35.8,146.86000061035156,13.670000076293944,32.599998474121094,28745.08984,3283.02002,13.449999809265137,40.39998245239258,97.3000030517578,1.1154738664627075,439.9638672,0.3564,85.6,1557.4000244140625,59.61000061035156,65.44000244140625,6832.626045790712,31672559265.0,558689,14890476.72,1185786690.0,0.1307,0.3973,82.0,15.330001854135766,49.0
Bitcoin,2020-01-09,7879.071289,-47.36545898,266.05497185207537,0.283,93.0,126.0,35.8,146.02999877929688,12.539999961853027,33.220001220703125,28956.90039,3306.129883,12.539999961853027,40.66901779174805,97.4499969482422,1.1113210916519165,239.8920898,0.3577,64.0,1551.699951171875,59.560001373291016,65.37000274658203,6835.561698295094,24045990466.0,553318,15730239.71,1557053628.8329303,0.15,0.3912,72.0,16.071217380938577,26.0
Bitcoin,2020-01-10,8166.554199,-14.10050781,278.4638522108557,0.2784,91.0,104.0,36.6,146.91000366210938,12.270000457763672,30.37999916,28823.76953,3306.340087890625,12.56000042,40.884246826171875,97.36000061035156,1.1111111640930176,439.7792969,0.35,67.4,1557.5,59.040000915527344,64.98000336,6815.8656491821675,28714583844.0,590633,15541380.57,1280612805.0,0.1668,0.3718,76.0,17.796699438362996,28.0
Bitcoin,2020-01-11,8037.537598,16.893818359374563,272.0533831355267,0.2647,90.66666666666667,79.0,26.2,146.54667154947916,11.816666920979818,31.66999944,28851.52994666667,3331.400065260417,12.48000017827474,41.096483866373696,97.35666656356771,1.1112964153289795,188.7172852,0.3644,57.6,1554.4666748046875,58.720001220703125,64.7200012227474,6799.329886919396,25521165085.0,509544,16893865.39,512234137.7,0.1751,0.396,64.0,18.875380497460885,26.0
Bitcoin,2020-01-12,8192.494141,35.69963867187562,266.26416966379264,0.281,90.33333333333333,100.0,22.4,146.18333943684897,11.363333384195963,32.95999972,28879.290363333334,3356.460042630208,12.39999993654948,41.30872090657552,97.35333251678385,1.1114816665649412,191.0043945,0.3581,60.6,1551.433349609375,58.400001525878906,64.45999908549479,6785.437350648207,22903438381.0,450668,15625350.667498805,451843048.8073461,0.1714,0.3884,68.0,20.247261998384293,32.0
Bitcoin,2020-01-13,8144.194336,60.15083984374997,255.68011485521816,0.2753,90.0,109.0,32.2,145.82000732421875,10.90999984741211,34.25,28907.05078,3381.52002,12.31999969482422,41.520957946777344,97.34999847,1.111666917800903,118.0874023,0.359,69.2,1548.4000244140625,58.08000183105469,64.19999694824219,6792.227159038024,22482910688.0,501600,14633330.081392298,881745942.0823511,0.175,0.3984,63.0,21.04122523070782,33.0
Bitcoin,2020-01-14,8827.764648,96.74739257812509,290.1728647427919,0.2818,91.0,149.0,49.6,145.69000244140625,11.020000457763672,33.619998931884766,28939.66992,3360.239990234375,12.390000343322754,41.28779602050781,97.37000274658205,1.1135733127593994,738.5786133,0.3618,77.8,1542.4000244140625,58.22999954223633,64.48999786376953,6719.917864,44841784107.0,616194,15748081.373426504,2900956206.9093604,0.1696,0.395,128.0,24.73877477018292,59.0
Bitcoin,2020-01-15,8807.010742,118.04410156250016,286.08406636830676,0.2789,87.0,97.0,44.4,146.5399932861328,11.75,33.380001068115234,29030.2207,3346.179931640625,12.420000076293944,40.96495438,97.23000336,1.113089919090271,232.9296875,0.3954,84.8,1552.0999755859375,57.810001373291016,64.0,6699.240215034897,40102834650.0,580574,16792710.07,2458672965.0,0.2555,0.445,118.0,27.046340872896785,60.0
Bitcoin,2020-01-16,8723.786133,127.06735351562476,282.38986408307056,0.3143,89.0,103.0,29.6,146.30999755859375,11.380000114440918,29.790000915527344,29297.64063,3364.669922,12.31999969482422,41.22501754760742,97.31999969482422,1.1154004335403442,234.3652344,0.4021,86.2,1549.0,58.52000045776367,64.62000274658203,6711.250819339066,31313981931.0,555072,17478168.64,1325748764.0,0.2662,0.443,95.0,28.324844865296978,44.0
Bitcoin,2020-01-17,8929.038086,140.49205078124942,282.2767069387441,0.3128,89.0,127.0,28.8,146.5800018310547,11.31000042,28.600000381469727,29348.09961,3378.360107421875,12.100000381469728,41.45818328857422,97.61000061035156,1.1139578819274902,280.8056641,0.4001,70.6,1558.800048828125,58.540000915527344,64.84999847,6717.288391706988,36372139320.0,562153,17783148.02,1542090152.0,0.2713,0.4361,100.0,29.922663853434813,42.0
Bitcoin,2020-01-18,8942.808594,142.19780273437482,275.31881436722665,0.3077,87.25,83.0,28.6,146.62000274658203,11.352500200559081,28.365000247955322,29310.084472500002,3381.330078125,12.287500381469728,41.195874213930665,97.59000015258789,1.112458348274231,184.8662109,0.3955,66.8,1558.2000427246094,58.49000072479248,64.78499793697266,6731.710836313868,32337772627.0,491063,14834325.076048302,691951125.4,0.2684,0.449,66.0,31.18192140915779,28.0
Bitcoin,2020-01-19,8706.245117,131.2974902343749,294.53048666688903,0.3165,85.5,130.0,40.0,146.66000366210938,11.394999981118165,28.130000114440918,29272.069335,3384.300048828125,12.475000381469728,40.933565139287104,97.56999969482422,1.1109588146209717,544.2822266,0.4028,69.2,1557.6000366210938,58.44000053405762,64.71999740394531,6804.834863599203,34217320471.0,477110,16961771.12,604108398.9,0.273,0.4499,87.0,30.846876001308583,23.0
Bitcoin,2020-01-20,8657.642578,124.19169921874982,286.71525101211125,0.3166,83.75,133.0,30.6,146.70000457763672,11.437499761677246,27.894999980926514,29234.0541975,3387.27001953125,12.662500381469728,40.67125606464355,97.54999923706055,1.1094592809677124,185.1171875,0.3957,91.4,1557.0000305175781,58.390000343322754,64.65499687091797,6915.591591,26422375678.0,532773,16034934.29,1265736840.0,0.2758,0.4332,51.0,29.64364853367694,24.0
Bitcoin,2020-01-21,8745.894531,128.82737304687544,281.3202721451747,0.3043,82.0,108.0,25.0,146.74000549316406,11.479999542236328,27.65999984741211,29196.03906,3390.239990234375,12.850000381469728,40.40894699,97.52999877929688,1.109693169593811,211.1855469,0.3926,79.2,1556.4000244140625,58.34000015258789,64.58999633789062,7041.2684734865725,24097418512.0,544525,16708344.24,897029395.0,0.2743,0.4295,51.0,28.18332178025224,28.0
Bitcoin,2020-01-22,8680.875977,126.72333984375018,272.3864720142694,0.3011,74.0,91.0,25.8,146.7899932861328,11.15999984741211,30.700000762939453,29186.26953,3393.540039,12.90999984741211,40.74076461791992,97.52999877929688,1.108561396598816,156.2470703,0.3916,75.8,1555.300048828125,56.74000168,63.209999084472656,7251.938096096837,22600204051.0,544484,17310387.59,1252987750.0,0.2402,0.436,65.0,24.85414854886875,38.0
Bitcoin,2020-01-23,8406.515625,126.18166015625047,278.22382222753583,0.3052,68.0,136.0,33.4,147.1199951171875,11.609999656677246,31.950000762939453,29160.08984,3412.439941,12.979999542236328,40.31927108764648,97.69000244140624,1.1096439361572266,354.109375,0.388,110.4,1564.5999755859375,55.59000015258789,62.040000915527344,7398.357493521094,25770680779.0,535923,17169132.32,1402766346.0,0.2312,0.43,76.0,22.455948223680924,30.0
Bitcoin,2020-01-24,8445.43457,123.39189453124982,276.0525615,0.3005,62.0,151.0,26.6,147.97999572753906,12.479999542236328,34.54999923706055,28989.73047,3370.179931640625,14.56000042,39.996429443359375,97.84999847,1.1055220365524292,247.8261719,0.3748,103.4,1571.0999755859375,54.189998626708984,60.689998626708984,7551.073030764598,24397913026.0,534403,16478219.048939502,983478887.1,0.2206,0.4096,47.0,19.909136618662806,36.0
Bitcoin,2020-01-25,8367.847656,115.14191406250028,267.9226910246355,0.2857,57.333333333333336,80.0,21.6,148.31666564941406,12.619999567667643,35.606666564941406,28838.420573333333,3342.92659509375,15.783333460745443,39.5360844930013,97.88666534149088,1.1045266389846802,162.234375,0.3772,87.8,1573.0,53.83999888102213,60.23333231608073,7728.109091069296,19647331549.0,461312,17146239.27,372513968.7,0.2145,0.4136,34.0,16.73209986155045,29.0
Bitcoin,2020-01-26,8596.830078,107.47563476562482,268.5641645451973,0.2881,52.666666666666664,85.0,24.8,148.65333557128906,12.759999593098957,36.663333892822266,28687.110676666667,3315.673258546875,17.006666501490884,39.07573954264323,97.92333221298178,1.103531241416931,276.9033203,0.3686,74.8,1574.9000244140625,53.48999913533529,59.776666005452476,7836.308663126961,22177678796.0,429535,15373871.852786995,375372747.0,0.2124,0.4076,46.0,15.073563216661135,22.0
Bitcoin,2020-01-27,8909.819336,107.17050781249964,276.5879016758975,0.2835,48.0,114.0,25.8,148.99000549316406,12.899999618530272,37.720001220703125,28535.80078,3288.419922,18.229999542236328,38.61539459228515,97.95999908447266,1.102535843849182,380.4179688,0.3734,85.0,1576.800048828125,53.13999938964844,59.31999969482422,7863.636073638683,28647338393.0,504693,14226813.87,810082885.6,0.2176,0.4242,55.0,15.24195924351404,27.0
Bitcoin,2020-01-28,9358.589844,123.23469726562416,288.98466427940485,0.2945,52.0,123.0,24.0,147.66000366210938,11.890000343322754,36.41999816894531,28722.84961,3347.889892578125,16.280000686645508,38.938228607177734,98.01999664,1.101976990699768,450.1425781,0.3912,73.6,1569.199951171875,53.47999954223633,59.50999832,7861.943060341027,34398744403.0,589168,16242549.01,1052472169.0,0.218,0.4468,46.0,16.658812789932718,23.0
Bitcoin,2020-01-29,9316.629883,144.06236328125033,278.12603591569734,0.3101,53.0,99.0,29.8,148.4600067138672,12.09000015258789,35.72999954223633,28734.44922,3371.909912109375,16.389999389648438,39.126556396484375,97.98999786376952,1.1022562980651855,136.9638672,0.4124,74.0,1569.800048828125,53.33000183105469,59.810001373291016,7939.634742873677,30682598115.0,573372,18887556.28,1212895194.0,0.231,0.4724,70.0,16.385905343348412,39.0
Bitcoin,2020-01-30,9508.993164,173.47666015625057,281.2762130377904,0.3282,56.0,101.0,26.0,148.47000122070312,12.229999542236328,37.49000168,28859.43945,3391.969970703125,15.489999771118164,38.54364776611328,97.87000274658205,1.1016855239868164,322.2285156,0.4097,76.4,1583.5,52.13999938964844,58.290000915527344,7949.909928,32378792851.0,570253,18922276.39,1703649922.0,0.201,0.4725,63.0,17.564235579011747,28.0
Bitcoin,2020-01-31,9350.529297,194.81271484374977,281.96574692794826,0.3283,44.0,112.0,26.2,149.3300018310547,13.5,40.349998474121094,28256.0293,3361.139892578125,18.84000015258789,37.76344299316406,97.38999938964844,1.1029127836227417,290.9296875,0.4124,73.6,1582.9000244140625,51.560001373291016,58.15999984741211,8034.347601291879,29432489719.0,572887,17040641.86,2215319754.0,0.2205,0.4843,54.0,17.004990397319375,46.0
Bitcoin,2020-02-01,9392.875,210.36704101562557,270.8313353170234,0.3367,44.666666666666664,64.0,18.0,149.0066680908203,13.15999984741211,40.836666107177734,28303.95638333333,3414.8265787760415,18.549999872843426,37.9039421081543,97.52666727701822,1.1049350102742512,126.0839844,0.417,54.2,1581.0,51.07666778564453,56.923333485921226,8100.265536398477,25922656496.0,523782,17858163.32,994556671.0,0.2742,0.4739,50.0,16.756103385169645,22.0
Bitcoin,2020-02-02,9344.365234,215.6070605468758,269.41292799527173,0.3291,45.333333333333336,96.0,21.6,148.68333435058594,12.819999694824219,41.323333740234375,28351.883466666666,3468.5132649739585,18.259999593098957,38.04444122314453,97.66333516438802,1.106957236925761,250.9736328,0.4142,50.6,1579.0999755859375,50.59333419799805,55.686667124430336,8202.535585783968,30835736946.0,501222,16944231.59,610013826.8,0.278,0.4753,49.0,15.693544453933612,33.0
Bitcoin,2020-02-03,9293.521484,217.6612500000001,271.00759608489517,0.3296,46.0,111.0,26.0,148.36000061035156,12.479999542236328,41.810001373291016,28399.81055,3522.199951171875,17.969999313354492,38.184940338134766,97.8000030517578,1.1089794635772705,291.7382813,0.4145,70.0,1577.199951171875,50.11000061035156,54.45000076293945,8206.352706,30934096509.0,573277,17467129.75,3506998581.0,0.2828,0.4725,56.0,16.08894691783344,40.0
Bitcoin,2020-02-04,9180.962891,216.79958007812456,267.2537750475812,0.3271,55.0,92.0,26.4,146.42999267578125,12.010000228881836,39.439998626708984,28807.63086,3667.139892578125,16.049999237060547,39.17139816,97.95999908447266,1.1062926054000854,218.4541016,0.41,64.6,1550.4000244140625,49.61000061035156,53.959999084472656,8218.787842726173,29893183716.0,555771,15415016.36,980532522.9,0.3143,0.4683,79.0,16.195362399464138,31.0
Bitcoin,2020-02-05,9613.423828,234.1098535156252,286.5639127673968,0.3237,60.0,93.0,25.8,146.61000061035156,11.31999969482422,37.880001068115234,29290.84961,3546.840087890625,15.149999618530272,39.39558410644531,98.26999664,1.1047282218933103,537.5957031,0.4188,69.6,1557.800048828125,50.75,55.279998779296875,8214.908676209214,35222060874.0,618126,19130672.82,1182655805.0,0.3263,0.4604,71.0,17.191397742379742,47.0
Bitcoin,2020-02-06,9729.801758,240.70602539062477,286.43797480186845,0.3176,64.0,83.0,24.0,147.39999389648438,11.449999809265137,36.439998626708984,29379.76953,3628.989990234375,14.960000038146973,39.43145751953125,98.5,1.100231051445007,284.8007813,0.4219,77.4,1565.0999755859375,50.95000076293945,54.93000030517578,8190.860288920999,37628823716.0,552411,17105098.6,3323586288.0,0.3179,0.4897,85.0,18.534962214897636,44.0
Bitcoin,2020-02-07,9795.943359,248.17417968749945,273.7433956865564,0.3384,57.0,89.0,25.4,147.7899932861328,11.300000190734863,37.50999832,29102.50977,3601.780029296875,15.470000267028809,38.884422302246094,98.68000030517578,1.0982975959777832,108.7138672,0.4331,65.8,1568.5999755859375,50.31999969482422,54.470001220703125,8170.510516658195,34522718159.0,599280,17296713.61,1803840353.0,0.3531,0.4954,68.0,19.837110241737356,41.0
Bitcoin,2020-02-08,9865.119141,258.27583984374905,268.32164365090955,0.3428,56.333333333333336,77.0,25.6,147.91666158040366,11.50333340962728,38.00999832,29160.613283333332,3616.5766601979167,15.326666831970215,38.9561653137207,98.73000081380208,1.0971752405166626,197.8388672,0.4384,42.6,1570.63330078125,50.06999969482422,54.070000966389976,8181.606324299649,35172043762.0,529398,17511947.95,1443920309.0625105,0.3811,0.4977,66.0,20.737643807631823,43.0
Bitcoin,2020-02-09,10116.67383,271.81649414062485,269.08745258655887,0.3449,55.666666666666664,82.0,33.4,148.04332987467447,11.706666628519693,38.50999832,29218.716796666668,3631.3732910989584,15.183333396911621,39.02790832519531,98.78000132242838,1.096052885055542,279.0429688,0.4483,50.2,1572.6666259765625,49.81999969482422,53.67000071207682,8188.250525371762,35807884663.0,508254,19747647.26,744577606.6,0.3954,0.5038,78.0,22.0145254,39.0
Bitcoin,2020-02-10,9856.611328,259.25876953125044,277.0956451473404,0.3492,55.0,137.0,30.6,148.1699981689453,11.90999984741211,39.00999832,29276.82031,3646.169922,15.039999961853027,39.09965133666992,98.83000183105467,1.0949305295944214,381.2021484,0.4433,75.4,1574.699951171875,49.56999969482422,53.27000045776367,8228.017369010557,39386548075.0,526825,15671545.12,1655558310.0,0.4,0.5174,83.0,22.22315607,38.0
Bitcoin,2020-02-11,10208.23633,267.25094726562565,291.6400828823518,0.3589,56.0,108.0,31.2,147.66000366210938,11.479999542236328,37.52000045776367,29276.33984,3655.860107421875,15.18000030517578,39.61081314086914,98.72000122070312,1.0913456678390503,480.7177734,0.4446,85.4,1565.5999755859375,49.939998626708984,54.00999832,8260.817437510552,37648059389.0,641161,19051941.21,2306736287.0,0.3696,0.4999,65.0,22.974950717848092,44.0
Bitcoin,2020-02-12,10326.05469,275.4594140624995,284.4674793059338,0.3463,59.0,76.0,30.6,147.5399932861328,11.06999969482422,35.58000183105469,29551.41992,3709.510009765625,13.739999771118164,40.14887619018555,99.0500030517578,1.091941475868225,191.2236328,0.4521,76.8,1567.4000244140625,51.16999816894531,55.790000915527344,8362.049430643483,43444303830.0,612313,18763378.49,1870288291.0,0.3816,0.5226,103.0,22.62962207570834,41.0
Bitcoin,2020-02-13,10214.37988,281.31784179687565,288.5387893778314,0.3629,58.0,119.0,29.6,148.3800048828125,11.59000015258789,35.84000015258789,29423.31055,3726.790039,14.149999618530272,39.619781494140625,99.06999969482422,1.0875948667526243,341.4658203,0.4563,79.4,1575.0999755859375,51.41999816894531,56.34000015258789,8499.101065497607,49356071373.0,608036,18474198.44,1903943551.2409503,0.3884,0.527,101.0,21.397935815296552,56.0
Bitcoin,2020-02-14,10312.11621,284.27052734374956,281.96186971245055,0.366,55.0,84.0,25.0,149.0,11.619999885559082,35.93000030517578,29398.08008,3742.77002,13.68000030517578,39.637718200683594,99.12000274658205,1.0845986604690552,196.4619141,0.4497,75.0,1582.699951171875,52.04999923706055,57.31999969482422,8686.618160616812,43338264162.0,564227,17892676.33,1546031521.0,0.3693,0.5194,71.0,19.303105558224296,39.0
Bitcoin,2020-02-15,9889.424805,289.3568066406242,295.1880168535255,0.3603,54.0,98.0,29.4,149.47750091552734,11.97000002861023,35.31500053405762,29356.6074225,3761.3350223242187,13.967500209808348,39.5727014541626,99.2050018310547,1.084457556406657,467.1279297,0.4505,55.6,1587.0249633789062,52.04999923706055,57.427499771118164,8871.526739652601,43865054831.0,563001,18294966.94,1109593959.0,0.3527,0.5261,97.0,16.688910805982342,28.0
Bitcoin,2020-02-16,9934.433594,284.63351562499884,297.7875893104165,0.365,53.0,116.0,29.2,149.9550018310547,12.320000171661377,34.70000076293945,29315.134765,3779.9000246484375,14.255000114440918,39.5076847076416,99.29000091552734,1.0843164523442586,331.5820313,0.4346,76.4,1591.3499755859375,52.04999923706055,57.53499984741211,8997.985259,43374780305.0,474183,17801511.08,1638768688.0,0.3173,0.4997,87.0,15.054806347972503,29.0
Bitcoin,2020-02-17,9690.142578,269.9128613281264,307.31545681502956,0.3452,52.0,131.0,28.8,150.43250274658203,12.670000314712524,34.08500099182129,29273.6621075,3798.4650269726562,14.542500019073486,39.442667961120605,99.375,1.0841753482818604,431.1777344,0.438,103.8,1595.6749877929688,52.04999923706055,57.642499923706055,9034.233323,45998298413.0,584197,19823862.2,2253057178.0,0.3254,0.5018,97.0,14.625581618375522,27.0
Bitcoin,2020-02-18,10141.99609,268.1083984,323.18954806931316,0.3465,51.0,101.0,33.8,150.91000366210938,13.020000457763672,33.470001220703125,29232.18945,3817.030029296875,14.829999923706056,39.37765121459961,99.45999908447266,1.0840108394622805,529.5527344,0.4283,87.8,1600.0,52.04999923706055,57.75,9084.435221470145,47271023953.0,569291,19007001.53,1513418378.6279798,0.2976,0.4853,74.0,14.38138236724456,40.0
Bitcoin,2020-02-19,9633.386719,255.4411621,341.5654480956122,0.3341,53.0,100.0,25.6,151.7899932861328,13.34000015258789,32.27000045776367,29348.0293,3905.780029296875,14.380000114440918,39.66461944580078,99.59999847,1.079540491104126,580.4521484,0.4383,85.4,1607.5,53.290000915527344,59.119998931884766,9098.481801,46992019710.0,580124,18406770.34,1880304368.0,0.3437,0.5151,63.0,14.212427561762258,24.0
Bitcoin,2020-02-20,9608.475586,251.62045898437464,326.83337367806854,0.3558,50.0,121.0,24.6,152.41000366210938,13.350000381469728,33.15999984741211,29219.98047,3859.790039,15.56000042,39.04584884643555,99.87000274658205,1.081009864807129,135.3164063,0.4198,74.4,1616.5999755859375,53.779998779296875,59.310001373291016,9135.627267522796,44925260237.0,563175,15368284.87,1635169613.0,0.341,0.4812,63.0,13.699250360198617,23.0
Bitcoin,2020-02-21,9686.441406,253.31101562500044,313.0075244421351,0.331,44.0,88.0,16.2,154.6999969482422,15.789999961853027,35.869998931884766,28992.41016,3782.760009765625,17.079999923706055,38.821651458740234,99.26000213623048,1.078799843788147,133.2714844,0.4286,72.8,1644.5999755859375,53.380001068115234,58.5,9174.794006107382,40930547513.0,574950,18886942.69,1133722529.0,0.3609,0.4797,64.0,13.18013750874668,26.0
Bitcoin,2020-02-22,9663.181641,254.32716796874956,297.61433910251833,0.3295,39.0,76.0,24.4,155.163330078125,16.386666615804035,37.08999888102213,28648.540366666668,3718.9200032552085,19.730000178019207,38.337389628092446,99.27000172932944,1.0805015961329143,97.50292969,0.428,56.0,1653.8666585286458,52.730000813802086,57.766666412353516,9223.715967736482,35838025154.0,525819,18051502.97,508369260.7,0.361,0.485,53.0,12.488297790274771,31.0
Bitcoin,2020-02-23,9924.515625,247.6243261718755,296.3285492559099,0.333,34.0,65.0,18.4,155.6266632080078,16.983333269755047,38.30999883015951,28304.670573333333,3655.0799967447915,22.380000432332356,37.853127797444664,99.28000132242839,1.0822033484776814,279.6132813,0.4269,50.0,1663.1333414713542,52.08000055948893,57.03333282470703,9307.796606386884,41185185761.0,465169,17684305.82,737289757.9,0.3586,0.4831,50.0,11.383873503609207,12.0
Bitcoin,2020-02-24,9650.174805,243.60572265624975,304.78387609477346,0.3313,29.0,138.0,26.4,156.08999633789062,17.579999923706055,39.529998779296875,27960.80078,3591.239990234375,25.030000686645508,37.368865966796875,99.29000091552734,1.0839051008224487,414.703125,0.4333,71.2,1672.4000244140625,51.43000030517578,56.29999923706055,9415.350028339146,45080496648.0,558687,17377835.22,1060129347.0,0.3646,0.501,56.0,9.656835025845576,26.0
Bitcoin,2020-02-25,9341.705078,226.8894140625016,307.8504435388968,0.3439,22.0,148.0,27.6,153.3000030517578,18.12999916,42.5,27081.35938,3500.909912109375,27.850000381469727,37.07292175292969,98.97000122070312,1.0849199295043943,347.7158203,0.4252,60.6,1646.9000244140625,49.900001525878906,54.95000076293945,9357.337090778608,42515259129.0,566484,17822599.43,1088999982.0,0.3629,0.4809,39.0,10.569497738476596,37.0
Bitcoin,2020-02-26,8820.522461,186.0065918,332.3148091789756,0.3291,21.0,212.0,40.2,153.97000122070312,16.479999542236328,43.400001525878906,26957.58984,3514.320068359375,27.559999465942383,37.368865966796875,99.0,1.0881996154785156,650.3515625,0.405,76.2,1640.0,48.72999954223633,53.43000030517578,9138.198397224183,50420050762.0,588558,15629013.681043098,1306061365.0,0.3339,0.461,60.0,14.150498373622051,28.0
Bitcoin,2020-02-27,8784.494141,153.7332714843742,333.9847056215488,0.3148,13.0,188.0,28.4,154.0,18.049999237060547,49.41999816894531,25766.64063,3315.439941,39.15999984741211,36.47208023071289,98.44000244140624,1.088589429855347,355.6933594,0.3883,76.0,1640.0,47.09000015258789,52.18000030517578,8950.415295315996,45470195695.0,578398,16401715.33,2025910515.0,0.3141,0.4241,59.0,17.028612460083583,29.0
Bitcoin,2020-02-28,8672.455078,119.32376953124913,338.5231864700096,0.2884,10.0,183.0,28.0,148.3800048828125,21.270000457763672,51.25,25409.35938,3342.919922,40.11000061035156,36.33757400512695,98.12999725341795,1.0997228622436523,397.5234375,0.386,70.4,1564.0999755859375,44.75999832,50.52000045776367,8761.922679887968,44605450443.0,611266,17412081.06,1789999976.5443103,0.2971,0.4229,57.0,19.783444192351755,28.0
Bitcoin,2020-02-29,8599.508789,83.20571289062536,326.9231764989375,0.287,11.333333333333334,89.0,15.4,148.65333557128906,20.50666681925456,50.27666727701823,25840.67969,3398.206624432292,37.87999979654948,36.60062789916992,97.87333170572916,1.1015256245930989,176.1230469,0.3764,59.8,1573.5,45.42333221333333,50.980000813802086,8587.699133196695,35792392544.0,519628,15277906.35,614926644.9,0.299,0.4209,32.0,21.978094661201787,14.0
Bitcoin,2020-03-01,8562.454102,62.25432617187471,321.82751991865626,0.2852,12.666666666666666,110.0,19.8,148.92666625976562,19.74333318074544,49.30333455403646,26272.0,3453.493326864583,35.6499989827474,36.86368179321289,97.61666615804036,1.1033283869425456,255.5839844,0.3834,56.8,1582.9000244140625,46.08666610666667,51.44000116984049,8428.112861915335,35349164300.0,505885,19058740.7,549446378.7,0.3097,0.4087,40.0,24.106593168101377,13.0
Bitcoin,2020-03-02,8869.669922,62.66124023437442,326.60253523696656,0.2764,14.0,112.0,23.2,149.1999969482422,18.979999542236328,48.33000183105469,26703.32031,3508.780029296875,33.41999816894531,37.12673568725586,97.36000061035156,1.1051311492919922,388.6777344,0.3755,70.4,1592.300048828125,46.75,51.900001525878906,8358.687000145983,42857674409.0,608032,16697791.754789198,1226689507.0,0.3128,0.4058,52.0,24.328625603267422,20.0
Bitcoin,2020-03-03,8787.786133,61.44044921875138,317.3172397512904,0.274,10.0,92.0,27.4,153.88999938964844,22.010000228881836,50.79999923706055,25917.41016,3419.320068359375,36.81999969482422,36.87563705444336,97.15000153,1.114404797554016,196.6083984,0.3875,72.2,1642.0999755859375,47.18000030517578,51.86000061035156,8302.990618148082,42386715821.0,593725,17037037.23,1346019715.0,0.3178,0.4317,67.0,24.0773151,23.0
Bitcoin,2020-03-04,8755.246094,44.122402343749854,304.0041919342339,0.2917,15.0,72.0,19.4,154.16000366210938,18.549999237060547,50.59000015258789,27090.85938,3531.030029296875,31.989999771118164,37.53028106689453,97.33999633789062,1.118067979812622,130.9345703,0.3854,85.4,1641.0999755859375,46.779998779296875,51.130001068115234,8251.271979547819,34746706368.0,625096,18948989.97,1344613313.0,0.2876,0.4218,61.0,23.811363692259334,30.0
Bitcoin,2020-03-05,9078.762695,40.898349609375146,309.9187920639315,0.2846,9.0,94.0,20.4,157.49000549316406,22.43000030517578,52.58000183105469,26121.2793,3423.77002,39.619998931884766,36.74112319946289,96.81999969482422,1.113908290863037,384.8007813,0.3906,75.6,1666.4000244140625,45.900001525878906,49.99000168,8272.271953920092,39698054597.0,603996,18562608.98,1347117309.0,0.3385,0.4219,55.0,22.192281331146845,20.0
Bitcoin,2020-03-06,9122.545898,38.37521484374883,297.4686076977578,0.2835,7.0,90.0,18.8,157.5500030517578,25.12000084,65.01999664,25864.7793,3340.5,41.939998626708984,35.98782730102539,95.9499969482422,1.1223849058151243,135.6162109,0.3989,78.4,1670.800048828125,41.279998779296875,45.27000045776367,8267.208142091684,40826885651.0,601698,18084440.76,1586746059.0,0.3453,0.443,44.0,21.565814714513312,30.0
Bitcoin,2020-03-07,8909.954102,24.45001953125029,295.6834616122037,0.298,5.666666666666667,81.0,12.2,157.63666788736978,27.176667531842448,81.98666381631512,25193.52604333333,3261.8299967447915,46.11333211263021,35.168766021728516,95.5999984754948,1.127790609995524,272.4765625,0.3997,58.4,1672.0333658854167,37.896665572864585,41.63333384195963,8253.904326162234,36216930370.0,526880,18200369.58,714006122.1,0.3284,0.4485,46.0,20.862697536579596,27.0
Bitcoin,2020-03-08,8108.116211,-5.115664063,332.3554158,0.3016,4.333333333333334,170.0,21.6,157.72333272298178,29.233334223684896,98.95333099263021,24522.27278666667,3183.1599934895835,50.28666559855143,34.34970474243164,95.2500000027474,1.1331963141759236,809.0908203,0.387,72.2,1673.2666829427083,34.513332366432294,37.9966672261556,8087.737682238674,39973102121.0,501571,17385259.26,750461852.2,0.3179,0.4315,52.0,22.94929853316104,23.0
Bitcoin,2020-03-09,7923.644531,-19.31730469,343.45112271186184,0.2892,3.0,303.0,44.2,157.80999755859375,31.290000915527344,115.91999816894533,23851.01953,3104.489990234375,54.459999084472656,33.530643463134766,94.90000153,1.1386020183563232,487.6953125,0.3546,75.0,1674.5,31.12999916,34.36000061035156,7956.785846333491,46936995808.0,606002,15003719.04,2012070399.0,0.3113,0.3731,54.0,23.675306486504617,28.0
Bitcoin,2020-03-10,7909.729492,-39.71060547,341.93190886860384,0.2486,6.0,183.0,37.4,154.47999572753906,23.989999771118164,92.93000030517578,25018.16016,3276.699951171875,47.29999923706055,35.234527587890625,96.41000366210938,1.139796018600464,322.1821289,0.3377,60.4,1659.0999755859375,34.36000061035156,37.220001220703125,7804.711714697303,42213940994.0,601526,13309094.53,1642231325.0,0.3192,0.3566,67.0,25.377813721387565,34.0
Bitcoin,2020-03-11,7911.430176,-64.37508789,339.5083406012036,0.2367,4.0,127.0,26.4,153.92999267578125,26.739999771118164,105.25,23553.2207,3137.330078,53.900001525878906,33.593414306640625,96.51000213623048,1.1316505670547483,308.0019531,0.3307,61.4,1641.4000244140625,32.97999954223633,35.790000915527344,7679.697952,38682762605.0,528053,11906436.35,1574744357.1094902,0.3198,0.3583,52.0,26.528201007900332,26.0
Bitcoin,2020-03-12,4970.788086,-138.195166,534.4550453462069,0.2371,2.0,443.0,65.0,147.7899932861328,30.18000030517578,123.4499969482422,21200.61914,2822.030029296875,75.47000122070312,30.230485916137695,97.47000122070312,1.1261515617370603,3068.762207,0.3232,87.6,1589.300048828125,31.5,33.220001220703125,6609.757193919555,53980357243.0,653156,13544827.88,3596290367.0,0.345,0.3618,178.0,46.61172333,54.0
Bitcoin,2020-03-13,5563.707031,-178.3574902,619.9320984687993,0.2384,5.0,350.0,95.0,143.27999877929688,37.43000030517578,118.4800033569336,23185.61914,3002.030029296875,57.83000183105469,32.409664154052734,98.75,1.1184931993484497,1731.133789,0.1811,91.2,1515.699951171875,31.729999542236328,33.849998474121094,6065.141375698171,74156772075.0,653156,8634486.982,2755019579.0,0.3459,0.0349,207.0,55.82119393300181,40.0
Bitcoin,2020-03-14,5200.366211,-227.6068457,611.3767504754921,0.034,4.333333333333333,211.0,46.0,142.73333231608072,38.76333363850912,121.82000223795573,22186.585936666666,2870.87337253125,66.11666870117188,31.061503092447918,98.52999877929688,1.1175074974695842,500.1572266,0.1908,65.4,1505.7666422526042,30.71999994913737,32.58333206176758,5550.576225401917,36154506008.0,517382,8986521.226,1169201201.0,0.3672,0.1399,71.0,64.24184088840722,46.0
Bitcoin,2020-03-15,5392.314941,-272.1592383,615.3756837562606,0.0888,3.666666666666667,203.0,35.8,142.1866658528646,40.096666971842446,125.16000111897786,21187.552733333334,2739.716715765625,74.40333557128906,29.713342030843098,98.30999755859375,1.1165217955907185,667.3618164,0.174,74.6,1495.8333333333333,29.71000035603841,31.316665649414062,5165.203402888319,33997889639.0,413935,8103100.664,691118819.6566069,0.3689,0.0738,49.0,70.29043841141622,33.0
Bitcoin,2020-03-16,5014.47998,-327.1169531,629.7743514343848,0.0498,3.0,266.0,52.6,141.63999938964844,41.43000030517578,128.5,20188.51953,2608.560059,82.69000244140625,28.36518096923828,98.08999633789062,1.115536093711853,809.871582,0.1784,87.2,1485.9000244140625,28.700000762939453,30.049999237060547,4746.525961679255,45368026430.0,532450,7889846.941,1829202303.0,0.3706,0.1063,59.0,77.47578842,36.0
Bitcoin,2020-03-17,5225.629395,-326.5989941,612.6075729837145,0.0674,4.0,175.0,43.6,143.55999755859375,45.27000045776367,133.32000732421875,21237.38086,2707.830078,75.91000366210938,30.32016372680664,99.58000183105467,1.1163206100463867,389.4394531,0.1666,70.4,1524.9000244140625,26.950000762939453,28.729999542236328,4418.349288532561,38622642935.0,540902,8477516.575,1553039642.0,0.3682,0.0576,45.0,83.23839074275432,29.0
Bitcoin,2020-03-18,5238.438477,-352.1458496,587.5997496902348,0.0384,5.0,186.0,31.8,140.6999969482422,48.97999954223633,166.7899932861328,19898.91992,2570.340087890625,76.44999694824219,27.70156478881836,101.16000366210938,1.101552128791809,262.4980469,0.1751,75.4,1477.300048828125,20.37000084,24.87999916,4137.369541532744,37878801016.0,476482,6941254.719294661,1087150158.0,0.3751,0.119,33.0,88.04078621033965,19.0
Bitcoin,2020-03-19,6191.192871,-349.7532227,623.6831311297717,0.072,7.0,174.0,43.8,138.0399932861328,39.47999954223633,164.05999755859375,20087.18945,2706.639892578125,72.0,27.916791915893555,102.76000213623048,1.0961546897888184,1092.76709,0.1826,72.8,1478.5999755859375,25.219999313354492,28.469999313354492,4029.055739233901,51000731797.0,525607,7981376.242,1203126599.0,0.3284,0.1161,87.0,89.11041310598998,34.0
Bitcoin,2020-03-20,6198.77832,-356.4468652,649.0257632,0.07,8.0,165.0,43.6,140.11000061035156,36.810001373291016,190.0800018310547,19173.98047,2656.110107421875,66.04000091552734,28.1230526,102.81999969482422,1.0657345056533811,978.4799805,0.226,85.0,1484.0,22.43000030517578,26.979999542236328,3937.6744471367497,54442976103.0,564748,9446456.658,2081996655.0,0.3215,0.217,83.0,89.80519838865878,32.0
Bitcoin,2020-03-21,6185.066406,-348.1091211,634.4747809749371,0.1307,7.0,129.0,21.8,142.17333475748697,38.26000086466471,188.61333211263022,18979.96354333333,2670.876708984375,64.55666732788086,27.89885711866862,102.70999908447266,1.0669692357381184,445.3120117,0.2376,56.4,1511.6666666666667,22.74000040690104,26.996666590372723,3861.530757083337,42494390880.0,469859,9873966.128,647373597.9,0.3192,0.2148,54.0,90.10826973122138,22.0
Bitcoin,2020-03-22,5830.254883,-345.6777246,627.4396822222631,0.1285,6.0,155.0,25.4,144.2366689046224,39.710000356038414,187.14666239420572,18785.946616666668,2685.643310546875,63.073333740234375,27.67466163733724,102.59999847412108,1.0682039658228555,535.9833984,0.2324,59.8,1539.3333333333333,23.0500005086263,27.013333638509113,3786.9266533854225,40099664740.0,409829,9996191.207,707671399.2,0.3039,0.215,49.0,89.84946649942115,16.0
Bitcoin,2020-03-23,6416.314941,-321.8357031,629.6890031907622,0.1284,5.0,160.0,24.6,146.3000030517578,41.15999984741211,185.67999267578125,18591.92969,2700.409912109375,61.59000015258789,27.45046615600586,102.48999786376952,1.0694386959075928,658.9301758,0.2159,71.8,1567.0,23.36000061035156,27.030000686645508,3791.401053202424,46491916000.0,509038,8912695.388,1055238675.0,0.2987,0.1744,50.0,87.78418269498641,16.0
Bitcoin,2020-03-24,6734.803711,-310.5013184,611.7081131749043,0.1032,13.0,141.0,30.8,153.39999389648438,40.40999984741211,170.86000061035156,20704.91016,2904.840087890625,61.66999816894531,29.51306152,101.73999786376952,1.0764610767364502,377.956543,0.2531,75.4,1660.199951171875,24.010000228881836,27.149999618530273,3835.370233114518,48221910672.0,528586,11290318.108188698,1896290041.0,0.2963,0.2485,65.0,84.75996991786639,16.0
Bitcoin,2020-03-25,6681.062988,-294.2950195,593.4136023,0.1493,17.0,113.0,24.0,151.3000030517578,40.560001373291016,144.02999877929688,21200.55078,2894.510009765625,63.95000076293945,30.553325653076172,101.0500030517578,1.080263614654541,355.5849609,0.2528,56.6,1632.300048828125,24.489999771118164,27.38999938964844,3942.8392678148966,44590107888.0,456328,8111093.565052439,939872246.7,0.3025,0.2769,34.0,79.35803778970912,36.0
Bitcoin,2020-03-26,6716.44043,-288.9254297,561.3484147,0.168,22.0,152.0,22.4,153.24000549316406,37.47999954223633,150.05999755859375,22552.16992,2997.290039,61.0,31.71017837524414,99.41999816894533,1.0889569520950315,144.5009766,0.2813,57.8,1650.0999755859375,22.600000381469727,26.34000015258789,4105.777882548738,35319797642.0,539881,13691118.21,982877530.0,0.3148,0.2687,49.0,72.01691174,22.0
Bitcoin,2020-03-27,6469.79834,-282.8730957,544.6188683821346,0.1623,23.0,151.0,18.2,152.25,34.88999938964844,175.8800048828125,21636.7793,2901.25,65.54000091552734,29.90764617919922,98.37000274658205,1.1048258543014526,327.1347656,0.279,68.8,1623.9000244140625,21.510000228881836,24.93000030517578,4285.410989,34585598367.0,529197,13411241.26,1213708785.0,0.3085,0.2749,47.0,63.82806688442554,18.0
Bitcoin,2020-03-28,6242.193848,-295.3870801,530.8575527276071,0.1662,23.666666666666668,158.0,31.2,152.47333272298178,33.39999961853027,175.32667032877603,21867.013023333333,2924.9266764322915,62.720001220703125,30.07205581665039,98.64000193277995,1.1078533331553142,349.6630859,0.2525,62.2,1623.2666829427083,21.036666870117188,24.206666946411133,4372.569062056678,34885225901.0,469113,10989618.93,606386218.7,0.2775,0.2484,55.0,58.96807757807967,18.0
Bitcoin,2020-03-29,5922.042969,-323.074248,516.5378237939387,0.1486,24.333333333333332,148.0,19.8,152.69666544596353,31.90999984741211,174.7733357747396,22097.246746666664,2948.6033528645835,59.900001525878906,30.236465454101562,98.91000111897787,1.1108808120091755,330.3813477,0.2424,58.2,1622.6333414713542,20.56333351135254,23.483333587646484,4450.177022773072,28373690931.0,428425,11822813.29,579110788.1,0.271,0.2208,37.0,54.11029478,18.0
Bitcoin,2020-03-30,6429.841797,-346.8128906,523.4966525073181,0.1306,25.0,143.0,21.0,152.9199981689453,30.420000076293945,174.22000122070312,22327.48047,2972.280029296875,57.08000183105469,30.400875091552734,99.18000030517578,1.113908290863037,613.9614258,0.2263,73.8,1622.0,20.09000015258789,22.760000228881836,4588.1239939638435,37101651525.0,535787,11637863.38,1063117757.0,0.2728,0.1834,60.0,47.74128487029674,21.0
Bitcoin,2020-03-31,6438.644531,-357.2325586,495.4149649956347,0.1069,25.0,97.0,22.2,148.0500030517578,29.190000534057617,170.5500030517578,21917.16016,2991.649902,53.540000915527344,30.60713768005371,99.0500030517578,1.1030466556549072,130.3530273,0.2526,61.4,1583.4000244140625,20.479999542236328,22.739999771118164,4782.009393705008,32786468812.0,546702,13165642.83,1183183833.0,0.2656,0.2438,42.0,39.34410773567732,27.0
Bitcoin,2020-04-01,6606.776367,-364.0616895,489.3281957325536,0.1442,22.0,117.0,19.0,149.4499969482422,30.260000228881836,158.97999572753906,20943.50977,2845.77002,57.060001373291016,29.297832489013672,99.66999816894533,1.102657437324524,410.2001953,0.2553,48.8,1578.199951171875,20.309999465942383,24.739999771118164,4922.624469372484,40346426266.0,544088,12386579.19,861593745.7,0.2513,0.2436,44.0,36.86164094152544,16.0
Bitcoin,2020-04-02,6793.624512,-363.6353027,489.5425461489784,0.1436,21.0,154.0,23.0,151.89999389648438,31.90999984741211,162.64999389648438,21413.43945,2858.050048828125,50.90999984741211,30.284290313720703,100.18000030517578,1.0953621864318848,492.3291016,0.2699,59.0,1625.699951171875,25.31999969482422,29.940000534057617,4959.402522284253,47660646124.0,569905,13018917.41,1112746186.0,0.2844,0.2669,50.0,37.30070726715669,24.0
Bitcoin,2020-04-03,6733.387207,-354.3936328,478.1384189686942,0.1574,22.0,111.0,19.4,152.64999389648438,31.850000381469727,141.67999267578125,21052.5293,2829.550048828125,46.79999923706055,29.710357666015625,100.58000183105467,1.0847399234771729,329.8847656,0.2693,55.0,1633.699951171875,28.34000015258789,34.11000061035156,5082.2553566414545,38976504903.0,548300,11436511.551471198,996027773.8,0.2831,0.2817,71.0,35.34065724922518,19.0
Bitcoin,2020-04-04,6867.527344,-349.5487695,457.0191568995018,0.1668,23.666666666666668,91.0,17.8,154.05999755859375,33.15333302764648,142.51666259765625,21595.016276666665,2895.7300618489585,46.2800000513737,30.251412709554035,100.61666870117186,1.083391785621643,182.46875,0.2781,43.6,1648.13330078125,27.586666742960613,33.756666819254555,5177.877332589753,33185988584.0,479599,13560678.0,461924504.58750504,0.2807,0.2777,52.0,34.22344471796566,24.0
Bitcoin,2020-04-05,6791.129395,-343.1553418,436.3381359267695,0.1638,25.333333333333332,72.0,17.2,155.47000122070312,34.456665673823245,143.35333251953125,22137.503253333332,2961.9100748697915,45.76000086568685,30.79246775309245,100.65333557128905,1.0820436477661133,167.4848633,0.2875,45.2,1662.566650390625,26.833333333333332,33.403333028157554,5404.740046624764,29510409856.0,452282,14957634.876679204,446883068.9,0.2787,0.2882,40.0,29.38633815171669,18.0
Bitcoin,2020-04-06,7271.78125,-324.3791895,440.0919549007503,0.1704,27.0,141.0,24.2,156.8800048828125,35.75999832,144.19000244140625,22679.99023,3028.090087890625,45.24000168,31.33352279663086,100.69000244140624,1.0806955099105835,488.8916016,0.2728,52.8,1677.0,26.079999923706055,33.04999923706055,5569.875259316731,46896904615.0,557192,11485342.68,1903887716.0,0.278,0.2815,53.0,26.967562402341045,26.0
Bitcoin,2020-04-07,7176.414551,-304.0051465,429.4586079547145,0.1656,25.0,143.0,29.4,156.0399932861328,34.27000045776367,139.1300048828125,22653.85938,3041.090087890625,46.70000076293945,31.49494743347168,99.98000336,1.0803803205490112,291.2250977,0.3076,74.8,1664.800048828125,23.62999916,31.87000084,5801.8453232865595,44243482668.0,598670,15735459.96,1534435754.2138605,0.2893,0.3277,57.0,22.43381500038447,31.0
Bitcoin,2020-04-08,7334.098633,-290.5432422,413.2771337258063,0.1966,31.0,113.0,19.4,154.64999389648438,29.979999542236328,141.4600067138672,23433.57031,3087.399902,43.349998474121094,31.817787170410156,100.12000274658205,1.0895144939422607,202.9179688,0.3005,53.4,1665.4000244140625,25.09000015258789,32.84000015258789,5799.296769528989,37563249549.0,554336,13302461.42,959560031.9,0.2918,0.318,45.0,24.050438630314467,27.0
Bitcoin,2020-04-09,7302.089355,-268.2774121,395.35405302440944,0.1896,43.0,96.0,23.8,158.69000244140625,27.59000015258789,129.8800048828125,23719.36914,3107.439941,41.66999816894531,31.701208114624023,99.51999664,1.0863661766052246,162.3540039,0.3041,70.0,1736.199951171875,22.760000228881836,31.479999542236328,5818.837941222753,34815139178.0,544185,14241012.63,2311484768.0,0.2522,0.334,67.0,24.92270832440401,16.0
Bitcoin,2020-04-10,6865.493164,-261.1711523,402.92450152489806,0.2002,41.5,142.0,30.0,159.37000274658203,27.795000076293945,126.02000427246094,23637.219237499998,3136.9424435429687,41.54499816894531,31.712417125701904,99.4774970975,1.0927408933639526,501.340332,0.3041,80.0,1738.3499755859375,22.672500133514404,31.544999599456787,5876.001638676355,43622840992.0,550585,14368680.59,1101942938.0,0.2631,0.3275,51.0,24.10303711859649,25.0
Bitcoin,2020-04-11,6859.083008,-264.4652734,383.86910325749466,0.1955,40.0,98.0,20.4,160.0500030517578,28.0,122.16000366210936,23555.069335,3166.4449460859378,41.41999816894531,31.723626136779785,99.43499755500001,1.0929161310195923,136.1489258,0.2902,52.8,1740.5,22.585000038146973,31.609999656677246,6026.051369189456,31222085946.0,474445,13917060.69,467888135.6937459,0.3073,0.2891,53.0,20.989607891250145,23.0
Bitcoin,2020-04-12,6971.091797,-268.0325098,378.51196306945934,0.168,38.5,94.0,14.6,160.7300033569336,28.204999923706055,118.3000030517578,23472.9194325,3195.9474486289064,41.29499816894531,31.734835147857666,99.3924980125,1.093091368675232,308.8691406,0.2863,48.2,1742.6500244140625,22.49749994277954,31.674999713897705,6062.129714326181,35759567632.0,437242,13349664.71,408486669.6,0.3051,0.2914,43.0,20.65676676706126,17.0
Bitcoin,2020-04-13,6845.037598,-273.4641211,373.1062536537837,0.1691,37.0,184.0,23.0,161.41000366210938,28.40999984741211,114.44000244140624,23390.76953,3225.449951171875,41.16999816894531,31.746044158935547,99.34999847,1.0932666063308716,297.3569336,0.2939,71.2,1744.800048828125,22.40999984741211,31.739999771118164,6066.795758218334,38619308647.0,549230,14683700.73,1124828314.0,0.3025,0.3003,54.0,20.66493663130402,26.0
Bitcoin,2020-04-14,6842.427734,-282.9931152,358.2226526673527,0.1747,45.0,156.0,21.6,162.67999267578125,28.87000084,115.4800033569336,23949.75977,3378.139892578125,37.75999832,32.47243881225586,98.88999938964844,1.0922993421554563,164.7358398,0.289,67.4,1756.699951171875,20.11000061035156,29.600000381469727,6075.241111365565,34110434052.0,583665,14587959.14,824353875.1694739,0.3043,0.2896,79.0,20.62918896306249,27.0
Bitcoin,2020-04-15,6642.109863,-282.1253711,353.72544310182747,0.1671,41.0,110.0,22.4,161.85000610351562,27.38999938964844,120.37999725341795,23504.34961,3399.879883,40.84000015258789,31.638431549072266,99.45999908447266,1.098538875579834,295.2617188,0.2849,80.6,1727.199951171875,19.87000084,27.690000534057617,6069.552619434468,32288311031.0,612959,14558871.74,1009167505.0,0.2926,0.2907,51.0,20.698767354137097,29.0
Bitcoin,2020-04-16,7116.804199,-259.6525684,369.8126463847326,0.1675,42.0,157.0,27.4,161.7100067138672,27.739999771118164,115.0999984741211,23537.67969,3461.959961,40.11000061035156,31.80882453918457,100.02999877929688,1.0905101299285889,578.9462891,0.2725,68.2,1720.4000244140625,19.87000084,27.81999969482422,6100.630428309542,46783242377.0,635870,13495677.83,1278047927.0,0.2827,0.2664,66.0,20.63774427584257,32.0
Bitcoin,2020-04-17,7096.18457,-239.5769629,351.7439627,0.1509,44.0,113.0,23.8,158.57000732421875,26.959999084472656,95.91000366210938,24242.49023,3452.090087890625,38.150001525878906,32.517276763916016,99.77999877929688,1.0858471393585205,116.8510742,0.2799,70.2,1689.199951171875,18.270000457763672,28.079999923706055,6182.0492502930965,32513423567.0,579437,11584618.69,1073444828.0,0.2728,0.3143,69.0,19.377740314368367,27.0
Bitcoin,2020-04-18,7257.665039,-206.2832031,339.52721337270947,0.1824,43.0,99.0,21.2,158.94667053222656,27.309999465942383,139.3166707356771,24045.13997,3451.5167642604165,40.0433349609375,32.37976964314779,99.83999888102214,1.0861303011576335,180.7094727,0.2939,59.6,1693.3332926432292,-0.3633333848242177,27.24333318074544,6377.668676949915,32447188386.0,562996,14261973.78,519833202.1,0.2735,0.31,54.0,15.462593574061382,26.0
Bitcoin,2020-04-19,7189.424805,-178.3299414,323.38007564296237,0.1791,42.0,112.0,19.2,159.32333374023438,27.65999984741211,182.72333780924478,23847.78971,3450.9434406302084,41.936668395996094,32.242262522379555,99.89999898274739,1.0864134629567463,113.4672852,0.2984,61.0,1697.4666341145833,-18.996667227412107,26.406666437784832,6451.357235604742,31311210215.0,485888,13731416.21,458165164.1,0.2708,0.3262,50.0,14.350493772910914,31.0
Bitcoin,2020-04-20,6881.958496,-157.9479492,329.1948986439115,0.1897,41.0,159.0,23.6,159.6999969482422,28.010000228881836,226.1300048828125,23650.43945,3450.370117,43.83000183105469,32.10475540161133,99.95999908447266,1.0866966247558594,404.7875977,0.2959,70.0,1701.5999755859375,-37.63000107,25.56999969482422,6530.231495193388,37747113936.0,619559,14513595.73,999366645.3,0.274,0.3162,51.0,12.67816769517598,22.0
Bitcoin,2020-04-21,6880.323242,-163.6605176,312.83164695506065,0.1824,40.0,147.0,18.4,158.61000061035156,30.62000084,325.1499938964844,23018.88086,3316.899902,45.40999984741211,31.216949462890625,100.26000213623048,1.0864840745925903,100.109375,0.2738,67.6,1678.199951171875,10.010000228881836,19.329999923706055,6574.089784,32589741511.0,610555,13280755.5,1086827837.0,0.2207,0.2888,56.0,11.789290400395451,24.0
Bitcoin,2020-04-22,7117.20752,-163.3058984,310.3496710564849,0.1635,40.0,141.0,26.6,161.72999572753906,30.440000534057617,236.8000030517578,23475.82031,3436.590087890625,41.97999954223633,32.068885803222656,100.38999938964844,1.0856467485427856,278.0839844,0.2675,76.2,1728.699951171875,13.779999732971191,20.37000084,6596.373625921584,33249153866.0,574265,11597010.06,950788113.0,0.2289,0.2905,44.0,11.587681346424764,18.0
Bitcoin,2020-04-23,7429.724609,-161.5205273,317.48115381584313,0.1642,40.0,131.0,30.6,163.33999633789062,30.25,211.0,23515.25977,3417.580078,41.380001068115234,31.952306747436523,100.43000030517578,1.080964207649231,410.1904297,0.2855,60.4,1733.300048828125,16.5,21.329999923706055,6610.409584713255,43500782316.0,666919,13203833.92,1287058107.0,0.2334,0.314,56.0,12.120976798965822,26.0
Bitcoin,2020-04-24,7550.900879,-163.876084,305.12329935801506,0.1796,39.0,82.0,26.2,162.63999938964844,29.219999313354492,173.52999877929688,23775.26953,3467.489990234375,35.93000030517578,31.907468795776367,100.37999725341795,1.077702283859253,140.0141602,0.3019,62.4,1723.5,16.940000534057617,21.440000534057617,6597.429750193304,34636526286.0,641059,14000287.8,1901237346.0,0.242,0.3456,79.0,13.395970996925378,29.0
Bitcoin,2020-04-25,7569.936035,-161.3183691,291.8781641,0.201,40.0,95.0,21.8,162.27999877929688,28.396666208902996,177.50999959309897,23894.77278666667,3481.5833334895833,35.050000508626304,32.12269592285156,100.26666514078775,1.0792576075728353,119.6914063,0.3075,65.2,1719.6333414713542,15.553333600362143,20.956666946411133,6607.637849001039,32941541447.0,554934,13029925.92,588383800.4,0.2748,0.3468,61.0,14.13082501079977,20.0
Bitcoin,2020-04-26,7679.867188,-146.1331738,280.9716183718344,0.2016,41.0,102.0,18.8,161.9199981689453,27.573333104451496,181.49000040690103,24014.27604333333,3495.6766767447916,34.17000071207682,32.33792304992676,100.15333302815755,1.0808129312864176,139.1865234,0.3102,70.0,1715.7666829427083,14.166666666666666,20.47333335876465,6573.250098485588,33070154491.0,499998,13360910.330168895,477350119.7,0.2744,0.3493,48.0,15.627247614003531,40.0
Bitcoin,2020-04-27,7795.601074,-118.9719043,269.2009405528641,0.2029,42.0,89.0,25.4,161.55999755859375,26.75,185.47000122070312,24133.7793,3509.77002,33.290000915527344,32.55315017700195,100.04000091552734,1.082368255,116.1821289,0.3185,61.8,1711.9000244140625,12.779999732971191,19.989999771118164,6533.139465551443,36162144725.0,629817,13997087.9,1244890679.0,0.2764,0.3613,54.0,17.544509024697465,36.0
Bitcoin,2020-04-28,7807.058594,-94.79319336,255.9523521651595,0.2108,41.0,127.0,32.4,160.83999633789062,24.43000030517578,198.77000427246097,24101.55078,3410.239990234375,33.56999969482422,32.61592483520508,99.87000274658205,1.0824854373931885,83.72070313,0.3314,82.8,1710.5,12.34000015258789,20.459999084472656,6499.556077425848,33187959921.0,644967,15084394.04,1057322602.0,0.3218,0.368,63.0,19.07984452664199,42.0
Bitcoin,2020-04-29,8801.038086,-46.40978516,315.2203691422017,0.2156,47.0,163.0,57.8,161.72999572753906,24.15999984741211,195.58999633789065,24633.85938,3557.810059,31.229999542236328,33.56651306152344,99.56999969482422,1.0836584568023682,1085.70459,0.3348,87.8,1703.4000244140625,15.06000042,22.540000915527344,6276.616665696945,60201052203.0,679872,15737371.44,3184852306.0,0.3192,0.3672,99.0,27.089184707100333,32.0
Bitcoin,2020-04-30,8658.553711,-0.415117188,357.51852357847304,0.2147,47.0,181.0,55.2,158.8000030517578,24.239999771118164,104.9800033569336,24345.7207,3558.429931640625,34.150001525878906,32.858055114746094,99.01999664,1.087725043296814,907.3945313,0.3695,67.0,1684.199951171875,18.84000015258789,25.270000457763672,6211.667958169522,66964629541.0,687395,16397343.77,2685333577.0,0.3858,0.4382,87.0,30.96582016,29.0
Bitcoin,2020-05-01,8864.766602,102.06619140625024,359.8007523630464,0.2667,42.0,144.0,31.4,159.77999877929688,24.25,110.18000030517578,23723.68945,3420.370117,37.189998626708984,31.674299240112305,98.8000030517578,1.094546914100647,380.2597656,0.3781,60.2,1694.5,19.780000686645508,26.440000534057617,6159.269459725299,44068389997.0,680654,17578400.01,1977433108.0,0.4096,0.4295,47.0,34.647911513652915,29.0
Bitcoin,2020-05-02,8988.59668,176.81428710937507,348.0879335558645,0.2606,42.666666666666664,91.0,31.0,159.96666463216147,24.06000010172526,105.92666625976562,23732.379556666667,3440.3667804739584,36.78333282470703,31.78789520263672,99.02666982117186,1.095018784205119,195.8212891,0.3874,50.4,1698.6333414713542,19.983333587646484,26.693333943684895,6118.048006693876,40134388683.0,578296,17019209.54,650315089.0,0.4171,0.4429,56.0,37.94880110963257,25.0
Bitcoin,2020-05-03,8897.46875,253.08805664062493,347.28233618133845,0.2702,43.333333333333336,108.0,24.6,160.15333048502603,23.87000020345052,101.67333221435548,23741.069663333335,3460.3634439479165,36.37666702270508,31.901491165161133,99.25333659058593,1.0954906543095906,336.8095703,0.3986,69.8,1702.7666829427083,20.186666488647464,26.946667353312176,6145.516960407726,47101785174.0,553075,19630255.34,798356910.6,0.4196,0.4508,59.0,39.40386467829411,37.0
Bitcoin,2020-05-04,8912.654297,305.66867187499975,344.7537290210643,0.2756,44.0,155.0,28.6,160.33999633789062,23.68000030517578,97.41999816894533,23749.75977,3480.360107421875,35.970001220703125,32.01508712768555,99.48000336,1.0959625244140625,311.8818359,0.3936,83.6,1706.9000244140625,20.38999938964844,27.200000762939453,6202.408331358765,45718796276.0,651350,17898623.63,1301213021.0,0.4213,0.4451,70.0,40.080069133040546,46.0
Bitcoin,2020-05-05,9003.070313,370.4980078,334.813312,0.2711,44.0,119.0,28.4,161.02000427246094,24.969999313354492,97.26999664,23883.08984,3507.439941,33.61000061035156,32.19444274902344,99.70999908447266,1.0904293060302734,205.5878906,0.3931,80.8,1704.4000244140625,24.559999465942383,30.969999313354492,6318.430411987155,43148462663.0,652289,18282730.76,1158788355.0,0.4208,0.4437,67.0,39.530708197466794,36.0
Bitcoin,2020-05-06,9268.761719,373.4810839843749,342.6667696182902,0.2698,40.0,157.0,32.4,158.9499969482422,24.469999313354492,115.38999938964844,23664.64063,3536.469970703125,34.119998931884766,32.09579849243164,100.08999633789062,1.0838581323623655,444.7617188,0.3965,65.8,1684.199951171875,23.989999771118164,29.719999313354492,6354.653829442214,49371886931.0,671519,20611754.96,1639157503.0,0.4213,0.4503,88.0,40.78613239060764,37.0
Bitcoin,2020-05-07,9951.518555,399.24489257812456,379.21498585091234,0.2743,40.0,193.0,59.0,161.38999938964844,26.149999618530273,110.62000274658205,23875.89063,3583.389892578125,31.440000534057617,32.355857849121094,99.88999938964844,1.0798553228378296,854.3417969,0.4025,115.8,1721.800048828125,23.549999237060547,29.459999084472656,6340.163305695622,61112700562.0,696092,18246780.7,1938783579.0186603,0.398,0.468,94.0,43.940296289490064,54.0
Bitcoin,2020-05-08,9842.666016,398.33230468749935,368.5260806115615,0.2872,45.0,135.0,56.8,160.4199981689453,24.88999938964844,98.6999969482422,24331.32031,3653.310059,27.979999542236328,33.03741455078125,99.73000336,1.0837171077728271,229.5703125,0.4199,98.8,1709.9000244140625,24.739999771118164,30.969999313354492,6367.966923393378,51780748042.0,670883,18271845.62,2581331592.0,0.3998,0.5107,109.0,45.71022828894492,40.0
Bitcoin,2020-05-09,9593.896484,395.8278809,366.0041284250214,0.3196,44.666666666666664,132.0,37.4,160.08666483561197,24.443332672119144,102.37333170572917,24294.876949999998,3664.116699333333,27.843332926432293,32.96567026774088,99.90000152792317,1.083795428276062,333.21875,0.4196,69.2,1705.0333658854167,24.53999964396159,30.523332595569663,6468.6656472225895,46566121841.0,631542,17375844.0,1891310409.0,0.4128,0.5017,62.0,45.52031575,70.0
Bitcoin,2020-05-10,8756.430664,367.4833594,425.60909302412705,0.3131,44.333333333333336,268.0,70.6,159.75333150227866,23.996665954589844,106.04666646321616,24258.43359,3674.923339666667,27.706666310628254,32.89392598470052,100.06999969584635,1.0838737487792967,1200.473633,0.4182,77.8,1700.1667073567708,24.339999516805015,30.07666587778483,6684.8095509249715,63325279337.0,571802,19252835.58,1160570548.0,0.4174,0.4842,115.0,42.125336668997456,32.0
Bitcoin,2020-05-11,8601.795898,342.0515332031255,442.2904050179394,0.2997,44.0,191.0,40.4,159.4199981689453,23.549999237060547,109.72000122070312,24221.99023,3685.72998,27.56999969482422,32.822181701660156,100.23999786376952,1.0839520692825315,659.1474609,0.3842,101.6,1695.300048828125,24.13999938964844,29.62999916,6926.381801608953,57119858802.0,645065,17168436.34,1697952429.0,0.4151,0.4437,63.0,38.06603488487223,50.0
Bitcoin,2020-05-12,8804.477539,295.55318359374996,437.8592962889794,0.2579,39.0,153.0,36.4,160.0399932861328,22.450000762939453,86.86000061035156,23764.7793,3617.580078,33.040000915527344,32.69663619995117,99.93000030517578,1.080940842628479,380.2548828,0.3441,95.6,1704.4000244140625,25.780000686645508,29.979999542236328,7148.358339461299,42142717533.0,686850,8950520.334,1902634190.0,0.4161,0.4504,69.0,34.50842315851198,33.0
Bitcoin,2020-05-13,9269.987305,273.22739257812555,443.2551584960166,0.2511,39.0,133.0,30.4,161.5800018310547,22.709999084472656,82.83000183105469,23247.9707,3572.360107421875,35.279998779296875,32.63386154174805,100.23999786376952,1.0846810340881348,512.4912109,0.3426,89.2,1713.9000244140625,25.290000915527344,29.190000534057617,7325.544920701633,45558144023.0,619855,7822621.054,1840743653.0,0.4157,0.4681,54.0,32.193679388715275,29.0
Bitcoin,2020-05-14,9733.72168,266.37820312500025,450.0393184918368,0.262,38.0,138.0,39.4,163.00999450683594,24.149999618530273,80.05000305175781,23625.33984,3614.139892578125,32.61000061035156,32.75941086,100.47000122070312,1.082368255,538.2333984,0.3591,81.4,1738.0999755859375,27.559999465942383,31.12999916,7479.899297024795,56426907637.0,593862,8245134.851,1256024235.0,0.4047,0.5108,60.0,30.773296322887965,29.0
Bitcoin,2020-05-15,9328.197266,267.18605468749956,453.2100591,0.2858,39.0,144.0,38.0,163.92999267578125,23.62999916,76.38999938964844,23685.41992,3679.219970703125,31.88999938964844,32.31101989746094,100.4000015258789,1.0806955099105835,494.4296875,0.3724,84.8,1753.4000244140625,29.43000030517578,32.5,7685.3470867633505,48158802327.0,644507,8969982.477,1570409120.0,0.3901,0.5018,61.0,27.83733065483247,45.0
Bitcoin,2020-05-16,9377.013672,269.8995410156249,442.51725078186433,0.3072,41.666666666666664,96.0,28.8,163.51666259765625,23.356665928647462,76.30666605631511,23989.402993333333,3709.0000001354165,31.026666005452476,32.732504526774086,100.15666707356772,1.0811750094095867,303.5107422,0.3622,76.2,1746.2000325520833,30.226666768391926,33.27000045776367,7897.448866287336,36164766408.0,589910,8429266.327,904101584.2,0.3816,0.4843,50.0,24.75161969322213,41.0
Bitcoin,2020-05-17,9670.739258,290.70719726562584,444.7271653465526,0.2849,44.333333333333336,110.0,23.6,163.10333251953125,23.08333269729492,76.22333272298177,24293.386066666666,3738.7800295677084,30.16333262125651,33.15398915608724,99.91333262125652,1.0816545089085896,473.4560547,0.345,73.2,1739.0000406901042,31.023333231608074,34.040000915527344,8107.019095730881,40084250663.0,495954,7112392.242,554234698.8,0.3748,0.427,48.0,21.95329302740509,34.0
Bitcoin,2020-05-18,9726.575195,316.0941699218747,436.937432,0.2876,47.0,124.0,34.4,162.69000244140625,22.809999465942383,76.13999938964844,24597.36914,3768.560059,29.299999237060547,33.57547378540039,99.66999816894533,1.0821340084075928,335.6708984,0.3612,76.6,1731.800048828125,31.81999969482422,34.810001373291016,8365.067826481174,41827139896.0,602631,9800851.106,1522447447.7739198,0.368,0.4185,61.0,18.20200764677357,45.0
Bitcoin,2020-05-19,9729.038086,321.02492187499956,426.900746,0.3002,48.0,99.0,32.2,164.25999450683594,21.329999923706055,73.22000122070312,24206.85938,3786.030029296875,30.530000686645508,33.30644989013672,99.37000274658205,1.0915124416351318,296.4238281,0.3593,69.4,1744.199951171875,32.5,34.650001525878906,8402.816399940584,39254288955.0,581379,8879553.758,1324908762.0,0.3735,0.4344,48.0,18.29777070115508,30.0
Bitcoin,2020-05-20,9522.981445,330.47652343749996,421.9501765360108,0.3017,52.0,122.0,31.0,164.64999389648438,20.12000084,73.62000274658203,24575.90039,3869.27002,27.989999771118164,33.745872497558594,99.12000274658205,1.0927767753601074,357.5927734,0.3639,84.2,1750.5999755859375,33.49000168,35.75,8483.615744,36546239703.0,604523,8810740.963,1698883645.0,0.3694,0.4677,69.0,17.403856398856757,32.0
Bitcoin,2020-05-21,9081.761719,321.8319238281247,440.76170131468865,0.3023,52.0,167.0,38.6,162.25,19.739999771118164,89.05999755859375,24474.11914,3846.75,29.530000686645508,33.36025619506836,99.37000274658205,1.0982975959777832,685.3115234,0.3656,84.4,1720.5,33.91999816894531,36.060001373291016,8512.067012367272,39326160532.0,624412,9450405.201,1827598465.0,0.3632,0.4971,74.0,17.005156713988466,41.0
Bitcoin,2020-05-22,9182.577148,301.04006835937435,425.29999776096093,0.2909,50.0,102.0,29.4,163.2100067138672,18.950000762939453,84.98000336,24465.16016,3818.659912109375,28.15999984741211,32.66972732543945,99.86000061035156,1.0952903032302856,224.2978516,0.342,76.2,1734.5999755859375,33.25,35.130001068115234,8532.746853333916,29810773699.0,624412,7770388.924,1309276220.0,0.3538,0.4671,86.0,16.75162336,32.0
Bitcoin,2020-05-23,9209.287109,274.4674218749997,408.0923946842851,0.2693,50.0,74.0,17.8,162.6300048828125,18.855000495910645,82.60250282517578,24597.647465000002,3819.7824095820315,28.12249994277954,32.84908485412598,99.62250137329102,1.0937869151433308,184.3935547,0.3442,59.6,1727.1499938964844,33.52499961853027,35.390000343322754,8570.000323536102,27727866812.0,558174,7843058.63,659872561.7,0.3429,0.4713,74.0,16.25918044555939,23.0
Bitcoin,2020-05-24,8790.368164,246.9403125000008,414.7396037,0.2733,50.0,95.0,29.0,162.0500030517578,18.760000228881836,80.22500229035157,24730.13477,3820.9049070546876,28.085000038146973,33.0284423828125,99.38500213623047,1.0922835270563762,501.1533203,0.3427,57.6,1719.7000122070312,33.79999923706055,35.64999961853027,8548.757095,32518803300.0,458476,7286826.339,981745455.3,0.3385,0.4891,64.0,16.594421421966437,23.0
Bitcoin,2020-05-25,8906.93457,227.56967773437557,401.6394812982484,0.2739,50.0,143.0,38.0,161.47000122070312,18.664999961853027,77.84750175552735,24862.622075000003,3822.027404527344,28.047500133514404,33.20779991149902,99.14750289916992,1.0907801389694214,231.3378906,0.3388,70.8,1712.2500305175781,34.07499885559082,35.90999889373779,8534.933812,31288157264.0,551378,7689659.792844509,2386079966.0,0.3366,0.491,105.0,16.796522612969046,26.0
Bitcoin,2020-05-26,8835.052734,209.3354003906261,389.71336321444494,0.255,50.0,109.0,31.0,160.88999938964844,18.56999969482422,75.47000122070312,24995.10938,3823.149902,28.010000228881836,33.38715744018555,98.91000366210938,1.0902997255325315,234.6738281,0.3365,77.4,1704.800048828125,34.349998474121094,36.16999816894531,8485.507636203753,29584186947.0,605213,7687822.768,1028006698.0,0.3224,0.4922,87.0,17.432553582249696,37.0
Bitcoin,2020-05-27,9181.017578,201.64840820312563,388.2454862660917,0.2596,53.0,125.0,26.4,161.17999267578125,18.510000228881836,73.88999938964844,25548.26953,3799.179931640625,27.62000084,33.49477005004883,99.05999755859376,1.0981770753860474,369.1630859,0.3401,104.2,1710.300048828125,32.810001373291016,34.74000168,8504.109668,32740536902.0,603823,9241012.007,1653961345.0,0.3133,0.4771,69.0,16.270885265781015,31.0
Bitcoin,2020-05-28,9525.750977,195.96345703125007,388.93240186762085,0.2555,50.0,114.0,25.4,161.72000122070312,18.100000381469727,72.98000336,25400.64063,3748.659912109375,28.59000015258789,33.26160812,98.37999725341795,1.1016855239868164,397.8623047,0.3424,110.8,1713.300048828125,33.709999084472656,35.290000915527344,8525.801472620384,34367073114.0,617362,8457127.388,1299498648.0,0.3014,0.4479,68.0,15.486404294532482,24.0
Bitcoin,2020-05-29,9439.124023,200.24733398437456,375.03209637707647,0.2712,52.0,92.0,25.0,162.91000366210938,18.149999618530273,69.23000336,25383.10938,3800.169922,27.510000228881836,33.835540771484375,98.33999633789062,1.1079105138778689,194.328125,0.3514,71.6,1736.9000244140625,35.49000168,35.33000183105469,8530.235328867522,32896642044.0,591013,8526743.19,1652605318.0,0.3082,0.4541,70.0,15.235728286788794,24.0
Bitcoin,2020-05-30,9700.414063,214.62964843749975,372.33700243942815,0.2894,54.0,71.0,20.6,163.16000366210938,18.119999567667644,67.61333465780599,25413.74609666667,3821.989909,27.75,34.09560902913412,98.16999816894531,1.1092244784037273,337.3007813,0.3631,56.0,1737.2000325520833,35.47333399556966,36.32666778564453,8585.212574682815,32722975141.0,556912,9913195.966,726174719.7,0.3151,0.4553,71.0,14.990628843431836,22.0
Bitcoin,2020-05-31,9461.058594,235.40373046874993,364.8927299437547,0.2826,56.0,70.0,19.6,163.41000366210938,18.089999516805012,65.99666595561197,25444.382813333334,3843.809896,27.989999771118164,34.35567728678385,97.99999999999999,1.110538442929586,268.046875,0.3603,62.4,1737.5000406901042,35.45666631113932,37.323333740234375,8698.671464954547,27773290299.0,495162,9542417.459,1560857802.0,0.3036,0.4296,39.0,13.409386288710117,38.0
Bitcoin,2020-06-01,10167.26855,259.23520507812464,392.3051074924151,0.294,58.0,87.0,22.0,163.66000366210938,18.059999465942383,64.37999725341797,25475.01953,3865.629883,28.229999542236328,34.615745544433594,97.83000183105467,1.1118524074554443,748.6660156,0.3566,68.4,1737.800048828125,35.439998626708984,38.31999969482422,8713.293972290521,35198901068.0,623944,8910754.391,2405059314.0,0.3093,0.4369,56.0,14.45173702004476,21.0
Bitcoin,2020-06-02,9529.803711,269.0974804687503,415.8382806179569,0.2816,58.0,154.0,44.0,162.60000610351562,18.100000381469727,64.70999908447266,25742.65039,3883.679931640625,26.84000015258789,35.44078445,97.66999816894533,1.1125946044921875,721.7695313,0.3651,71.0,1725.199951171875,36.810001373291016,39.56999969482422,8726.173268746606,39137252109.0,638403,8941264.807,2689299632.0,0.3189,0.4318,101.0,14.43414676979213,30.0
Bitcoin,2020-06-03,9656.717773,282.6425878906248,401.2078816675671,0.3153,60.0,93.0,24.6,159.60000610351562,18.469999313354492,65.73000336,26269.89063,3932.699951171875,25.65999984741211,36.26582336425781,97.27999877929688,1.118943691253662,211.0126953,0.3639,81.4,1697.800048828125,37.290000915527344,39.790000915527344,8728.985900684893,25007459262.0,646746,9081230.369,1367910769.0,0.338,0.4542,72.0,14.298312311257185,34.0
Bitcoin,2020-06-04,9800.636719,289.1147070312509,398.43326735202663,0.2842,62.0,87.0,23.4,161.27999877929688,18.049999237060547,65.12999725341797,26281.82031,3870.540039,25.809999465942383,35.75465774536133,96.68000030517578,1.1235954761505127,362.3632813,0.3709,66.6,1718.9000244140625,37.40999984741211,39.99000168,8731.633230735355,25921805072.0,628388,9764314.2,1754810883.7138202,0.3371,0.4796,60.0,14.70757432,25.0
Bitcoin,2020-06-05,9665.533203,288.04977539062384,384.6894988,0.2896,66.0,79.0,22.6,158.00999450683594,18.170000076293945,64.19999694824219,27110.98047,3956.780029296875,24.520000457763672,36.69628143310547,96.94000244140624,1.1337867975234983,206.0205078,0.3813,66.4,1676.199951171875,39.54999923706055,42.29999923706055,8738.659237694736,23509628646.0,643217,11573082.69,1798108013.0,0.3373,0.4708,66.0,14.841889937257331,20.0
Bitcoin,2020-06-06,9653.679688,275.27614257812456,370.2407650812755,0.2969,66.33333333333333,91.0,24.0,158.57999674479166,18.093333562215168,65.2133305867513,27264.80013,3978.8700358072915,24.950000127156574,36.77101135253906,96.83333587646484,1.1331750551859536,182.4072266,0.3861,58.2,1683.566650390625,39.096665700276695,41.79999923706055,8738.895765757197,20438419222.0,548424,12477168.4,578237010.3,0.3424,0.4869,41.0,14.82014428837127,25.0
Bitcoin,2020-06-07,9758.852539,271.6045703125001,365.96268587904154,0.2886,66.66666666666667,87.0,15.6,159.1499989827474,18.016667048136394,66.22666422526042,27418.61979,4000.9600423177085,25.37999979654948,36.845741271972656,96.72666931152344,1.1325633128484092,310.3476563,0.373,59.0,1690.933349609375,38.643332163492836,41.29999923706055,8737.712670487277,25015250846.0,487527,9821022.765,500851759.6,0.338,0.4705,58.0,14.876868951611131,23.0
Bitcoin,2020-06-08,9771.489258,266.96005859374964,347.4239867760743,0.2893,67.0,74.0,20.2,159.72000122070312,17.940000534057617,67.23999786376953,27572.43945,4023.050048828125,25.809999465942383,36.92047119140625,96.62000274658205,1.1319515705108645,106.4208984,0.3799,67.0,1698.300048828125,38.189998626708984,40.79999923706055,8736.105199138314,21486346312.0,625333,10379765.62,1476953361.0,0.331,0.516,57.0,14.952533831013945,28.0
Bitcoin,2020-06-09,9795.700195,262.06435546874854,334.8686601536761,0.2924,67.0,86.0,19.2,161.25999450683594,19.0,67.76000213623047,27272.30078,4070.77002,27.56999969482422,36.669376373291016,96.31999969482422,1.1305567026138306,171.6494141,0.3742,67.8,1714.699951171875,38.939998626708984,41.18000030517578,8733.659002213511,23717842783.0,644690,10182263.04,1189532513.0,0.3198,0.4742,59.0,15.271130079504216,38.0
Bitcoin,2020-06-10,9870.094727,270.8852050781261,323.8498607676992,0.2928,67.0,78.0,23.2,163.57000732421875,20.75,63.060001373291016,26989.99023,4140.169922,27.56999969482422,36.93840789794922,95.95999908447266,1.1332215070724487,180.6054688,0.3746,69.2,1713.300048828125,39.599998474121094,41.72999954223633,8772.95152,25706567601.0,645485,10401186.39,1185046065.0,0.3002,0.4821,72.0,15.210350076562666,42.0
Bitcoin,2020-06-11,9321.78125,263.8267773,348.9483361146493,0.2928,56.0,148.0,26.6,162.38999938964844,23.040000915527344,69.95999908447266,25128.16992,3950.149902,40.790000915527344,35.01032638549805,96.73000336,1.1365444660186768,675.2285156,0.3815,80.0,1732.0,36.34000015258789,38.54999923706055,8789.473657,30247143440.0,673800,11473619.15,2319865800.0,0.3033,0.4922,76.0,14.997947677057184,39.0
Bitcoin,2020-06-12,9480.84375,254.82541015625063,342.2101876644958,0.2971,54.0,105.0,19.8,162.6199951171875,20.38999938964844,70.22000122070312,25605.53906,3969.22998,36.09000015258789,35.75465774536133,97.31999969482422,1.1288082599639893,254.6142578,0.3619,75.6,1729.300048828125,36.25999832,38.72999954223633,8815.644013592033,22610564515.0,635165,9866334.581,1189940933.0,0.298,0.4814,67.0,14.711876097203838,7.0
Bitcoin,2020-06-13,9475.277344,241.67165039062456,324.7096134,0.2686,53.666666666666664,72.0,21.8,162.52333068847656,20.296666463216148,69.51666768391927,25658.079426666667,3993.1333003333334,35.52666727701823,35.64642206827799,97.1066665649414,1.1276058753331502,97.20214844,0.3604,59.4,1726.300048828125,36.546665190628254,39.06000010172526,8933.09619,17564322315.0,541115,9622452.784,576532445.7,0.29,0.4829,49.0,12.916543643696862,18.0
Bitcoin,2020-06-14,9386.788086,219.73385742187563,311.1358380324606,0.2765,53.333333333333336,84.0,18.2,162.42666625976562,20.203333536783852,68.81333414713542,25710.61979333333,4017.0366206666667,34.96333440144857,35.538186391194664,96.8933334350586,1.1264034907023113,134.6767578,0.3646,54.4,1723.300048828125,36.83333206125651,39.390000661214195,9025.451966965478,18991732746.0,502951,10380781.54,459031700.9,0.2865,0.4875,61.0,11.456051668837723,29.0
Bitcoin,2020-06-15,9450.702148,195.35512695312352,325.6750331953205,0.2762,53.0,226.0,30.6,162.3300018310547,20.11000061035156,68.11000061035156,25763.16016,4040.939941,34.400001525878906,35.42995071411133,96.68000030517578,1.1252011060714722,514.6845703,0.3518,75.8,1720.300048828125,37.119998931884766,39.720001220703125,9167.804023174764,26699704768.0,606713,8280410.6,1689895109.0,0.2867,0.4882,89.0,9.096088771,33.0
Bitcoin,2020-06-16,9538.024414,186.1121191406237,315.19719879297617,0.2702,52.0,99.0,29.6,162.25,19.290000915527344,66.62999725341797,26289.98047,4106.459961,33.66999816894531,35.65543746948242,96.95999908447266,1.1337740421295166,178.9853516,0.3569,74.2,1729.5999755859375,38.380001068115234,40.959999084472656,9229.364148401864,21565537209.0,683561,9617963.21,1657379523.0,0.2785,0.4885,73.0,8.170721536768303,26.0
Bitcoin,2020-06-17,9480.254883,178.55366210937427,307.90332800865644,0.2743,52.0,73.0,26.6,162.55999755859375,18.87999916,61.45000076293945,26119.60938,4129.310059,33.470001220703125,35.99819564819336,97.16000366210938,1.1265701055526731,213.0830078,0.3541,72.2,1729.199951171875,37.959999084472656,40.709999084472656,9224.359730189672,20177709879.0,669086,8709273.108,1698265607.0,0.2659,0.4948,69.0,8.229401124385062,31.0
Bitcoin,2020-06-18,9411.84082,152.28218750000087,296.93785591875246,0.2775,51.0,73.0,17.6,162.24000549316406,18.309999465942383,61.349998474121094,26080.09961,4133.149902,32.939998626708984,36.016231536865234,97.41999816894533,1.1242902278900146,154.3867188,0.3404,93.2,1724.800048828125,38.84000015258789,41.50999832,9220.32976,17770083003.0,582343,7714420.955,1191197355.0,0.2478,0.4563,70.0,8.285997174,30.0
Bitcoin,2020-06-19,9288.018555,128.53444335937456,287.6265860763416,0.2736,52.0,97.0,22.4,164.02999877929688,18.270000457763672,58.72999954223633,25871.46094,4126.419922,35.119998931884766,36.00721359,97.62000274658205,1.1211000680923462,166.5800781,0.3499,67.8,1745.9000244140625,39.75,42.189998626708984,9176.714373,19632223107.0,674050,8736099.478,2333210102.0,0.2762,0.4677,68.0,8.782962095751715,30.0
Bitcoin,2020-06-20,9332.34082,102.46922851562522,277.6241011333886,0.2704,52.0,81.0,18.4,164.38333129882812,18.696666717529297,58.07333246815755,25922.62760666667,4142.879883,34.0033327738444,36.154539742373046,97.42666880289714,1.1199852228164673,147.5917969,0.3473,82.8,1749.5,39.98666636149088,42.48666636149088,9158.33635,17130541557.0,553650,8238014.002,580481419.6,0.2833,0.4679,58.0,9.037862894381616,28.0
Bitcoin,2020-06-21,9303.629883,73.92142578125095,264.98500518189655,0.265,52.0,47.0,15.0,164.73666381835938,19.123332977294922,57.41666539407878,25973.794273333333,4159.339844,32.88666661580404,36.30186589474609,97.23333485921225,1.1188703775405886,100.6767578,0.3491,57.6,1753.0999755859375,40.22333272298177,42.78333409627279,9186.956604,15324301169.0,475037,9006615.206,536969560.5,0.276,0.4601,42.0,7.574803974378375,18.0
Bitcoin,2020-06-22,9648.717773,55.48248046875051,271.6433028028325,0.2679,52.0,92.0,19.4,165.08999633789062,19.549999237060547,56.75999832,26024.96094,4175.799805,31.770000457763672,36.44919204711914,97.04000091552734,1.1177555322647097,358.2011719,0.3496,66.0,1756.699951171875,40.459999084472656,43.08000183105469,9190.432302,21104009514.0,603576,8923565.201,1369587320.0,0.2739,0.4663,61.0,7.6217934726103245,22.0
Bitcoin,2020-06-23,9629.658203,57.60650390625051,261.0469201249516,0.264,52.0,65.0,23.2,166.47999572753906,20.510000228881836,58.83000183105469,26156.09961,4207.410156,31.37000084,36.80096054077149,96.69000244140624,1.1279679536819458,123.2939453,0.363,71.4,1772.0999755859375,40.369998931884766,42.630001068115234,9190.409313,17006433272.0,704215,9964641.895,2158044284.0,0.2739,0.471,72.0,7.595029060683081,23.0
Bitcoin,2020-06-24,9313.610352,51.22800781250044,271.12455362049076,0.282,48.0,98.0,20.0,165.89999389648438,20.010000228881836,64.95999908447266,25445.93945,4111.919922,33.84000015258789,36.31388092041016,97.15000153,1.1312345266342163,402.1337891,0.3565,83.8,1765.800048828125,38.00999832,40.310001373291016,9170.408437226875,18961716076.0,625283,8594577.459,1668568263.0,0.2856,0.4663,59.0,7.5231273909599246,28.0
Bitcoin,2020-06-25,9264.813477,41.79755859375109,269.2468650806343,0.2782,49.0,133.0,21.8,165.8000030517578,19.729999542236328,62.689998626708984,25745.59961,4150.879883,32.220001220703125,36.467227935791016,97.43000030517578,1.1250872611999512,244.8369141,0.3512,66.4,1762.0999755859375,38.720001220703125,41.04999923706055,9138.570741514972,18616048626.0,631260,8504016.548,1809758026.0,0.3062,0.4615,57.0,7.787206306708944,12.0
Bitcoin,2020-06-26,9162.917969,19.724882812499345,264.9276833114818,0.2629,45.0,128.0,20.8,166.5399932861328,20.520000457763672,63.689998626708984,25015.55078,3978.110107421875,34.72999954223633,36.02524948120117,97.5,1.1222084760665894,208.7783203,0.3526,71.2,1772.5,38.49000168,41.02000045776367,9091.335743,18341465837.0,646111,9950436.658,1982165061.0,0.291,0.4546,44.0,8.285976032650664,16.0
Bitcoin,2020-06-27,9045.390625,-11.24560547,260.9752595035188,0.2602,46.0,120.0,17.6,166.56999715169272,20.100000381469727,62.47333272298177,25208.96744666667,3996.1034342447915,33.74666659037272,36.079369864134115,97.51333363850911,1.1223344802856445,209.59375,0.3429,48.6,1773.2666829427083,38.89333470764648,41.25,9032.964331330077,17273093144.0,546558,8059992.059,598209748.0,0.3008,0.4592,46.0,8.797718756292431,17.0
Bitcoin,2020-06-28,9143.582031,-34.59197266,258.19284699433894,0.2556,47.0,116.0,17.2,166.6000010172526,19.68000030517578,61.256666819254555,25402.384113333334,4014.0967610677085,32.76333363850912,36.13349024706706,97.52666727701823,1.1224604845046997,222.0214844,0.3433,56.2,1774.0333658854167,39.29666773529297,41.47999954223633,9009.081338448625,14560870760.0,500152,8666896.613,602227413.2,0.2981,0.4542,61.0,8.667503170685896,21.0
Bitcoin,2020-06-29,9190.854492,-32.11429687,253.72887689652904,0.2475,48.0,117.0,14.4,166.6300048828125,19.260000228881836,60.040000915527344,25595.80078,4032.090087890625,31.780000686645508,36.18761063,97.54000091552734,1.1225864887237549,195.6972656,0.3471,56.6,1774.800048828125,39.70000076293945,41.709999084472656,9006.831094149036,16460547078.0,625207,8562734.803,1094780887.0,0.3015,0.4795,45.0,8.099024693227333,21.0
Bitcoin,2020-06-30,9137.993164,-21.31138672,245.1052461807055,0.2522,47.0,76.0,15.2,167.3699951171875,19.649999618530273,57.65999984741211,25812.88086,4114.609863,30.43000030517578,36.07035446166992,97.38999938964844,1.1247202157974243,132.9980469,0.3488,62.6,1793.0,39.27000045776367,41.150001525878906,9026.549211035735,15735797744.0,621031,8801310.462,964046737.9,0.2987,0.4747,49.0,6.9260021622661965,23.0
Bitcoin,2020-07-01,9228.325195,2.9375781250000728,242.24198082851223,0.2555,48.0,58.0,17.0,166.6199951171875,18.850000381469727,53.43000030517578,25734.9707,4218.560059,28.62000084,36.47624588012695,97.1999969482422,1.1235954761505127,205.0195313,0.3522,63.2,1773.199951171875,39.81999969482422,42.029998779296875,9017.691763790715,15971550355.0,758469,10124055.94,1468279709.0,0.307,0.4541,47.0,7.019017632350416,31.0
Bitcoin,2020-07-02,9123.410156,15.95154296874898,241.96325675147563,0.2531,50.0,78.0,17.4,166.97999572753906,17.700000762939453,51.290000915527344,25827.35938,4277.709961,27.68000030517578,37.30606842041016,97.31999969482422,1.1251378059387207,238.3398438,0.3521,62.4,1784.0,40.650001525878906,43.13999938964844,8992.360080438151,16338916796.0,674745,9907317.704,1329290846.0,0.2868,0.4511,54.0,7.192417690667706,53.0
Bitcoin,2020-07-03,9087.303711,12.029472656249707,234.9337244611917,0.2573,50.25,78.0,16.0,167.22999572753906,17.630000591278076,51.15000057220459,25942.27686,4335.57495125,27.74500036239624,37.707450866699226,97.1875,1.1237848997116089,143.5498047,0.3477,64.4,1785.125,40.64500141143799,43.1299991607666,8964.550297826343,13078970999.0,661454,9873738.207,1162725811.0,0.2831,0.4442,48.0,7.388127145094413,20.0
Bitcoin,2020-07-04,9132.488281,-0.573183594,227.41460240146372,0.2498,50.5,65.0,18.4,167.47999572753906,17.5600004196167,51.010000228881836,26057.194340000002,4393.4399415,27.8100004196167,38.10883331298828,97.05500030517578,1.124096671740214,129.6660156,0.3405,45.6,1786.25,40.64000129699707,43.119998931884766,8945.618200383593,12290528515.0,561108,9203934.106,598371117.1,0.2492,0.4333,58.0,7.531996062045926,23.0
Bitcoin,2020-07-05,9073.942383,-17.35855469,224.39698571207347,0.248,50.75,73.0,20.4,167.72999572753906,17.490000247955322,50.86999988555908,26172.11182,4451.30493175,27.875000476837158,38.510215759277344,96.92250061035156,1.124408443768819,185.1679688,0.3442,56.4,1787.375,40.63500118255615,43.10999870300293,8921.661958282535,12903406143.0,509206,9453537.181,511532010.2,0.2456,0.4405,53.0,7.657635441937229,38.0
Bitcoin,2020-07-06,9375.474609,-31.74080078,230.99795436656825,0.2504,51.0,108.0,19.6,167.97999572753906,17.420000076293945,50.72999954223633,26287.0293,4509.169922,27.940000534057617,38.911598205566406,96.79000091552734,1.1247202157974243,316.8105469,0.3414,55.4,1788.5,40.630001068115234,43.099998474121094,8930.790784,17889263252.0,678157,9573702.526,1413260028.0,0.2315,0.4455,76.0,7.291994589601868,34.0
Bitcoin,2020-07-07,9252.277344,-38.29521484,226.9023276037776,0.2477,49.0,82.0,19.4,169.0399932861328,17.37000084,51.38999938964844,25890.17969,4490.0,29.43000030517578,38.262176513671875,96.87999725341795,1.1312856674194336,158.8017578,0.3493,79.0,1804.199951171875,40.619998931884766,43.08000183105469,8933.620505242558,13839652595.0,706177,9827305.846,1265052644.0,0.2329,0.4426,67.0,6.993571682160156,31.0
Bitcoin,2020-07-08,9428.333008,-31.38095703,225.04044259636495,0.2596,52.0,82.0,25.8,170.08999633789062,17.739999771118164,48.849998474121094,26067.2793,4614.509766,28.079999923706055,39.25436019897461,96.43000030517578,1.1275228261947632,200.8359375,0.3453,52.8,1815.5,40.900001525878906,43.290000915527344,8932.795101880814,19702359883.0,702636,9269106.007,1582500913.0,0.2144,0.4489,86.0,7.028593305155191,36.0
Bitcoin,2020-07-09,9277.967773,-32.36705078,222.99325975466033,0.255,53.0,89.0,26.0,169.6300048828125,17.389999389648438,53.77000045776367,25706.08984,4684.470215,29.260000228881836,39.25436019897461,96.6999969482422,1.1339154243469238,196.3798828,0.3512,59.0,1799.199951171875,39.619998931884766,42.349998474121094,8932.447614648236,18000702524.0,708162,10324012.45,1383313673.0,0.219,0.439,63.0,7.025625141673474,34.0
Bitcoin,2020-07-10,9278.807617,-22.36470703,219.1701502409346,0.2632,59.0,83.0,18.2,169.19000244140625,16.639999389648438,49.709999084472656,26075.30078,4787.390137,27.290000915527344,39.001800537109375,96.65000153,1.128795504570007,169.4697266,0.3474,54.2,1798.199951171875,40.54999923706055,43.24000168,8931.396830862575,16860035605.0,681724,9821730.664,1239897770.0,0.2187,0.437,76.0,6.992521857606156,18.0
Bitcoin,2020-07-11,9240.34668,-15.30402344,210.2327734380107,0.2531,57.0,56.0,15.0,169.25999959309897,16.60333315531413,50.94333267211914,26078.80078,4738.406738333333,28.923333485921223,38.91460800140625,96.58666738149088,1.1295317411422727,94.046875,0.3464,40.2,1802.4666341145833,40.3999989827474,43.06666819356771,8928.960844773495,13249910444.0,601249,9308390.998,576572385.6,0.2182,0.4409,57.0,6.979172108262759,24.0
Bitcoin,2020-07-12,9276.5,-4.473808594,203.92820033529568,0.2552,55.0,59.0,15.2,169.32999674479166,16.566666920979817,52.176666259765625,26082.30078,4689.423339666667,30.556666056315105,38.827415465703126,96.52333323298177,1.1302679777145386,121.96875,0.3446,40.8,1806.7333170572917,40.24999872843424,42.893334707135416,8965.877072685533,14452361907.0,525851,9012154.571,481367498.7131689,0.217,0.4377,59.0,5.790468853077127,32.0
Bitcoin,2020-07-13,9243.614258,10.605214843750218,195.22706493188167,0.2524,53.0,74.0,24.0,169.39999389648438,16.530000686645508,53.40999984741211,26085.80078,4640.439941,32.189998626708984,38.74022293,96.45999908447266,1.1310042142868042,82.11230469,0.3458,55.2,1811.0,40.099998474121094,42.720001220703125,9017.538247914204,17519821266.0,638906,8910800.363,1354265482.0,0.2173,0.4548,82.0,4.262244180726268,35.0
Bitcoin,2020-07-14,9243.213867,22.23107422,189.29517915549727,0.2544,61.0,72.0,17.4,170.19000244140625,16.0,53.040000915527344,26642.58984,4663.879883,29.520000457763672,38.79433822631836,96.26000213623048,1.134549617767334,112.1806641,0.3419,64.6,1810.5999755859375,40.290000915527344,42.900001525878906,9018.829341263743,18085038362.0,734433,9003009.805,1245429103.0,0.2062,0.4489,92.0,4.159405711,28.0
Bitcoin,2020-07-15,9192.836914,25.445839843749127,183.15920932742603,0.2514,62.0,105.0,17.8,170.33999633789062,15.359999656677246,47.04999923706055,26870.09961,4674.77002,27.760000228881836,38.911598205566406,96.08000183105467,1.1410704851150513,103.3916016,0.3412,70.8,1811.4000244140625,41.20000076293945,43.790000915527344,9016.758197305113,15844731575.0,671171,8552242.709,1239461868.0,0.2088,0.4603,94.0,4.127845504285838,24.0
Bitcoin,2020-07-16,9132.227539,23.31464843750109,179.0310682593956,0.2521,62.0,127.0,18.4,168.72999572753906,15.369999885559082,46.119998931884766,26734.71094,4626.399902,28.0,38.361385345458984,96.34999847,1.1417193412780762,125.3652344,0.3378,65.8,1798.699951171875,40.75,43.369998931884766,9013.345253612384,15713967523.0,709099,8476261.345,1266988570.0,0.2089,0.4468,85.0,4.169345619791781,29.0
Bitcoin,2020-07-17,9151.392578,14.483222656248472,172.8896889417602,0.2485,63.0,94.0,14.8,170.1199951171875,15.09000015258789,40.220001220703125,26671.94922,4606.870117,25.68000030517578,38.57787322998047,95.94000244140624,1.139211654663086,93.05175781,0.3289,62.2,1808.300048828125,40.59000015258789,43.13999938964844,9031.15031,13944570749.0,629600,7439212.406,1100985769.0,0.2035,0.4502,63.0,3.895410718293781,28.0
Bitcoin,2020-07-18,9159.040039,-0.183378906,169.83750970931305,0.245,63.666666666666664,66.0,12.6,170.3933308919271,15.160000165303549,41.01000086466471,26674.922526666665,4667.306803333334,25.273333231608074,38.74323527018229,95.90333557128905,1.1409063339233398,130.1591797,0.3342,46.0,1810.8333740234375,40.663333892822266,43.186665852864586,9032.953634049016,12252601475.0,632584,8257260.544221921,699138625.6,0.2037,0.4469,60.0,3.872710864606029,18.0
Bitcoin,2020-07-19,9185.817383,-17.20089844,165.11808937293355,0.2457,64.33333333333333,75.0,16.8,170.66666666666666,15.230000178019205,41.800000508626304,26677.895833333332,4727.743489666666,24.866666158040363,38.90859731038412,95.86666870117186,1.1426010131835938,103.765625,0.3358,47.4,1813.36669921875,40.73666763305664,43.23333231608073,9032.572733816203,12939002784.0,550119,8030628.817,635003579.1,0.2009,0.4502,67.0,3.875618705817097,29.0
Bitcoin,2020-07-20,9164.231445,-30.293125,158.80685028825974,0.2461,65.0,67.0,20.6,170.94000244140625,15.300000190734863,42.59000015258789,26680.86914,4788.180176,24.459999084472656,39.07395935058594,95.83000183105467,1.1442956924438477,76.76074219,0.3404,66.6,1815.9000244140625,40.810001373291016,43.279998779296875,9035.675533,13755604146.0,644972,8809861.149,1056788376.7122198,0.2054,0.4467,96.0,3.836186807872874,39.0
Bitcoin,2020-07-21,9374.887695,-45.16494141,165.8830071873126,0.2477,65.0,60.0,22.4,173.0,16.670000076293945,41.099998474121094,26840.40039,4722.100098,24.84000015258789,39.43476104736328,95.12000274658205,1.1458691358566284,257.8730469,0.3337,64.2,1842.4000244140625,41.959999084472656,44.31999969482422,9029.338025368652,18069581956.0,660884,8215338.734,1326906299.0,0.1919,0.4479,92.0,4.129581694476039,37.0
Bitcoin,2020-07-22,9525.363281,-37.76658203,169.09602341500457,0.2448,65.0,70.0,26.4,175.6300048828125,22.450000762939453,41.29999923706055,27005.83984,4710.600098,24.31999969482422,39.26337432861328,94.97000122070312,1.153402567,210.8652344,0.3464,90.8,1864.0999755859375,41.900001525878906,44.290000915527344,9012.966539,16532254884.0,748958,9764974.368,1606938398.0,0.1949,0.4434,100.0,4.909991562622337,35.0
Bitcoin,2020-07-23,9581.072266,-33.6778125,166.10653346125423,0.2549,68.0,74.0,19.2,177.17999267578125,21.989999771118164,43.83000183105469,26652.33008,4601.47998,26.079999923706055,38.94768142700195,94.69000244140624,1.1568717956542969,127.2431641,0.3485,117.0,1889.0999755859375,41.06999969482422,43.310001373291016,9004.379226014724,18146399002.0,696765,9402091.579,1733033896.0,0.1995,0.439,72.0,5.615257244672669,30.0
Bitcoin,2020-07-24,9536.892578,-28.66076172,164.37626767830747,0.261,63.0,48.0,20.6,178.6999969482422,21.61000061035156,42.349998474121094,26469.89063,4540.52002,25.84000015258789,38.911598205566406,94.44000244140624,1.1596084833145142,141.8828125,0.3597,90.8,1897.300048828125,41.290000915527344,43.34000015258789,9006.541951637097,16552768325.0,740460,10810915.04,1581504621.0,0.2015,0.4406,75.0,5.992000879840454,38.0
Bitcoin,2020-07-25,9677.113281,-22.49261719,165.0883004557498,0.2641,63.666666666666664,55.0,22.8,179.8766632080078,22.913333892822262,42.02333196004232,26508.18359666667,4569.623372666667,25.47333335876465,39.113043467203774,94.18333435058594,1.1614912350972493,174.3447266,0.3541,60.4,1908.5333658854167,41.393333435058594,43.36333338419596,9005.594903235706,16610070933.0,619497,9515131.312,895321520.4,0.2036,0.4418,75.0,6.640470295693349,34.0
Bitcoin,2020-07-26,9905.166992,-1.615253906,179.79341906158908,0.2608,64.33333333333333,89.0,21.2,181.0533294677734,24.21666717529297,41.69666544596354,26546.476563333334,4598.726725333333,25.106666564941406,39.31448872884114,93.92666625976562,1.1633739868799844,370.9599609,0.3651,50.2,1919.7666829427083,41.496665954589844,43.38666661580404,8939.110082421681,20507998997.0,608050,10587041.6,1009262428.0,0.212,0.4445,79.0,8.612134729164179,31.0
Bitcoin,2020-07-27,10990.87305,23.113964843749272,266.54045720897557,0.2674,65.0,180.0,43.8,182.22999572753903,25.520000457763672,41.369998931884766,26584.76953,4627.830078,24.739999771118164,39.51593399047851,93.66999816894533,1.1652567386627195,1394.251953,0.3744,88.8,1931.0,41.599998474121094,43.40999984741211,8607.207066227844,35359749590.0,690892,11099308.3,2520983909.0,0.2229,0.4409,104.0,17.417332071222543,50.0
Bitcoin,2020-07-28,10912.82324,47.45355468749949,288.3372325869059,0.2773,63.0,114.0,40.2,183.75,28.959999084472656,41.09000015258789,26379.2793,4550.100098,25.440000534057617,39.191219329833984,93.76000213623048,1.1769275665283203,571.6953125,0.4044,75.2,1944.699951171875,41.040000915527344,43.220001220703125,8457.089638923755,28766551142.0,745966,12037341.111269005,2732598812.0,0.2679,0.4555,135.0,22.003025480467635,46.0
Bitcoin,2020-07-29,11100.46777,78.82378906250051,299.7599916431983,0.3238,64.0,88.0,27.8,185.1300048828125,26.790000915527344,39.58000183105469,26539.57031,4618.680176,24.100000381469727,39.82261276245117,93.26000213623048,1.171879529953003,448.2558594,0.4117,74.2,1953.5,41.27000045776367,43.75,8344.515594,24617249715.0,717842,12189404.75,2066537370.2967403,0.294,0.4644,94.0,26.040575962057822,34.0
Bitcoin,2020-07-30,11111.21387,103.41457031249956,297.91294703921983,0.3191,62.0,89.0,25.0,183.7599945068359,24.12999916,42.060001373291016,26313.65039,4625.370117,24.760000228881836,39.317501068115234,93.01999664,1.1782865524291992,273.9013672,0.4112,57.2,1942.300048828125,39.91999816894531,42.939998626708984,8282.576222,22857247901.0,689993,11301864.7,1893559565.0,0.3028,0.469,73.0,28.96523741217297,25.0
Bitcoin,2020-07-31,11323.4668,138.41853515625007,307.2627755989184,0.3254,65.0,73.0,26.8,185.42999267578125,24.459999084472656,44.43000030517578,26428.32031,4685.790039,24.459999084472656,39.04690170288086,93.48999786376952,1.1872254610061646,428.8105469,0.4195,62.8,1962.800048828125,40.27000045776367,43.29999923706055,8233.366965427022,23160469766.0,733209,12639960.42,2132382807.0,0.3078,0.4649,61.0,31.790346073736636,42.0
Bitcoin,2020-08-01,11759.59277,159.35310546875007,324.96491830167423,0.3255,65.66666666666667,89.0,36.2,185.49999491373697,24.15999921162923,43.473333994547524,26507.01367,4707.639974000001,24.399999618530273,39.13710149129232,93.49333190917967,1.1842273076375325,555.0927734,0.4203,59.8,1963.86669921875,40.51666641184245,43.583333333333336,8157.626116721277,26075670303.0,644333,11439834.234184498,1282524246.0,0.3066,0.4744,72.0,35.42497974600295,57.0
Bitcoin,2020-08-02,11053.61426,168.09316406250036,374.32561331137606,0.3329,66.33333333333333,131.0,40.2,185.56999715169272,23.85999933878581,42.51666768391927,26585.707029999998,4729.489909,24.34000015258789,39.227301279703774,93.49666595458984,1.1812291542689006,1016.014648,0.4311,63.6,1964.933349609375,40.76333236592122,43.86666742960612,8209.424167063173,27410067336.0,616214,11205874.85,1161811696.0,0.3106,0.4884,104.0,35.87823840555583,56.0
Bitcoin,2020-08-03,11246.34863,179.1890234375005,379.0640739677063,0.3499,67.0,100.0,23.2,185.63999938964844,23.559999465942383,41.560001373291016,26664.40039,4751.339844,24.280000686645508,39.317501068115234,93.5,1.1782310009002686,440.6640625,0.4343,69.6,1966.0,41.00999832,44.150001525878906,8267.516882,20271713443.0,708227,12873862.58,2630857377.0,0.3121,0.5503,62.0,36.35520311001808,69.0
Bitcoin,2020-08-04,11205.89258,189.47044921875025,372.79066355037014,0.322,67.0,77.0,20.4,189.58999633789065,26.299999237060547,40.279998779296875,26828.4707,4801.040039,23.760000228881836,39.84064483642578,93.37999725341795,1.1763322353363037,291.2363281,0.43,72.8,2001.199951171875,41.70000076293945,44.43000030517578,8358.371948548333,21250197042.0,708169,11438679.08,1514661049.0,0.326,0.5437,73.0,36.18864457361123,59.0
Bitcoin,2020-08-05,11747.02246,193.6166992,391.0436184,0.3271,70.0,71.0,29.8,191.3500061035156,25.690000534057617,37.119998931884766,27201.51953,4816.290039,22.989999771118164,40.27359771728515,92.83000183105467,1.181544303894043,628.3320313,0.426,78.0,2031.0999755859375,42.189998626708984,45.16999816894531,8441.747974448792,24411254471.0,655315,10806917.39,1382305624.0,0.311,0.5522,76.0,36.64739327863808,44.0
Bitcoin,2020-08-06,11779.77344,194.03208984374945,384.79922209508953,0.3253,73.0,76.0,24.4,193.88999938964844,27.36000061035156,37.59000015258789,27386.98047,4894.950195,22.649999618530273,40.39988327026367,92.79000091552734,1.187281847000122,303.6220703,0.447,79.8,2051.5,41.95000076293945,45.09000015258789,8555.414048624765,23400740340.0,762479,13771270.44,2122100339.0,0.3208,0.5525,94.0,36.52648303503565,37.0
Bitcoin,2020-08-07,11601.47266,206.2579882812497,392.2738730838332,0.3449,72.0,86.0,20.2,190.80999755859375,26.219999313354492,37.43000030517578,27433.48047,4808.02002,22.209999084472656,39.57005310058594,93.44000244140624,1.1876484155654907,489.4443359,0.4515,70.6,2010.0999755859375,41.220001220703125,44.400001525878906,8715.694417,23132312867.0,707225,12898632.94,1897594214.0,0.3468,0.5624,59.0,35.38452025290937,38.0
Bitcoin,2020-08-08,11754.0459,218.3873242187492,381.5137973278451,0.3462,73.0,53.0,21.8,190.58999633789062,25.44333267211914,36.86666743011719,27552.80013,4796.466634333333,22.183332442981772,39.60312525431315,93.48666890462238,1.1845231850941975,241.6328125,0.45,58.2,2014.8666585286458,41.460000356038414,44.59666824391927,8895.090322631653,17572057837.0,625679,11292366.65,957307311.3,0.361,0.5849,67.0,34.009145326710325,31.0
Bitcoin,2020-08-09,11675.73926,230.15148437500105,372.63941615710615,0.3392,74.0,65.0,21.8,190.36999511718753,24.666666030883793,36.30333455505859,27672.11979,4784.913248666667,22.156665801490885,39.63619740804037,93.53333536783853,1.1813979546229043,257.2724609,0.4539,65.4,2019.6333414713542,41.699999491373696,44.79333496195964,9122.853672913388,17489608833.0,564507,12105371.36,819746332.1,0.3721,0.5484,95.0,31.73044203899364,39.0
Bitcoin,2020-08-10,11878.11133,237.46115234374884,373.3711571,0.3442,75.0,74.0,25.0,190.1499938964844,23.88999938964844,35.74000168,27791.43945,4773.359863,22.12999916,39.66926956176758,93.58000183105467,1.178272724151611,382.8837891,0.4484,62.8,2024.4000244140625,41.939998626708984,44.99000168,9331.291059393992,26114112569.0,683507,11774383.19,2038494057.0,0.3716,0.5548,140.0,29.84987218372927,51.0
Bitcoin,2020-08-11,11410.52539,226.70693359375036,399.34478536792574,0.3413,71.0,104.0,23.4,179.94000244140625,27.479999542236328,37.5,27686.91016,4680.350098,24.030000686645508,39.561031341552734,93.62999725341795,1.1737778186798096,737.0019531,0.4535,77.0,1932.5999755859375,41.61000061035156,44.5,9556.916161703535,27039782640.0,744212,12966824.45,1833511323.0,0.3576,0.5525,94.0,27.220554194055165,37.0
Bitcoin,2020-08-12,11584.93457,222.01982421875073,406.4480875291453,0.348,73.0,63.0,26.2,179.10000610351562,25.850000381469727,34.74000168,27976.83984,4852.450195,22.280000686645508,40.093204498291016,93.44000244140624,1.1736538410186768,498.7910156,0.4519,67.4,1934.9000244140625,42.66999816894531,45.43000030517578,9805.394701484644,25064548486.0,733894,12684820.61,1622537211.0,0.366,0.5782,108.0,24.31944256309849,67.0
Bitcoin,2020-08-13,11784.1377,222.10982421875087,418.8106822815278,0.3293,72.0,70.0,26.2,183.3300018310547,25.81999969482422,34.869998931884766,27896.7207,4896.410156,22.12999916,39.97594451904297,93.33999633789062,1.179380178451538,579.5244141,0.4516,70.2,1956.699951171875,42.24000168,44.959999084472656,10117.333307522082,27522199497.0,690043,11879252.297100302,1705063980.6970503,0.3715,0.5792,108.0,20.536966671135648,51.0
Bitcoin,2020-08-14,11768.87109,225.32300781249975,422.1484237257045,0.3359,72.0,98.0,26.4,182.5399932861328,23.530000686645508,35.099998474121094,27931.01953,4884.399902,22.049999237060547,39.90379333496094,93.09999847,1.1816558837890625,465.5390625,0.4574,73.2,1937.0,42.00999832,44.79999923706055,10466.061587212364,24237958589.0,755913,13709961.992236402,2293744967.0,0.3375,0.5695,105.0,16.057413182105236,65.0
Bitcoin,2020-08-15,11865.69824,227.8889843750003,405.88824055779696,0.343,71.66666666666667,58.0,28.8,183.85999552408853,24.470000584920246,34.209999084472656,27902.31640666667,4933.743326666667,21.81666628519694,40.07216008504232,93.01666513666667,1.1828557252883911,194.5058594,0.4544,78.6,1953.0,42.303332009882816,44.98999913533529,10838.440587671044,23354924400.0,664922,12537672.54,1090367766.0,0.3228,0.576,90.0,11.139669476560648,51.0
Bitcoin,2020-08-16,11892.80371,249.60109374999956,391.01857270545435,0.3426,71.33333333333333,53.0,18.8,185.17999776204428,25.410000483194988,33.31999969482422,27873.613283333332,4983.086751333333,21.583333333333332,40.240526835123696,92.93333180333333,1.1840555667877197,197.7128906,0.4523,64.4,1969.0,42.59666569976562,45.179999033610024,10900.24557233539,20583375490.0,571198,12130221.32,923018319.3,0.3017,0.5723,67.0,10.80606640281955,42.0
Bitcoin,2020-08-17,12254.40234,272.7119726562505,402.5429854809576,0.3456,71.0,94.0,36.6,186.5,26.350000381469727,32.43000030517578,27844.91016,5032.430176,21.350000381469727,40.40889358520508,92.84999847,1.1852554082870483,552.3603516,0.4453,76.8,1985.0,42.88999938964844,45.369998931884766,10955.69114091124,28227687027.0,652100,10390360.22,2046439654.4952395,0.3025,0.5812,108.0,10.94427438790698,55.0
Bitcoin,2020-08-18,11991.2334,279.3090039062499,401.0171751341035,0.3464,70.0,96.0,23.4,188.17999267578125,26.459999084472656,31.700000762939453,27778.07031,5102.589844,21.510000228881836,40.36380386352539,92.26999664,1.1876484155654907,381.1816406,0.4557,74.8,1999.4000244140625,42.88999938964844,45.459999084472656,11019.142404934537,26043227672.0,739835,12747409.95,2363375057.0,0.3134,0.5562,86.0,10.577257678622038,67.0
Bitcoin,2020-08-19,11758.2832,281.6336523437494,396.7724355,0.3612,68.0,142.0,25.6,182.2400054931641,28.149999618530273,32.849998474121094,27692.88086,5085.27002,22.540000915527344,39.867706298828125,92.88999938964844,1.1947859525680542,341.5908203,0.452,62.2,1958.699951171875,42.93000030517578,45.369998931884766,11098.71105321504,24502851117.0,710405,11920459.626279147,1951302613.882539,0.3178,0.5652,63.0,9.738531677,40.0
Bitcoin,2020-08-20,11878.37207,280.5789843750008,382.0278084144184,0.3489,70.0,84.0,24.8,183.5,25.90999984741211,32.83000183105469,27739.73047,5184.97998,22.719999313354492,39.741432189941406,92.79000091552734,1.1843500137329102,190.3476563,0.4517,69.4,1933.800048828125,42.58000183105469,44.900001525878906,11142.256252832469,20175242945.0,705709,12309250.39191904,1599895179.6069138,0.3155,0.5746,87.0,9.445216657854372,64.0
Bitcoin,2020-08-21,11592.48926,273.01230468750146,378.6172702017813,0.3389,70.0,110.0,24.4,182.02999877929688,25.959999084472656,33.68000030517578,27930.33008,5261.97998,22.540000915527344,39.93986511230469,93.25,1.1873664855957031,334.2802734,0.4543,58.2,1934.5999755859375,42.34000015258789,44.349998474121094,11133.034895334364,23762425999.0,675988,12988330.809193192,1516606230.5688822,0.32,0.574,78.0,9.466793649,34.0
Bitcoin,2020-08-22,11681.8252,262.6863281249989,368.75900536593974,0.3434,70.33333333333333,96.0,22.6,181.6866658528646,25.259999593098957,33.20333353678385,28056.3737,5275.419921666667,22.483334223684896,40.08718744913737,93.26666768391927,1.184844930966695,240.6015625,0.4438,52.4,1932.2999674479167,42.43333307902018,44.609999338785805,11246.423721371826,20224191306.0,649053,11060458.286919411,947590518.3606328,0.3166,0.5781,92.0,8.042183298,47.0
Bitcoin,2020-08-23,11664.84766,257.3259374999998,353.3839899156941,0.3299,70.66666666666667,55.0,15.6,181.34333292643228,24.560000101725258,32.72666676839193,28182.41732,5288.859863333333,22.426667531842448,40.234509785970054,93.28333536783853,1.1823233763376872,153.5087891,0.4504,62.6,1929.9999593098958,42.526666005452476,44.87000020345052,11318.528855811312,18482062658.0,569381,12250514.724347962,694626473.0813165,0.3043,0.5793,57.0,7.155843679643273,33.0
Bitcoin,2020-08-24,11774.5957,258.93320312499964,341.3124074886802,0.3356,71.0,89.0,23.2,181.0,23.86000061035156,32.25,28308.46094,5302.299805,22.37000084,40.381832122802734,93.3000030517578,1.1798018217086792,184.3818359,0.4498,69.2,1927.699951171875,42.619998931884766,45.130001068115234,11425.370703823806,20681511755.0,674821,11845489.149642443,1349526577.4472823,0.3027,0.5983,74.0,5.805892891411155,30.0
Bitcoin,2020-08-25,11366.13477,245.74546874999945,358.96503686448875,0.3345,73.0,109.0,21.6,181.22000122070312,22.760000228881836,33.029998779296875,28248.43945,5361.310059,22.030000686645508,40.78772735595703,93.01999664,1.1794538497924805,588.4492188,0.4403,60.2,1911.800048828125,43.349998474121094,45.86000061035156,11364.13818877116,26301509932.0,678008,10414543.565818902,1571905464.0375931,0.2966,0.5822,74.0,6.533528035964818,37.0
Bitcoin,2020-08-26,11488.36328,241.08560546875017,349.9717892536324,0.3381,74.0,78.0,28.0,183.36000061035156,24.790000915527344,33.790000915527344,28331.91992,5564.990234,23.270000457763672,40.89596939086914,93.01000213623048,1.183501958847046,233.0595703,0.4354,79.4,1940.699951171875,43.38999938964844,45.63999938964844,11333.712341678804,22466660958.0,696908,11345447.77823486,1606738709.2854536,0.2801,0.5691,79.0,6.811902605375389,24.0
Bitcoin,2020-08-27,11323.39746,227.09646484375116,352.46271334712293,0.3219,76.0,106.0,30.8,181.2400054931641,23.079999923706055,33.74000168,28492.26953,5514.069824,24.469999313354492,40.55321502685547,93.01000213623048,1.1842728853225708,384.8447266,0.4311,81.2,1921.5999755859375,43.040000915527344,45.09000015258789,11284.623680483088,23240415076.0,702891,10690122.01226198,1582727807.8585138,0.278,0.5752,63.0,7.420437739543015,35.0
Bitcoin,2020-08-28,11542.5,221.7399218749997,343.65768973750704,0.3259,77.0,61.0,22.6,184.38999938964844,23.190000534057617,32.060001373291016,28653.86914,5551.140137,22.959999084472656,41.08538436889648,92.37000274658205,1.1819632053375244,229.1923828,0.4385,61.8,1964.5999755859375,42.970001220703125,45.04999923706055,11267.682701511543,19807127588.0,720277,13003916.081702596,2013696414.016841,0.2659,0.5572,65.0,7.535839630904936,31.0
Bitcoin,2020-08-29,11506.86523,212.28800781249993,327.6355444883994,0.3194,76.0,48.0,16.0,184.5366668701172,23.566666920979817,32.23666763305664,28579.26302,5594.226725333334,24.10999933878581,40.7817153930664,92.29333496093751,1.185250163078308,119.3476563,0.4368,56.0,1965.5999755859375,42.8500010172526,45.12666575113932,11250.645946365605,17485597759.0,617518,11257775.012961268,936108106.0835736,0.2671,0.565,55.0,7.688162473734455,37.0
Bitcoin,2020-08-30,11711.50586,221.89798828125095,320.1532065,0.3273,75.0,49.0,19.6,184.68333435058594,23.94333330790202,32.413333892822266,28504.6569,5637.3133136666665,25.259999593098957,40.47804641723633,92.21666717529297,1.188537120819092,222.8828125,0.4325,53.0,1966.5999755859375,42.730000813802086,45.2033322652181,11249.677216600432,19760127945.0,555079,9959939.365,1092133417.798481,0.2783,0.5639,69.0,7.567716572074426,29.0
Bitcoin,2020-08-31,11680.82031,225.26267578124865,309.46787700785455,0.3254,74.0,60.0,23.0,184.8300018310547,24.31999969482422,32.59000015258789,28430.05078,5680.399902,26.40999984741211,40.17437744140625,92.13999938964844,1.1918240785598757,170.5585938,0.4456,59.2,1967.5999755859375,42.61000061035156,45.279998779296875,11282.322096762717,22285928250.0,662241,12191565.474340877,2351032934.550586,0.2847,0.5687,56.0,7.232124955957042,42.0
Bitcoin,2020-09-01,11970.47852,241.8986718749984,320.6453249671149,0.333,77.0,59.0,30.4,185.0500030517578,23.0,31.739999771118164,28645.66016,5755.299805,26.12000084,40.859893798828125,92.33999633789062,1.193901538848877,465.9521484,0.4457,50.8,1968.199951171875,42.75999832,45.58000183105469,11290.369288905427,27311555343.0,795329,12943722.052071037,2357189690.750896,0.2907,0.5471,84.0,7.411792952607908,35.0
Bitcoin,2020-09-02,11414.03418,240.02443359374956,346.29098534892813,0.3318,78.0,96.0,22.2,182.6199951171875,23.56999969482422,35.49000168,29100.5,5758.959961,26.56999969482422,40.75165557861328,92.84999847,1.1923214197158811,674.0292969,0.4473,57.4,1934.4000244140625,41.50999832,44.43000030517578,11252.444589109346,28037405299.0,714425,12071209.204979686,2108369094.485429,0.3049,0.5527,74.0,7.755286217211302,34.0
Bitcoin,2020-09-03,10245.29688,216.51248046875116,411.59574476596896,0.3424,60.0,185.0,33.8,181.13999938964844,23.68000030517578,41.279998779296875,28292.73047,5411.720215,33.599998474121094,39.97594451904297,92.73999786376952,1.184735894203186,1260.557617,0.4278,68.0,1927.5999755859375,41.369998931884766,44.06999969482422,10849.806199211636,31927261555.0,691592,10387319.325323954,2195667067.2480316,0.3092,0.5441,84.0,13.420084624418449,55.0
Bitcoin,2020-09-04,10511.81348,194.68101562499945,414.76601243893543,0.3208,59.0,181.0,37.4,181.63999938964844,21.979999542236328,44.02000045776367,28133.31055,5350.339844,30.75,39.99397659301758,92.72000122070312,1.1839784383773804,455.9794922,0.4088,63.2,1923.9000244140625,39.77000045776367,42.65999984741211,10651.599891833428,29965130374.0,680093,10521917.64225536,2512517216.225265,0.3275,0.5548,92.0,15.75615977472994,40.0
Bitcoin,2020-09-05,10169.56738,166.95810546874964,430.48954782276144,0.273,58.0,159.0,25.0,181.55249786376953,22.107499599456787,46.99000072479248,27975.20557,5257.1323245,30.927499771118164,39.820345878601074,92.91000175552735,1.1838009357452393,634.8955078,0.4107,52.0,1926.1750183105469,39.01749992332275,41.9399995803833,10396.395214232476,44916565292.0,685736,10426131.583986407,1263375218.8698337,0.3338,0.5527,63.0,18.82038997136806,29.0
Bitcoin,2020-09-06,10280.35156,134.8470507812508,420.9575795630999,0.2817,57.0,117.0,20.4,181.46499633789062,22.234999656677246,49.96000099182129,27817.10059,5163.924805000001,31.104999542236328,39.64671516418457,93.10000229035155,1.1836234331130981,297.0419922,0.4092,44.6,1928.4500122070312,38.26499938888184,41.21999931335449,10240.837422978906,37071460174.0,557370,10418304.66587639,942632672.8111798,0.3192,0.563,102.0,19.98308031358213,32.0
Bitcoin,2020-09-07,10369.56348,115.10556640624964,425.3649064693071,0.2666,56.0,113.0,24.4,181.37749481201172,22.362499713897705,52.9300012588501,27658.99561,5070.7172855,31.282499313354492,39.473084449768066,93.29000282517578,1.183445930480957,482.6601563,0.4173,53.6,1930.7250061035156,37.51249885444092,40.499999046325684,10115.893317709968,33703098409.0,672721,12203310.681068862,1747148281.5062864,0.318,0.5613,64.0,20.90304393063463,17.0
Bitcoin,2020-09-08,10131.5166,113.40207031249884,428.52920165453514,0.2717,55.0,129.0,32.2,181.2899932861328,22.489999771118164,55.900001525878906,27500.89063,4977.509766,31.459999084472656,39.29945373535156,93.48000336,1.182172775268555,469.6650391,0.4122,56.4,1933.0,36.75999832,39.779998779296875,9951.760002,33430927462.0,693543,10676168.86571476,1706304707.7497606,0.3003,0.5752,83.0,22.531119066543408,30.0
Bitcoin,2020-09-09,10242.34766,103.15955078124898,421.7265438354612,0.2763,65.0,94.0,18.8,183.0500030517578,21.65999984741211,49.41999816894531,27940.4707,5155.290039,28.809999465942383,39.885746002197266,93.26000213623048,1.177024483680725,333.2919922,0.4007,61.0,1944.699951171875,38.04999923706055,40.790000915527344,9840.783652123368,24128292755.0,681429,10385265.13427389,1479239533.731233,0.281,0.5465,59.0,23.220763559603807,27.0
Bitcoin,2020-09-10,10363.13867,99.55156250000071,410.5872455,0.2646,59.0,76.0,20.8,182.4600067138672,21.260000228881836,52.15999984741211,27534.58008,5062.830078,29.709999084472656,39.245338439941406,93.33999633789062,1.1806375980377195,265.7763672,0.3973,65.2,1954.199951171875,37.29999923706055,40.060001373291016,9755.779402514312,54406443211.0,745318,11342158.76,1510201425.9578102,0.2739,0.4816,85.0,23.774836512231172,35.0
Bitcoin,2020-09-11,10400.91504,93.52218750000064,402.2657235032166,0.2693,58.0,54.0,16.8,182.4499969482422,20.200000762939453,50.130001068115234,27665.64063,5050.930176,26.87000084,39.624168395996094,93.33000183105467,1.1824384927749634,294.0859375,0.3913,65.2,1937.800048828125,37.33000183105469,39.83000183105469,9692.015120045338,45201121775.0,677215,9984827.136857176,1615058494.599918,0.2402,0.494,63.0,23.908052298268707,24.0
Bitcoin,2020-09-12,10442.1709,87.95283203125109,393.9932555297725,0.2737,58.333333333333336,58.0,15.4,182.92999776204428,20.43666712443034,49.890000661214195,27774.870446666668,5097.883463666667,26.530000687156576,39.83764139811198,93.24333445231119,1.1830499569574993,286.4511719,0.4005,52.8,1942.9000244140625,37.306667327369794,39.75666809082031,9645.113804035484,36750077324.0,604531,11755971.41,855809354.7957094,0.2363,0.4734,53.0,23.781538858371988,26.0
Bitcoin,2020-09-13,10323.75586,81.53998046875131,391.0569348222888,0.2756,58.666666666666664,62.0,17.4,183.40999857584634,20.673333485921223,49.65000025431315,27884.100263333334,5144.836751333333,26.19000053431315,40.05111440022787,93.1566670735677,1.183661421140035,352.8847656,0.4,51.2,1948.0,37.283332823684894,39.68333435058594,9603.862315,36506852789.0,540351,11038733.637861196,786517189.8,0.2397,0.4809,46.0,23.36468711893998,19.0
Bitcoin,2020-09-14,10680.83789,79.70419921875146,401.2672932724824,0.2774,59.0,81.0,20.6,183.88999938964844,20.90999984741211,49.40999984741211,27993.33008,5191.790039,25.850000381469727,40.26458740234375,93.06999969482422,1.1842728853225708,534.0019531,0.4044,53.8,1953.0999755859375,37.25999832,39.61000061035156,9587.678126927214,35453581940.0,726085,12485219.771708764,1641329657.990726,0.2353,0.4878,64.0,23.10494969,40.0
Bitcoin,2020-09-15,10796.95117,59.07025390624949,392.7604776815908,0.272,59.0,93.0,18.8,183.4499969482422,20.31999969482422,45.189998626708984,27995.59961,5324.600098,25.59000015258789,40.688514709472656,93.0500030517578,1.187000036239624,282.171875,0.4036,70.4,1956.300048828125,38.279998779296875,40.529998779296875,9588.954163,32509451925.0,718787,11329376.27027292,1675152816.8943896,0.2402,0.4721,44.0,22.515375839864248,26.0
Bitcoin,2020-09-16,10974.90527,43.91503906,392.9375334052271,0.2861,56.0,96.0,25.8,183.97000122070312,20.079999923706055,41.130001068115234,28032.38086,5237.459961,26.040000915527344,40.63439178466797,93.20999908447266,1.1844412088394165,395.2392578,0.4097,103.6,1960.199951171875,40.15999984741211,42.220001220703125,9591.895715,30769986455.0,747111,11397006.214772042,1875402238.1826136,0.2519,0.4791,88.0,22.174170625819173,42.0
Bitcoin,2020-09-17,10948.99023,22.779921875000586,383.6414930727109,0.2905,53.0,81.0,19.0,182.9600067138672,19.950000762939453,38.72999954223633,27901.98047,5131.370117,26.459999084472656,40.472042083740234,92.97000122070312,1.1803449392318726,262.7929688,0.4219,76.2,1940.0,40.970001220703125,43.29999923706055,9610.081774557577,38151810523.0,740029,12881875.598747486,1728645381.2338383,0.255,0.4857,73.0,21.34557433147368,23.0
Bitcoin,2020-09-18,10944.58594,6.514511718749418,370.89931332198154,0.2979,52.0,59.0,20.2,183.1999969482422,20.219999313354492,39.06999969482422,27657.41992,5121.990234,25.829999923706055,40.15634536743164,92.93000030517578,1.1848200559616089,205.2509766,0.4198,75.4,1952.0999755859375,41.11000061035156,43.150001525878906,9630.135477612814,26341903912.0,687638,12027086.744657056,1937356457.0,0.2608,0.4887,70.0,20.503703357296825,31.0
Bitcoin,2020-09-19,11094.34668,-13.58130859,360.44040589719714,0.2961,51.0,57.0,19.4,181.97333272298178,20.679999669392902,40.34333292643229,27487.51302,5135.440104,26.480000178019207,40.03307342529297,93.13333384195964,1.184731165568034,224.4746094,0.4149,53.0,1935.13330078125,40.51000086466471,42.58000055948893,9679.414495741394,22764204008.0,624125,10777756.114914743,1020812737.2328732,0.2587,0.4916,65.0,19.06485548,28.0
Bitcoin,2020-09-20,10938.27148,-26.12929687,354.7941324848974,0.295,50.0,80.0,14.0,180.74666849772134,21.140000025431316,41.61666615804037,27317.60612,5148.889974,27.130000432332356,39.9098014831543,93.33666737874348,1.1846422751744587,281.3925781,0.4148,52.0,1918.1666259765625,39.91000111897787,42.00999959309896,9738.372154663068,24699523788.0,535691,10041684.798421944,845867147.6809912,0.2719,0.4847,48.0,17.328890599679763,32.0
Bitcoin,2020-09-21,10462.25977,-39.19802734,372.88340482972615,0.3009,50.0,113.0,20.2,179.52000427246094,21.600000381469727,42.88999938964844,27147.69922,5162.339844,27.780000686645508,39.786529541015625,93.54000091552734,1.1845533847808838,608.0439453,0.4144,67.6,1901.199951171875,39.310001373291016,41.439998626708984,9882.247409703035,28884999244.0,644695,10351909.518035322,1618550493.708504,0.2758,0.5044,75.0,13.309684894141242,35.0
Bitcoin,2020-09-22,10538.45996,-50.32625,359.4882034802814,0.2942,50.0,106.0,17.4,178.64999389648438,21.62999916,41.279998779296875,27288.17969,5240.52002,26.86000061035156,39.48887634277344,93.98999786376952,1.176800012588501,185.3505859,0.399,68.6,1898.5999755859375,39.599998474121094,41.720001220703125,9949.454733270482,23621787804.0,678668,9208013.415,1620744900.8434784,0.2738,0.5108,64.0,11.25955482220239,25.0
Bitcoin,2020-09-23,10246.18652,-66.1878125,358.1386694147256,0.2744,50.0,95.0,18.0,174.7899932861328,23.43000030517578,44.63999938964844,26763.13086,5095.609863,28.579999923706055,38.87552261352539,94.38999938964844,1.1708368062973022,339.9628906,0.4024,59.0,1859.9000244140625,39.93000030517578,41.77000045776367,9949.58834,23788661867.0,733591,10252434.95536237,1930400508.7682712,0.271,0.5208,43.0,11.257816645380352,23.0
Bitcoin,2020-09-24,10760.06641,-81.34453125,371.0977934743881,0.2767,50.0,88.0,14.6,175.44000244140625,23.40999984741211,42.880001068115234,26815.43945,5100.310059,28.510000228881836,38.69512939453125,94.34999847,1.1658544540405271,539.5664063,0.3965,65.4,1868.300048828125,40.310001373291016,41.939998626708984,9954.792276451668,47144380902.0,684217,9928235.838903904,2038281713.5185597,0.2679,0.5187,54.0,11.38116539,26.0
Bitcoin,2020-09-25,10692.7168,-86.65923828,358.7895386949675,0.264,50.0,61.0,16.8,174.94000244140625,22.09000015258789,41.40999984741211,27173.96094,5216.310059,26.37999916,38.731204986572266,94.58000183105467,1.1673243045806885,198.7822266,0.4208,56.6,1857.699951171875,40.25,41.91999816894531,10005.379484542678,39348590957.0,741029,12502201.347978111,1904178398.634268,0.3139,0.5174,58.0,10.891292242613316,26.0
Bitcoin,2020-09-26,10750.72363,-91.84712891,340.7129840337198,0.2852,50.0,55.0,15.0,175.52666727701822,22.06333351135254,41.153333028157554,27310.66081,5246.726725666667,26.316666284685873,38.87552261352539,94.47333526611328,1.1660611629486084,105.7177734,0.4175,51.2,1862.7333170572917,40.36666615804037,42.08999888102213,10041.749030730982,46852525493.0,591249,10759364.728825692,794309819.7184452,0.3169,0.5255,41.0,10.624785839269114,25.0
Bitcoin,2020-09-27,10775.26953,-97.26488281,329.30881999559693,0.2825,50.0,50.0,15.0,176.11333211263022,22.036666870117188,40.89666620890299,27447.360679999998,5277.143392333333,26.253333409371745,39.019840240478516,94.36666870117188,1.1647980213165283,181.0546875,0.4171,54.8,1867.7666829427083,40.48333231608073,42.25999959309896,10068.241637570593,53745972818.0,538619,10713359.143363992,789919236.0190964,0.309,0.5168,47.0,10.487663004738415,31.0
Bitcoin,2020-09-28,10709.65234,-97.3925,323.0334829646614,0.2846,50.0,75.0,21.8,176.6999969482422,22.010000228881836,40.63999938964844,27584.06055,5307.560059,26.190000534057617,39.16415786743164,94.26000213623048,1.1635348796844482,241.4541016,0.4067,66.4,1872.800048828125,40.599998474121094,42.43000030517578,10144.683663648237,47762394731.0,629197,9531618.970526235,1644928781.8498938,0.3125,0.49,49.0,9.566890449691693,34.0
Bitcoin,2020-09-29,10844.64063,-98.32279297,314.9957955653999,0.2849,50.0,83.0,20.4,178.19000244140625,23.280000686645508,46.130001068115234,27452.66016,5314.680176,26.270000457763672,39.13710021972656,93.88999938964844,1.167883276939392,210.5058594,0.4107,60.0,1894.300048828125,39.290000915527344,41.029998779296875,10205.47701951279,46582396602.0,735651,10337349.261857346,1756325729.598573,0.3095,0.4933,43.0,8.96565691,26.0
Bitcoin,2020-09-30,10784.49121,-89.10234375,305.20577780179985,0.2832,50.0,62.0,14.8,177.1199951171875,22.06999969482422,44.0,27781.69922,5400.600098,26.37000084,39.76848983764648,93.88999938964844,1.1742050647735596,177.9355469,0.4174,56.0,1887.5,40.220001220703125,40.95000076293945,10248.35883500368,44171073700.0,748143,11484361.336782591,1561125507.1341772,0.3224,0.4762,37.0,8.540481193624377,21.0
Bitcoin,2020-10-01,10619.45215,-91.39701172,316.35304925345696,0.2875,50.0,81.0,20.8,178.6999969482422,22.38999938964844,49.349998474121094,27816.90039,5511.100098,26.700000762939453,40.138301849365234,93.70999908447266,1.1726078987121582,461.2675781,0.4084,77.6,1908.4000244140625,38.720001220703125,40.93000030517578,10278.903791255216,40023134100.0,679937,9416443.243,1674944661.581599,0.3331,0.5058,57.0,8.165641975550598,27.0
Bitcoin,2020-10-02,10575.97461,-95.98474609,310.98129127106716,0.2842,50.0,90.0,16.2,178.5399932861328,22.59000015258789,55.50999832,27682.81055,5344.759766,27.62999916,39.67829513549805,93.83999633789062,1.1744946241378784,241.1484375,0.4042,75.8,1900.199951171875,37.04999923706055,39.27000045776367,10298.677141536631,48661453918.0,689077,10232863.851096012,2283910067.2491984,0.2879,0.5023,52.0,7.916529694154072,25.0
Bitcoin,2020-10-03,10549.3291,-101.0538477,295.0405238142052,0.2769,50.0,44.0,10.8,178.82999674479166,22.43666648839193,53.486665088902996,27838.08724333333,5384.836588666667,27.73999913482422,39.85568491617838,93.72999827067058,1.173677881558736,87.81054688,0.4086,41.8,1904.2999674479167,37.77333323160807,39.9433339436849,10342.24430216158,44660271563.0,642826,10855303.17414383,846455550.5,0.2953,0.5054,30.0,7.306622836609695,14.0
Bitcoin,2020-10-04,10669.58301,-104.3067383,284.79537200158336,0.275,50.0,58.0,13.4,179.12000020345053,22.283332824195963,51.46333185780599,27993.36393666667,5424.913411333333,27.849999109648437,40.033074696858726,93.62000020345053,1.172861138979594,151.6083984,0.4108,49.4,1908.3999837239583,38.4966672261556,40.61666742960612,10341.343543167031,71251776995.0,562147,11055916.218426451,634742572.5,0.292,0.5062,41.0,7.313304016049425,20.0
Bitcoin,2020-10-05,10793.33984,-113.775332,275.8033616130774,0.274,50.0,69.0,15.8,179.41000366210938,22.12999916,49.439998626708984,28148.64063,5464.990234,27.959999084472656,40.21046447753906,93.51000213623048,1.1720443964004517,158.9072266,0.4073,69.0,1912.5,39.220001220703125,41.290000915527344,10341.275966558864,47537578009.0,635097,10710768.428353488,1343799081.1799047,0.2887,0.5042,53.0,7.311321708232672,43.0
Bitcoin,2020-10-06,10604.40625,-127.4656055,275.2950857835719,0.2782,50.0,93.0,17.0,177.3000030517578,22.790000915527344,46.599998474121094,27772.75977,5369.149902,29.479999542236328,40.28261947631836,93.83000183105467,1.1792453527450562,268.6875,0.4072,71.8,1901.0999755859375,40.66999816894531,42.650001525878906,10335.27405419932,42623695307.0,692891,10054284.607074086,1385299160.190378,0.3046,0.51,52.0,7.090217132766069,36.0
Bitcoin,2020-10-07,10668.96875,-129.7476367,264.05979226778106,0.2822,50.0,75.0,18.4,177.22000122070312,23.280000686645508,45.5,28303.46094,5468.189941,28.059999465942383,40.72459411621094,93.62999725341795,1.1737639904022217,118.0009766,0.4094,69.2,1883.5999755859375,39.95000076293945,41.99000168,10336.44343194096,37799458436.0,762636,11193916.28524024,1847973952.4246747,0.2851,0.5058,45.0,6.815964037340621,23.0
Bitcoin,2020-10-08,10915.68555,-122.20875,272.56486848972526,0.2744,50.0,76.0,23.0,177.85000610351562,21.959999084472656,41.150001525878906,28425.50977,5490.140137,26.36000061035156,41.05833053588867,93.61000061035156,1.176747441291809,383.1308594,0.4123,72.6,1888.5999755859375,41.189998626708984,43.34000015258789,10338.657673941829,63314794397.0,698982,12084850.91286779,1564119346.8517392,0.2746,0.4962,71.0,6.748485164,57.0
Bitcoin,2020-10-09,11064.45801,-114.5647266,271.36889853063775,0.277,50.0,59.0,16.0,181.0800018310547,22.440000534057617,42.380001068115234,28586.90039,5537.850098,25.0,41.33793640136719,93.05999755859376,1.1767003536224363,255.8212891,0.4106,74.2,1919.5,40.599998474121094,42.849998474121094,10343.51853311925,22799117613.0,714645,10965183.362031735,2052602359.6675017,0.2707,0.4939,61.0,6.630617320025838,34.0
Bitcoin,2020-10-10,11296.36133,-98.49800781,279.5047277650565,0.2863,50.0,47.0,20.2,180.90666707356772,22.513333638509113,42.93333435058594,28670.440103333334,5598.403320666666,25.023333231608074,41.45820236206055,93.06333160400392,1.1783615350723264,385.2705078,0.4168,53.6,1920.5,40.209999084472656,42.47333272298177,10286.511504132624,22877978588.0,631182,11127194.86,1149403530.058942,0.2802,0.4929,43.0,8.017650349,29.0
Bitcoin,2020-10-11,11384.18164,-71.45095703,269.55335770148105,0.2929,50.0,51.0,18.6,180.73333231608072,22.586666742960613,43.48666763305664,28753.979816666666,5658.956543333334,25.046666463216145,41.578468322753906,93.06666564941406,1.1800227165222168,140.1855469,0.4224,58.4,1921.5,39.81999969482422,42.096666971842446,10259.776084147605,19968627060.0,541483,10659930.880493833,651622749.4229141,0.2845,0.4991,35.0,9.336778766905338,36.0
Bitcoin,2020-10-12,11555.36328,-47.19535156,282.99820715137525,0.3017,50.0,79.0,25.0,180.55999755859375,22.65999984741211,44.040000915527344,28837.51953,5719.509766,25.06999969482422,41.698734283447266,93.06999969482422,1.181683897972107,457.78125,0.4289,80.0,1922.5,39.43000030517578,41.720001220703125,10214.797623140874,26163972642.0,658073,11515021.10073398,1519550414.7656412,0.2838,0.505,58.0,11.065246521228712,26.0
Bitcoin,2020-10-13,11425.89941,-37.31732422,279.5082403459199,0.3042,50.0,46.0,20.6,177.72000122070312,23.170000076293945,46.06999969482422,28679.81055,5712.910156,26.06999969482422,41.52735900878906,93.52999877929688,1.1816140413284302,227.7597656,0.435,89.2,1888.5,40.20000076293945,42.45000076293945,10276.349310124118,24241420251.0,732250,12872175.626639746,1713107902.1280882,0.2704,0.4947,53.0,10.958008095269005,53.0
Bitcoin,2020-10-14,11429.50684,-19.77160156,276.12525777656845,0.3104,50.0,74.0,22.4,178.27000427246094,21.87999916,43.529998779296875,28514.0,5695.700195,26.399999618530273,41.247745513916016,93.37999725341795,1.1742188930511477,232.1464844,0.4295,88.8,1901.300048828125,41.040000915527344,43.31999969482422,10265.18682825204,24103426719.0,680468,11605343.496273927,1641335688.119119,0.2811,0.4985,55.0,11.742943571459207,50.0
Bitcoin,2020-10-15,11495.34961,-13.70931641,275.424207,0.3055,50.0,80.0,23.0,178.9199981689453,21.729999542236328,43.83000183105469,28494.19922,5629.669922,26.969999313354492,40.95008850097656,93.86000061035156,1.1743981838226318,266.3105469,0.4314,97.6,1903.199951171875,40.959999084472656,43.15999984741211,10264.391698362546,24487233058.0,743078,11814116.192273524,1656087274.0,0.2806,0.5115,62.0,12.447707867137584,41.0
Bitcoin,2020-10-16,11322.12305,-7.781933594,278.39739422125035,0.3044,50.0,70.0,23.2,178.3000030517578,20.290000915527344,44.060001373291016,28606.31055,5596.689941,27.40999984741211,41.09440612792969,93.68000030517578,1.1707134246826172,317.0488281,0.4351,86.8,1900.800048828125,40.880001068115234,42.93000030517578,10280.24616180964,25635480772.0,712317,11742282.088889891,1735871118.0383928,0.29,0.5206,57.0,12.647036332265438,29.0
Bitcoin,2020-10-17,11358.10156,-9.280214844,265.72015289294677,0.3074,50.0,64.0,18.8,178.3300018310547,20.636667251586914,43.823333740234375,28469.347006666667,5569.950032333333,28.0,41.055320739746094,93.59666697184245,1.170992334683736,100.9160156,0.434,75.2,1902.6667073567708,40.86333465576172,42.826666514078774,10296.421559836816,19130430174.0,586741,11674223.51603316,694375228.5853593,0.2841,0.5328,51.0,12.849219044445912,29.0
Bitcoin,2020-10-18,11483.35938,-2.77640625,256.4388026863077,0.3006,50.0,48.0,17.4,178.36000061035156,20.983333587646484,43.586666107177734,28332.38346333333,5543.210123666667,28.59000015258789,41.0162353515625,93.51333363850911,1.171271244684855,135.78125,0.4208,77.8,1904.5333658854167,40.8466682434082,42.72333272298177,10319.128731128434,18283314340.0,512486,8982105.736832837,564810368.5227593,0.2813,0.5365,43.0,13.093608871428705,27.0
Bitcoin,2020-10-19,11742.03711,-3.433222656,266.0362263783572,0.3011,50.0,83.0,19.2,178.38999938964844,21.329999923706055,43.349998474121094,28195.41992,5516.470215,29.18000030517578,40.977149963378906,93.43000030517578,1.171550154685974,390.8027344,0.4273,108.6,1906.4000244140625,40.83000183105469,42.619998931884766,10309.247524924282,23860769928.0,679146,9776921.355,1621572965.5960057,0.28,0.545,58.0,14.028288491489455,39.0
Bitcoin,2020-10-20,11916.33496,1.137343750000582,269.7791744941888,0.3056,50.0,139.0,37.0,179.25,21.540000915527344,43.849998474121094,28308.78906,5554.259766,29.350000381469727,41.42813873291016,93.06999969482422,1.176885962486267,318.4375,0.4425,83.0,1910.4000244140625,41.459999084472656,43.15999984741211,10300.144244995325,30915821592.0,713764,11710523.407490088,1656442476.473881,0.3051,0.5386,57.0,15.13612823455881,32.0
Bitcoin,2020-10-21,12823.68945,18.22705078,342.1976402669253,0.315,50.0,150.0,52.8,180.6000061035156,22.65999984741211,47.58000183105469,28210.82031,5602.430176,28.649999618530273,41.54539489746094,92.61000061035156,1.1829839944839478,1283.637695,0.446,114.8,1924.5999755859375,40.029998779296875,41.72999954223633,10170.95752864585,43414712626.0,687152,11562043.137415787,2381891958.1275086,0.3095,0.5372,121.0,19.242468777166792,51.0
Bitcoin,2020-10-22,12965.8916,52.95216796875138,349.50495167643066,0.3214,50.0,114.0,33.6,178.8300018310547,21.37999916,46.61000061035156,28363.66016,5583.450195,28.11000061035156,41.536380767822266,92.9499969482422,1.1853959560394287,444.5,0.4675,108.6,1901.0999755859375,40.63999938964844,42.459999084472656,10104.468770739564,34729759598.0,753892,13585268.793336762,3311533243.667978,0.3369,0.5412,80.0,22.310869138768975,65.0
Bitcoin,2020-10-23,12931.53906,107.14712890625016,343.3484874941856,0.3542,37.333333333333336,73.0,28.4,178.63999938964844,21.040000915527344,46.31999969482422,28335.57031,5627.97998,27.549999237060547,41.779911041259766,92.76999664,1.1815024614334106,263.3144531,0.4742,108.0,1902.0,39.849998474121094,41.77000045776367,10112.867515563998,28974975003.0,712518,12640081.09752187,2772642131.3782315,0.3768,0.5322,66.0,24.00634147039552,45.0
Bitcoin,2020-10-24,13108.0625,158.4614843750005,337.34640524013656,0.3588,24.666666666666664,53.0,29.4,178.61000061035156,21.003334045410156,48.563332875569664,28118.840493333333,5601.409993333334,29.186665852864582,41.59951655069987,92.86333211058593,1.1826176643371582,259.3193359,0.4868,98.6,1902.2333170572917,39.41999944051107,41.333333333333336,10120.863205143742,24542317940.0,657714,13768787.568247974,1019815578.520192,0.4171,0.5333,47.0,25.716201132084475,38.0
Bitcoin,2020-10-25,13031.17383,210.98332031249993,343.1875241738768,0.3568,12.0,76.0,22.0,178.5800018310547,20.96666717529297,50.8066660563151,27902.110676666667,5574.840006666666,30.82333246866862,41.419122060139976,92.95666758117187,1.1837328672409055,419.1220703,0.4788,79.4,1902.4666341145833,38.99000040690104,40.89666620890299,10161.885099737045,24406920575.0,547380,10397996.375269836,770092624.1,0.4419,0.5398,54.0,26.679565569376813,40.0
Bitcoin,2020-10-26,13075.24805,249.81703125000055,347.4537752373499,0.3618,10.0,125.0,33.2,178.5500030517578,20.93000030517578,53.04999923706055,27685.38086,5548.27002,32.459999084472656,41.23872756958008,93.0500030517578,1.184848070144653,402.9150391,0.4773,100.4,1902.699951171875,38.560001373291016,40.459999084472656,10269.10635675198,29461458313.0,579939,10435984.482452529,2143577766.8448272,0.4481,0.552,48.0,26.67687496874813,35.0
Bitcoin,2020-10-27,13654.21875,284.47298828124985,372.5521523,0.3588,1.0,173.0,51.0,179.02000427246094,20.40999984741211,50.220001220703125,27463.18945,5659.950195,33.349998474121094,41.41912460327149,92.94000244140624,1.180944323539734,698.8310547,0.4743,138.6,1908.800048828125,39.56999969482422,41.20000076293945,10331.138491405773,33749878156.0,600338,10871089.34394712,1916977068.721834,0.4375,0.5607,72.0,27.798993096197773,45.0
Bitcoin,2020-10-28,13271.28516,293.5435156249987,410.61587974068686,0.3597,5.0,154.0,42.6,176.1300048828125,21.93000030517578,59.61000061035156,26519.94922,5423.52002,40.279998779296875,40.381832122802734,93.41000366210938,1.1784114837646484,905.4443359,0.4871,102.0,1876.199951171875,37.38999938964844,39.119998931884766,10438.87371,35867318895.0,615001,11446509.259696553,2517314639.707993,0.4352,0.6036,50.0,27.69457434308295,44.0
Bitcoin,2020-10-29,13437.88281,305.5292382812495,426.4281941342092,0.3791,8.0,123.0,37.4,175.39999389648438,21.899999618530273,63.380001068115234,26659.10938,5600.040039,37.59000015258789,40.78772735595703,93.95999908447266,1.1748672723770142,631.9882813,0.4891,109.6,1865.5999755859375,36.16999816894531,37.650001525878906,10536.423733156911,56499499598.0,652778,12458484.387886176,2135566368.3007383,0.4397,0.6086,56.0,27.77121218146571,27.0
Bitcoin,2020-10-30,13546.52246,311.9647851562495,432.7774916514085,0.3658,9.333333333333334,125.0,34.0,176.1999969482422,23.260000228881836,68.83999633789062,26501.59961,5294.169922,38.02000045776367,40.32771682739258,94.04000091552734,1.1678695678710938,515.3183594,0.4892,111.2,1877.4000244140625,35.790000915527344,37.459999084472656,10614.888521459758,30581485201.0,635998,12828892.041338578,1893674939.141356,0.4172,0.6049,69.0,28.06957643596063,34.0
Bitcoin,2020-10-31,13780.99512,323.668457,442.6279275155936,0.3715,10.666666666666666,103.0,32.6,176.7699991861979,23.420000076293945,68.13666534526041,26642.75,5297.680013,37.723333994547524,40.49909210205078,94.0433349609375,1.166650414466858,570.6835938,0.4895,85.4,1881.7333577473958,36.130001068115234,37.96333312988281,10687.039845639223,30306464719.0,613906,13341986.845960088,1316281834.8887043,0.378,0.6113,39.0,28.56477430855825,34.0
Bitcoin,2020-11-01,13737.10938,323.87412109374964,427.7013093671584,0.3753,12.0,69.0,30.6,177.34000142415366,23.579999923706055,67.43333435263021,26783.900390000003,5301.190104,37.42666753133138,40.670467376708984,94.04666900634764,1.165431261062622,233.6552734,0.4991,90.2,1886.0666910807292,36.470001220703125,38.46666717529297,10766.005275132076,24453857900.0,592197,13377441.175498055,1188080329.7413285,0.384,0.6075,32.0,28.796018900518284,51.0
Bitcoin,2020-11-02,13550.48926,325.6134179687506,437.5200076936113,0.3815,16.0,80.0,18.2,177.91000366210938,23.739999771118164,66.73000336,26925.05078,5304.700195,37.130001068115234,40.84184265136719,94.0500030517578,1.1642121076583862,565.1630859,0.4857,87.4,1890.4000244140625,36.810001373291016,38.970001220703125,10905.80538688689,30771455468.0,543348,10902576.25650482,1715336327.8298092,0.3961,0.6087,44.0,28.025453976185716,43.0
Bitcoin,2020-11-03,13950.30078,327.0919726562497,453.37858136281767,0.3787,50.0,119.0,25.8,178.9199981689453,23.31999969482422,63.630001068115234,27480.0293,5366.319824,35.54999923706055,41.02224349975586,93.5500030517578,1.1642799377441406,659.5400391,0.5049,97.0,1908.5,37.65999984741211,39.709999084472656,11047.848907814068,29869951617.0,727413,15826226.373946056,3811487630.8471503,0.3856,0.6338,28.0,27.49980486832696,40.0
Bitcoin,2020-11-04,14133.70703,330.1594140625002,466.58689139940213,0.3735,50.0,100.0,27.4,178.82000732421875,20.489999771118164,54.529998779296875,27847.66016,5598.959961,29.56999969482422,42.31208801269531,93.41000366210938,1.176221489906311,638.2949219,0.5199,93.6,1894.5999755859375,39.150001525878906,41.22999954223633,11197.99193110444,35116364962.0,707247,16641138.126188194,1988917620.244285,0.4301,0.6161,19.0,26.93781242957786,29.0
Bitcoin,2020-11-05,15579.84863,354.6566796874995,547.8532155628377,0.3861,50.0,152.0,64.8,182.92999267578125,22.0,53.689998626708984,28390.17969,5718.790039,27.579999923706055,43.03367233276367,92.52999877929688,1.173268199,1604.31543,0.5261,124.8,1945.300048828125,38.790000915527344,40.93000030517578,11223.772459946753,40856321439.0,729209,20893224.438920554,5149644713.046795,0.4368,0.6233,119.0,29.346716548950475,63.0
Bitcoin,2020-11-06,15565.88086,381.0957226562496,557.0492470404922,0.3899,50.0,122.0,57.6,183.19000244140625,21.100000381469727,55.75,28323.40039,5735.939941,24.86000061035156,43.23210906982422,92.23000336,1.1817537546157837,676.5976563,0.5529,123.4,1950.300048828125,37.13999938964844,39.45000076293945,11347.63107762446,39837841971.0,756129,18889243.164551698,3527917034.2895064,0.4648,0.6282,123.0,30.179671643373773,60.0
Bitcoin,2020-11-07,14833.75391,394.3444140624997,611.1094849750999,0.4341,50.0,106.0,43.6,180.4866689046224,21.353333791097004,54.56666692097982,28601.590493333333,5674.956705333333,25.156667073567707,43.33132680257162,92.39667002666667,1.1842695077260335,1313.892578,0.5532,84.6,1917.933349609375,38.18999989827474,40.43333435058594,11613.748362437736,35024953706.0,608746,16132958.559332216,1502513708.7042077,0.4776,0.6363,77.0,28.348784054615212,44.0
Bitcoin,2020-11-08,15479.56738,416.6595703125003,631.2595189724143,0.4339,50.0,89.0,31.0,177.78333536783853,21.60666720072428,53.38333384195963,28879.780596666667,5613.9734696666665,25.453333536783852,43.43054453531901,92.56333669333333,1.1867852608362834,893.2099609,0.5411,95.4,1885.566650390625,39.24000040690104,41.41666793823242,11806.258607737422,26632075029.0,555482,15148276.024686076,1123463511.0622897,0.4746,0.6324,69.0,27.88048312659852,36.0
Bitcoin,2020-11-09,15332.31543,437.80533203125015,651.8557977511704,0.4113,50.0,129.0,36.4,175.0800018310547,21.86000061035156,52.20000076293945,29157.9707,5552.990234,25.75,43.529762268066406,92.73000336,1.1893010139465332,919.6074219,0.5628,131.4,1853.199951171875,40.290000915527344,42.400001525878906,12042.38757840842,34149115566.0,713629,20216887.388651714,2728063355.8702464,0.4848,0.6253,102.0,26.5969249,48.0
Bitcoin,2020-11-10,15290.90234,442.2793164062496,628.5353222421581,0.4296,50.0,92.0,33.0,175.66000366210938,20.459999084472656,49.63999938964844,29420.91992,5414.140137,24.799999237060547,43.03367233276367,92.75,1.182732105255127,325.3691406,0.552,116.2,1875.4000244140625,41.36000061035156,43.61000061035156,12137.607266470695,25574938143.0,684892,16459647.090100149,2632911827.6774883,0.4863,0.6379,101.0,26.764426873291896,53.0
Bitcoin,2020-11-11,15701.33984,453.1991015625008,628.372364,0.424,50.0,87.0,35.2,174.89999389648438,19.13999938964844,49.24000168,29397.63086,5519.970215,23.450000762939453,43.31329727172851,93.04000091552734,1.1818794012069702,626.2539063,0.55,119.6,1860.699951171875,41.45000076293945,43.79999923706055,12202.136165055434,29772374934.0,713744,16020485.034676496,2715135370.0285153,0.4585,0.6424,90.0,27.526855637883045,50.0
Bitcoin,2020-11-12,16276.34375,496.01888671874985,638.5052252368608,0.4236,50.0,169.0,50.6,175.9600067138672,18.979999542236328,50.900001525878906,29080.16992,5485.189941,25.350000381469727,42.98857498168945,92.95999908447266,1.1780297756195068,770.2324219,0.5659,149.8,1872.5999755859375,41.119998931884766,43.529998779296875,12245.946656031543,34175758344.0,721180,17804675.564513773,3262813497.119191,0.4436,0.698,109.0,28.92956325791377,75.0
Bitcoin,2020-11-13,16317.80859,519.4693164062501,626.5423799074422,0.4352,50.0,133.0,50.8,177.16000366210938,17.739999771118164,48.24000168,29479.81055,5500.799805,23.100000381469727,43.59290313720703,92.76000213623048,1.1803393363952637,471.0253906,0.5659,134.2,1885.699951171875,40.130001068115234,42.779998779296875,12310.737788193435,31599492172.0,685725,16032046.443972783,2656697442.1882963,0.4362,0.6969,97.0,29.93088064157182,61.0
Bitcoin,2020-11-14,16068.13867,539.0968750000011,622.4047266551249,0.4506,50.0,104.0,40.0,177.15666707356772,17.929999669392902,47.79000091654948,29636.68685,5504.703125333333,22.883333841959637,43.77330144246419,92.69666798909506,1.1817346811294556,568.6152344,0.5635,101.2,1886.2333170572917,40.53333409627279,43.12666575113932,12463.596216980544,27481710135.0,613373,15597257.884330552,1356685552.903606,0.423,0.6674,84.0,29.60639300876139,42.0
Bitcoin,2020-11-15,15955.58789,546.6213085937507,601.4884013136874,0.4514,50.0,94.0,31.4,177.15333048502603,18.119999567667644,47.340000153098956,29793.56315,5508.606445666666,22.666667302449543,43.95369974772135,92.63333384195964,1.1831300258636475,329.5761719,0.5651,93.8,1886.7666829427083,40.936667124430336,43.47333272298177,12657.60791141472,23653867583.0,555375,15662707.440931926,795037576.2491019,0.4155,0.6904,86.0,28.640944479379744,37.0
Bitcoin,2020-11-16,16716.11133,562.1805469,625.3446287868168,0.4447,50.0,132.0,42.2,177.14999389648438,18.309999465942383,46.88999938964844,29950.43945,5512.509766,22.450000762939453,44.13409805297851,92.56999969482422,1.1845253705978394,935.4755859,0.565,119.6,1887.300048828125,41.34000015258789,43.81999969482422,12715.743738277934,31526766675.0,681273,17711414.833960325,2343880257.789508,0.3925,0.6824,124.0,29.619552104429022,68.0
Bitcoin,2020-11-17,17645.40625,580.2924805,667.7039410163298,0.4412,50.0,184.0,83.6,176.5,17.540000915527344,45.08000183105469,29783.34961,5515.72998,22.709999084472656,44.08899688720703,92.41999816894533,1.1859441995620728,1218.375,0.5758,132.8,1884.5,41.43000030517578,43.75,12773.05877458911,39006849170.0,770689,18324639.99735234,3117390382.4550147,0.3933,0.6815,105.0,31.32309963131722,167.0
Bitcoin,2020-11-18,17804.00586,608.3249414062502,694.3710144258777,0.4617,50.0,191.0,84.2,175.49000549316406,17.670000076293945,46.060001373291016,29438.41992,5540.810059,23.84000015258789,43.93565368652344,92.31999969482422,1.186366319656372,1041.042969,0.5976,140.6,1873.5,41.81999969482422,44.34000015258789,12859.971115122702,49064800278.0,807705,21194109.321156435,4148880836.428013,0.4288,0.6959,109.0,32.58850019469969,155.0
Bitcoin,2020-11-19,17817.08984,641.4684765624988,697.4153839311721,0.4859,50.0,132.0,65.4,175.16000366210938,17.959999084472656,46.34000015258789,29483.23047,5560.649902,23.11000061035156,44.007816314697266,92.29000091552734,1.1847639083862305,736.9921875,0.5958,135.0,1861.0999755859375,41.74000168,44.20000076293945,13002.270859220003,36985055355.0,717377,16988027.064900875,2649430667.646257,0.4695,0.7148,77.0,33.056320240241504,77.0
Bitcoin,2020-11-20,18621.31445,697.4084375000002,719.5594022664455,0.4886,50.0,137.0,61.0,175.69000244140625,17.719999313354492,43.939998626708984,29263.48047,5547.25,23.700000762939453,44.25135422,92.38999938964844,1.1866477727890017,1007.431641,0.6111,154.8,1872.5999755859375,42.150001525878906,44.959999084472656,13061.52323760622,36992873940.0,772326,20641618.88821196,4202034216.731514,0.4683,0.7149,86.0,34.86129079382218,108.0
Bitcoin,2020-11-21,18642.23242,739.9167578124998,703.3238534438423,0.4885,50.0,151.0,64.2,174.5366668701172,18.139999389648438,43.5566660563151,29372.74349,5545.183268333333,23.353333791097004,44.290440878925786,92.43000030517578,1.1866477727890017,492.2617188,0.6216,123.8,1861.0,42.45333480834961,45.326666514078774,13219.846123232866,39650210707.0,663959,20655875.92406429,2261632554.633789,0.5019,0.7058,117.0,35.411380952768546,123.0
Bitcoin,2020-11-22,18370.00195,757.6151367187504,725.7710056532106,0.509,50.0,124.0,41.0,173.38333129882812,18.559999465942383,43.173333485921226,29482.00651,5543.116536666666,23.00666681925456,44.32952753785156,92.47000122070314,1.1866477727890017,1017.583984,0.6256,128.6,1849.4000244140625,42.75666809082031,45.6933339436849,13537.896702584138,41280434226.0,587237,20906345.739519313,1454587916.630766,0.512,0.7009,104.0,33.94262000725076,71.0
Bitcoin,2020-11-23,18364.12109,772.3185937500002,724.6894271244099,0.5096,50.0,123.0,55.0,172.22999572753906,18.979999542236328,42.790000915527344,29591.26953,5541.049805,22.65999984741211,44.368614196777344,92.51000213623048,1.1866477727890017,710.6289063,0.6169,123.6,1837.800048828125,43.060001373291016,46.060001373291016,13842.226020249704,42741112308.0,671932,18011288.39,2703213540.7977214,0.5174,0.7266,138.0,32.47712182,81.0
Bitcoin,2020-11-24,19107.46484,797.9491210937504,760.0412704994521,0.5037,50.0,163.0,78.4,169.58999633789062,20.09000015258789,42.84000015258789,30046.24023,5646.490234,21.63999938964844,44.96391677856445,92.23000336,1.1842728853225708,1219.615234,0.6188,137.4,1804.800048828125,44.90999984741211,47.86000061035156,14101.88336420262,51469565009.0,756417,17683648.930801246,4162955937.5419774,0.533,0.756,194.0,31.86484836778603,118.0
Bitcoin,2020-11-25,18732.12109,800.4661718749994,763.5967768477055,0.5007,50.0,133.0,59.2,169.50999450683594,19.75,43.560001373291016,29872.4707,5712.959961,21.25,44.71135711669922,91.98999786376952,1.1900511980056765,809.8183594,0.6323,133.0,1805.699951171875,45.709999084472656,48.61000061035156,14189.016330993223,43710357371.0,812699,20363512.95999495,3581534995.9039283,0.5403,0.7572,143.0,32.400742334877144,75.0
Bitcoin,2020-11-26,17150.62305,768.7741015625015,888.7148642157265,0.5189,50.0,327.0,74.4,168.64999389648438,19.420000076293945,44.885000228881836,29891.41992,5739.199951,21.045000076293945,44.92332649230957,91.88999938964844,1.1920002698898315,2515.25,0.6211,134.6,1793.7999877929688,45.619998931884766,48.39500045776367,14340.074202358524,61396835737.0,736612,18340061.78604947,3560329146.149023,0.5155,0.7563,123.0,31.405434444185005,45.0
Bitcoin,2020-11-27,17108.40234,736.2149804687506,890.8494888699604,0.509,50.0,152.0,54.0,167.7899932861328,19.09000015258789,46.209999084472656,29910.36914,5765.439941,20.84000015258789,45.13529586791992,91.79000091552734,1.191599726676941,918.5996094,0.6067,110.6,1781.9000244140625,45.529998779296875,48.18000030517578,14647.686088489474,38886494645.0,719237,17988301.561259545,3539855459.565619,0.5268,0.78,95.0,28.932582012921028,55.0
Bitcoin,2020-11-28,17717.41406,715.3833398437491,894.5950331917489,0.4676,50.0,164.0,40.0,167.41666158040366,19.290000279744465,46.596665700276695,29819.79297,5748.946614333333,20.75,44.74142837524414,91.81666819254558,1.193448503812154,943.2871094,0.6008,92.8,1779.8333333333333,45.46666590372721,47.983333587646484,14867.150728516344,32601040734.0,644206,17630656.51384634,1310741286.2452636,0.4975,0.7796,105.0,27.49660792015084,62.0
Bitcoin,2020-11-29,18177.48438,686.7233007812501,882.4462250173383,0.4672,50.0,112.0,35.6,167.04332987467447,19.490000406901043,46.98333231608073,29729.216800000002,5732.453287666666,20.65999984741211,44.34756088256836,91.84333546956381,1.1952972809473674,724.5117188,0.6053,129.0,1777.7666422526042,45.403333028157554,47.78666687011719,15146.182662764168,31133957704.0,589008,18023228.15797287,1353406964.7056353,0.4846,0.7716,92.0,25.69754180234367,48.0
Bitcoin,2020-11-30,19625.83594,689.0020898437506,931.6843015785998,0.4837,50.0,179.0,50.0,166.6699981689453,19.690000534057617,47.369998931884766,29638.64063,5715.959961,20.56999969482422,43.95369338989258,91.87000274658205,1.1971460580825806,1570.941406,0.6008,136.0,1775.699951171875,45.34000015258789,47.59000015258789,15374.295384889592,47728480399.0,623554,14684437.13730185,3302208582.0160117,0.4868,0.7668,120.0,25.251810327510334,80.0
Bitcoin,2020-12-01,18802.99805,704.3216992187499,973.9963324926284,0.4948,50.0,158.0,53.0,170.17999267578125,19.61000061035156,47.810001373291016,29823.91992,5819.470215,20.770000457763672,44.81959533691406,91.30999755859376,1.193816065788269,1524.052734,0.6345,131.8,1814.0999755859375,44.54999923706055,47.41999816894531,15650.30982762976,49633658712.0,841581,21143567.33429405,4627255393.593444,0.5101,0.7882,143.0,23.66866623947733,63.0
Bitcoin,2020-12-02,19201.0918,735.9712109374996,973.0402607520836,0.5297,50.0,124.0,40.4,171.4600067138672,19.420000076293945,45.68000030517578,29883.78906,5833.689941,21.170000076293945,44.88273620605469,91.12000274658205,1.2074378728866575,960.6113281,0.6218,106.4,1825.699951171875,45.279998779296875,48.25,15820.470602335196,37387697139.0,756978,18291019.906802543,2983704874.188316,0.5097,0.7747,111.0,23.207929931332338,56.0
Bitcoin,2020-12-03,19445.39844,763.2299218749995,949.2806885555062,0.5097,50.0,111.0,42.2,172.80999755859375,19.61000061035156,40.95000076293945,29969.51953,5853.200195,21.280000686645508,45.39687728881836,90.70999908447266,1.2114603519439695,640.40625,0.6283,120.4,1836.800048828125,45.63999938964844,48.709999084472656,16005.311887327462,31930317405.0,777633,21762338.78996689,2744199631.0179462,0.5175,0.7202,122.0,22.691601826370135,66.0
Bitcoin,2020-12-04,18699.76563,769.6957812500004,939.6328491943988,0.5189,50.0,135.0,48.6,172.32000732421875,18.950000762939453,38.34000015258789,30218.25977,5855.430176,20.790000915527344,45.86590194702149,90.6999969482422,1.2145650386810305,814.2109375,0.6239,130.2,1835.9000244140625,46.25999832,49.25,16335.506618548116,33872388058.0,729984,19296507.660683624,3109317273.3186707,0.5121,0.7186,100.0,20.343075937804127,60.0
Bitcoin,2020-12-05,19154.23047,761.5048437,913.2487785,0.5247,50.0,102.0,31.6,173.17667134602866,19.230000813802082,38.12000020345052,30168.769533333332,5883.270182333334,20.96000035603841,45.86590194702149,90.72999827067058,1.2137553294499717,570.2558594,0.6214,111.4,1844.5333658854167,46.09333165333334,49.096666971842446,16760.01233,27242455064.0,642981,18632287.72198453,1245963842.4548998,0.5167,0.7395,117.0,17.28132881019741,67.0
Bitcoin,2020-12-06,19345.12109,776.2925390624987,883.2028277970834,0.5071,50.0,96.0,40.4,174.03333536783853,19.510000864664715,37.90000025431315,30119.279296666668,5911.1101886666665,21.12999979654948,45.86590194702149,90.75999959309897,1.2129456202189128,492.6054688,0.623,124.0,1853.1667073567708,45.926664986666665,48.9433339436849,17023.061673112195,25293775714.0,582059,17217876.55490936,1002450424.9438206,0.5158,0.753,94.0,15.73389038275487,61.0
Bitcoin,2020-12-07,19191.63086,774.9541210937496,854.4515934,0.5161,50.0,92.0,31.0,174.88999938964844,19.790000915527344,37.68000030517578,30069.78906,5938.950195,21.299999237060547,45.86590194702149,90.79000091552734,1.212135910987854,480.6855469,0.6341,138.0,1861.800048828125,45.75999832,48.790000915527344,17121.103068785753,26896357742.0,673269,19343628.017927807,2103990331.796725,0.5138,0.7957,128.0,15.444871123055009,60.0
Bitcoin,2020-12-08,18321.14453,746.2184375000015,865.8145655654698,0.5215,50.0,142.0,41.8,175.5,19.86000061035156,37.70000076293945,30173.88086,5934.859863,20.68000030517578,45.883941650390625,90.97000122070312,1.2113136053085327,1013.533203,0.625,131.0,1870.800048828125,45.599998474121094,48.84000015258789,17183.83530774273,31692288756.0,737193,18941288.637713753,3771844232.261542,0.5074,0.7686,125.0,15.026436649780836,65.0
Bitcoin,2020-12-09,18553.91602,734.8817382812485,853.3096747215077,0.5173,50.0,171.0,40.6,172.5,20.260000228881836,39.52000045776367,30068.81055,5816.080078,22.270000457763672,45.48706817626953,91.08999633789062,1.2110936641693115,690.7460938,0.6134,134.2,1834.5999755859375,45.52000045776367,48.86000061035156,17264.945252013098,34420373071.0,748572,17187411.942549206,2599989621.4131374,0.4925,0.7788,122.0,14.521118126022442,61.0
Bitcoin,2020-12-10,18264.99219,687.0656445312525,834.9912381342572,0.4969,50.0,120.0,35.0,172.1699981689453,19.65999984741211,39.70000076293945,29999.25977,5933.899902,22.520000457763672,46.073368072509766,90.79000091552734,1.207875370979309,596.234375,0.6083,119.6,1833.5999755859375,46.779998779296875,50.25,17238.48097027213,25547132265.0,713602,16448918.976491643,3877167092.0,0.4795,0.7848,95.0,14.628025218396596,44.0
Bitcoin,2020-12-11,18058.9043,629.1855078125009,821.7004298300245,0.5026,50.0,154.0,40.0,172.49000549316406,19.239999771118164,39.50999832,30046.36914,5926.359863,23.309999465942383,45.74864959716797,90.98000336,1.2144293785095217,648.9199219,0.6066,107.0,1839.800048828125,46.56999969482422,49.970001220703125,17189.42156289471,27919640985.0,711679,16978667.126258247,2913875514.564554,0.4893,0.7611,122.0,14.86525376925804,49.0
Bitcoin,2020-12-12,18803.65625,592.4624218750014,825.4010966725227,0.4957,50.0,99.0,33.6,172.17333475748697,19.303333282470703,39.65999857482422,29984.76302,5947.599934666667,23.779999415079754,45.66936365763346,90.89000193482421,1.2140663862228396,873.5097656,0.6032,101.2,1836.1000162760417,46.71000035654948,50.07666778564453,17210.705017515174,21752580802.0,654893,16396977.01721114,1929697457.1383855,0.4714,0.7719,84.0,14.852211819121448,55.0
Bitcoin,2020-12-13,19142.38281,581.5666796874993,812.6726701244853,0.4899,50.0,99.0,29.6,171.8566640218099,19.366666793823242,39.809998829648436,29923.1569,5968.840006333333,24.24999936421712,45.59007771809896,90.80000050964844,1.2137033939361572,647.203125,0.6246,89.2,1832.3999837239583,46.85000101827474,50.18333435058594,17233.647095902998,25450468637.0,611911,19661607.518971115,3450322095.0157766,0.4809,0.7782,107.0,14.992642520656103,59.0
Bitcoin,2020-12-14,19246.64453,573.1244726562509,775.5096669013077,0.5084,50.0,121.0,30.8,171.5399932861328,19.43000030517578,39.959999084472656,29861.55078,5990.080078,24.719999313354492,45.51079177856445,90.70999908447266,1.213340401649475,292.390625,0.6258,109.2,1828.699951171875,46.99000168,50.290000915527344,17229.818053063278,22473997681.0,696656,18516458.62899195,2685900126.0,0.5168,0.7716,94.0,15.102813212176338,71.0
Bitcoin,2020-12-15,19417.07617,591.1349804687488,751.9136918101428,0.5165,50.0,112.0,40.6,173.94000244140625,19.75,39.34000015258789,30199.31055,6119.370117,22.88999938964844,46.00290298461914,90.47000122070312,1.214889645576477,445.1660156,0.6238,117.0,1852.300048828125,47.619998931884766,50.75999832,17223.73370396368,26741982541.0,722550,18584575.835623957,3108771396.732216,0.5222,0.7444,132.0,15.50713044384023,74.0
Bitcoin,2020-12-16,21310.59766,642.4023046875009,852.5335564576326,0.5195,50.0,203.0,75.0,174.89999389648438,19.38999938964844,38.68000030517578,30154.53906,6167.779785,22.5,46.22161865234375,90.4499969482422,1.2154301404953003,2160.591797,0.6313,155.8,1856.0999755859375,47.81999969482422,51.08000183105469,17190.27835656993,44409011479.0,751162,19816346.525156554,4228699631.5529056,0.5148,0.7506,161.0,17.894137979756845,72.0
Bitcoin,2020-12-17,22805.16211,715.6374999999971,963.6371864,0.5229,50.0,238.0,120.2,176.74000549316406,20.100000381469727,36.86000061035156,30303.36914,6225.459961,21.93000030517578,46.52233887,89.81999969482422,1.2199585437774658,2407.984375,0.6494,172.8,1887.199951171875,48.36000061035156,51.5,16931.85795415565,71378606374.0,754492,22338873.247198086,5540206537.115145,0.5437,0.7402,160.0,23.297669400721993,144.0
Bitcoin,2020-12-18,23137.96094,788.9526562499996,954.7194632,0.5659,50.0,157.0,70.6,176.44000244140625,19.579999923706055,37.150001525878906,30179.05078,6270.700195,21.56999969482422,46.46766281,90.01999664,1.226271629333496,838.7890625,0.6818,150.2,1885.699951171875,49.099998474121094,52.25999832,16709.641768422982,40387896275.0,851929,27241477.87548204,6176614857.997192,0.5948,0.7316,160.0,28.04853004,78.0
Bitcoin,2020-12-19,23869.83203,871.1094335937487,976.4811310267562,0.5949,50.0,129.0,60.6,176.25333658854166,19.65333302815755,38.620001475016274,30191.516926666667,6253.246744666667,22.766666412353516,46.23983764563151,90.02666473184244,1.224718689918518,1259.382813,0.6966,132.4,1883.5332845052083,48.646666209414064,51.80999882913737,16445.504396716675,38487546580.0,756109,25884376.309846204,2768897617.388285,0.6452,0.7543,149.0,33.20919330653252,96.0
Bitcoin,2020-12-20,23477.29492,938.1988671875006,982.5859944355594,0.5998,50.0,135.0,53.4,176.0666707356771,19.72666613260905,40.09000142415365,30203.983073333333,6235.7932943333335,23.963333129882812,46.01201248126302,90.0333328236849,1.22316575050354,1061.949219,0.7022,126.0,1881.3666178385417,48.19333394470703,51.35999933827474,16252.538057996197,37844228422.0,638816,24027162.60963906,2436345570.703207,0.6523,0.7625,147.0,36.76036471467452,83.0
Bitcoin,2020-12-21,22803.08203,966.3907421874974,1048.1595115740909,0.6152,50.0,187.0,57.6,175.8800048828125,19.799999237060547,41.560001373291016,30216.44922,6218.339844,25.15999984741211,45.78418731689453,90.04000091552734,1.221612811088562,1900.615234,0.6949,135.8,1879.199951171875,47.74000168,50.90999984741211,16283.636484093367,45852713981.0,649848,23298120.991149504,3918912338.912008,0.6517,0.7652,150.0,38.07441989865386,73.0
Bitcoin,2020-12-22,23783.0293,980.3640039,1070.3836089616557,0.6088,50.0,135.0,49.6,174.49000549316406,19.5,42.060001373291016,30015.50977,6191.359863,24.229999542236328,45.41966629,90.65000153,1.223690629005432,1359.296875,0.6937,161.0,1866.5999755859375,47.02000045776367,50.08000183105469,16221.075996151048,44171632681.0,738842,23995220.12075107,6418279942.846496,0.6601,0.7682,99.0,40.51320365435792,59.0
Bitcoin,2020-12-23,23241.3457,972.1833398,1081.2021904643946,0.5972,50.0,175.0,50.2,175.64999389648438,18.87000084,39.88999938964844,30129.83008,6166.0,23.309999465942383,45.884429931640625,90.41000366210938,1.2186651229858398,1221.84375,0.7108,162.8,1874.699951171875,48.119998931884766,51.20000076293945,16247.040714311675,51146161904.0,782736,26038110.232698537,6427851084.363599,0.682,0.8205,124.0,41.73461300137201,72.0
Bitcoin,2020-12-24,23735.94922,957.7619921875012,1074.740622172295,0.613,50.0,124.0,36.2,176.35000610351562,18.989999771118164,39.40999984741211,30199.86914,6088.240234,21.530000686645508,45.68394088745117,90.33000183105467,1.2191405296325684,990.7402344,0.703,166.8,1879.9000244140625,48.22999954223633,51.290000915527344,16369.029812589688,41080759713.0,639280,20751169.501283977,4019021845.006808,0.6951,0.8532,111.0,42.478235704339426,69.0
Bitcoin,2020-12-25,24664.79102,945.5348437499996,1087.0039873296312,0.6043,50.0,85.0,33.4,176.19000625610352,19.292500019073486,39.47499942779541,30250.894529999998,6112.61022925,21.572500705718994,45.71583843231201,90.33250045776366,1.2184720039367676,1246.427734,0.7138,113.4,1879.2250061035156,48.07749938964844,51.1825008392334,16404.28032904124,42068395846.0,662980,23792132.986943316,2352003684.944295,0.6887,0.8552,101.0,44.20443501174105,66.0
Bitcoin,2020-12-26,26437.03711,981.6385156,1166.1737639043004,0.612,50.0,179.0,78.8,176.0300064086914,19.59500026702881,39.53999900817871,30301.91992,6136.9802245,21.61500072479248,45.74773597717285,90.33499908447264,1.2191511789957683,2195.380859,0.7208,170.8,1878.5499877929688,47.92499923706055,51.07500076293945,16279.232718950336,48332647295.0,627843,23722327.94400382,2615234142.573132,0.6462,0.8727,123.0,47.95228773052268,171.0
Bitcoin,2020-12-27,26272.29492,1005.7585351562484,1251.8806602325644,0.6299,50.0,254.0,101.0,175.8700065612793,19.89750051498413,39.60499858856201,30352.94531,6161.35021975,21.657500743865967,45.77963352203369,90.33749771118164,1.2198303540547688,2366.070313,0.7396,193.4,1877.8749694824219,47.772499084472656,50.96750068664551,16327.478572897438,66479895605.0,696527,27533619.892242473,4714768342.628513,0.6533,0.8626,176.0,49.981967884470905,235.0
Bitcoin,2020-12-28,27084.80859,1052.0424609374968,1246.8513775820245,0.6617,50.0,174.0,72.2,175.7100067138672,20.200000762939453,39.66999816894531,30403.9707,6185.720215,21.700000762939453,45.81153106689453,90.33999633789062,1.2205095291137695,1181.470703,0.7461,162.2,1877.199951171875,47.619998931884766,50.86000061035156,16539.496557822138,49056742893.0,717073,29968235.311181773,8026930076.872239,0.6618,0.8459,110.0,51.03268707753321,133.0
Bitcoin,2020-12-29,27362.4375,1100.6000585937509,1256.6064131118796,0.6607,50.0,160.0,59.6,176.35000610351562,19.530000686645508,38.63999938964844,30335.66992,6234.899902,23.079999923706055,46.49500274658203,90.01000213623047,1.2223445177078247,1383.421875,0.7547,194.8,1879.699951171875,48.0,51.09000015258789,16816.72918399454,45265946774.0,775919,28221057.092363108,5504342175.362542,0.7029,0.8626,124.0,51.48144534627613,134.0
Bitcoin,2020-12-30,28840.95313,1189.902226562499,1279.5381257913884,0.6707,50.0,177.0,63.4,177.6999969482422,20.059999465942383,38.00999832,30409.56055,6316.069824,22.770000457763672,47.11469650268555,89.62999725341797,1.225295066833496,1577.650391,0.7663,188.8,1891.0,48.400001525878906,51.34000015258789,17116.836291733314,51287442704.0,807268,33896444.42080255,5840540994.996465,0.7126,0.8486,138.0,52.28037049029573,124.0
Bitcoin,2020-12-31,29001.7207,1238.4867187500022,1262.6343143509323,0.6737,50.0,173.0,69.4,178.36000061035156,20.790000915527344,37.83000183105469,30606.48047,6311.959961,22.75,47.08735275268555,89.94000244140625,1.2299896478652954,1042.884766,0.7764,207.0,1893.0999755859375,48.52000045776367,51.79999923706055,17634.43199379163,46754964848.0,809871,33284139.091827303,5636631338.131147,0.7229,0.8554,129.0,51.32363016022323,146.0
Bitcoin,2021-01-01,29374.15234,1271.672070312503,1229.377650156223,0.6994,50.0,122.0,59.2,179.35250091552734,21.0575008392334,38.90250110626221,30510.83301,6299.1224365,23.804999828338623,47.16253662109375,89.92500114440918,1.218026876449585,797.0410156,0.7779,159.6,1905.9999694824219,48.295000076293945,51.62249946594238,18127.380817532205,40730301359.0,609741,29068047.02881674,4343208402.410698,0.7268,0.8766,118.0,50.498464694415055,105.0
Bitcoin,2021-01-02,32127.26758,1355.756425781252,1431.8460713504212,0.7018,50.0,243.0,129.8,180.34500122070312,21.325000762939453,39.97500038146973,30415.185550000002,6286.284911999999,24.859999656677246,47.23772048950195,89.90999984741211,1.2203745047251384,4063.935547,0.7908,216.2,1918.8999633789062,48.06999969482422,51.44499969482422,18342.52866065385,67865420765.0,711719,31908499.940662753,6152237015.4746895,0.7413,0.9145,161.0,52.66851103310894,232.0
Bitcoin,2021-01-03,32782.02344,1449.4316796874991,1512.1600796468197,0.707,50.0,249.0,137.8,181.3375015258789,21.592500686645504,41.047499656677246,30319.538090000002,6273.447387499999,25.91499948501587,47.312904357910156,89.89499855041504,1.2227221330006917,2556.242188,0.8141,223.6,1931.7999572753906,47.84499931335449,51.267499923706055,18706.287116557367,78665235202.0,812749,35922359.22404933,5847742860.0,0.7627,0.9103,198.0,53.72251559176239,178.0
Bitcoin,2021-01-04,31971.91406,1498.7571874999994,1741.1102804309755,0.7456,50.0,287.0,92.4,182.3300018310547,21.86000061035156,42.119998931884766,30223.89063,6260.609863,26.969999313354492,47.38808822631836,89.87999725341797,1.2250697612762451,4717.462891,0.8288,190.8,1944.699951171875,47.619998931884766,51.09000015258789,19405.97461325959,81163475344.0,851667,39752808.81415808,7503147813.225784,0.7845,0.9175,165.0,51.886434891428344,139.0
Bitcoin,2021-01-05,33992.42969,1578.2759374999987,1917.9168563823343,0.7628,50.0,204.0,71.4,182.8699951171875,22.13999938964844,40.38999938964844,30391.59961,6314.459961,25.34000015258789,48.52723312,89.44000244140625,1.2251598834991455,4216.402344,0.8204,199.8,1952.699951171875,49.93000030517578,53.599998474121094,19630.690255707712,67547324782.0,845343,35314776.48318403,6775407806.433055,0.7894,0.9171,122.0,53.711233261316934,142.0
Bitcoin,2021-01-06,36824.36328,1699.8989062499968,2021.327371105025,0.7422,50.0,202.0,83.2,179.89999389648438,21.700000762939453,39.310001373291016,30829.40039,6140.529785,25.06999969482422,48.11714172363281,89.52999877929688,1.230027437210083,3365.664063,0.8443,173.8,1906.9000244140625,50.630001068115234,54.29999923706055,19373.753144544906,75289433811.0,924851,43004565.11013959,7549976673.166344,0.7903,0.9463,141.0,59.30071344225665,213.0
Bitcoin,2021-01-07,39371.04297,1815.0504687499997,2140.4594004010946,0.7727,50.0,309.0,114.8,179.47999572753906,20.65999984741211,36.060001373291016,31041.13086,6296.709961,22.37000084,48.57278823852539,89.83000183105469,1.2341108322143557,3689.175781,0.863,210.6,1912.300048828125,50.83000183105469,54.380001068115234,18961.31705140788,84762141031.0,940647,45226287.01495596,9896769612.735806,0.8,0.9464,166.0,66.23828690883475,373.0
Bitcoin,2021-01-08,40797.60938,1940.3831640624992,2352.4338405510166,0.8064,50.0,271.0,104.6,173.33999633789062,22.15999984741211,36.650001525878906,31097.9707,6486.700195,21.559999465942383,49.85773849487305,90.09999847,1.227144479751587,5108.101563,0.8776,202.8,1834.0999755859375,52.24000168,55.99000168,18601.676655653588,88107519480.0,883788,42358095.25666046,8838843563.0,0.8342,0.9497,156.0,72.57937487355832,218.0
Bitcoin,2021-01-09,40254.54688,2052.7212890625015,2359.794034975944,0.837,50.0,172.0,83.8,173.2266642252604,21.656666437784832,36.20333480834961,31068.210283333334,6402.436848666667,22.399999618530273,49.632948557535805,90.24666595184244,1.224303166071574,2455.476563,0.8904,170.2,1839.2666422526042,52.24333445333333,55.88000106913737,18750.70710847366,61984162837.0,760179,40693122.11401789,5814286455.439408,0.8494,0.9935,152.0,75.14569352085807,123.0
Bitcoin,2021-01-10,38356.44141,2101.4791015625015,2579.4917824776617,0.8545,50.0,257.0,94.6,173.11333211263022,21.15333302815755,35.75666809082031,31038.44986666667,6318.173502333333,23.239999771118164,49.40815862019857,90.3933334336849,1.221461852391561,5435.5625,0.8957,190.2,1844.4333089192708,52.246667226666666,55.77000045827474,19485.790330058873,79980747690.0,768365,43171347.77742759,4278195465.100052,0.8561,1.0,156.0,73.52559354641564,129.0
Bitcoin,2021-01-11,35566.65625,2061.8330468750028,2952.873926363186,0.8497,50.0,540.0,141.6,173.0,20.649999618530273,35.310001373291016,31008.68945,6233.910156,24.079999923706055,49.18336868286133,90.54000091552734,1.218620538711548,7796.931641,0.8757,203.0,1849.5999755859375,52.25,55.65999984741211,20377.247217486707,123321000000.0,801285,37697672.105572425,6926936905.870075,0.8543,0.9795,286.0,70.22097132095656,130.0
Bitcoin,2021-01-12,33922.96094,1941.669102,3018.4222731408154,0.8262,50.0,298.0,83.0,174.1199951171875,20.010000228881836,33.849998474121094,31068.68945,6284.470215,23.329999923706055,49.66636276245117,90.05000305175781,1.2160701751708984,3870.550781,0.8578,178.4,1842.9000244140625,53.209999084472656,56.58000183105469,21526.80658145312,74773277909.0,796457,38534703.86316562,7357383072.698131,0.8465,1.0,143.0,65.19235128,107.0
Bitcoin,2021-01-13,37316.35938,1846.2366015625012,3161.0558942557573,0.7886,50.0,264.0,75.8,173.3699951171875,18.799999237060547,36.790000915527344,31060.4707,6348.299805,22.209999084472656,49.77571487426758,90.31999969482422,1.220889449119568,5015.292969,0.8506,218.0,1853.5999755859375,52.90999984741211,56.060001373291016,22673.003292171925,69364315979.0,772596,37493720.35220138,5277220346.7589445,0.8381,1.0,125.0,60.970441732346934,136.0
Bitcoin,2021-01-14,39187.32813,1822.6760937500003,3156.540741094632,0.7685,50.0,245.0,63.8,173.27999877929688,19.209999084472656,37.95000076293945,30991.51953,6320.859863,23.25,50.24048614501953,90.23999786376952,1.2162491083145142,3097.84375,0.8657,214.8,1850.300048828125,53.56999969482422,56.41999816894531,23711.664810230617,63615990033.0,802110,42518141.32,8352711917.0,0.8291,1.0,123.0,57.76791904395847,145.0
Bitcoin,2021-01-15,36825.36719,1821.8867968749985,3282.367909141444,0.8146,50.0,250.0,75.2,171.1300048828125,19.040000915527344,40.38999938964844,30814.25977,6244.200195,24.34000015258789,49.529666900634766,90.77999877929688,1.2151259183883667,4918.121094,0.8769,176.0,1829.300048828125,52.36000061035156,55.099998474121094,24666.06253819518,67760757881.0,808283,41733817.69406035,6530346131.6429825,0.805,1.0,156.0,54.31262637406441,107.0
Bitcoin,2021-01-16,36178.14063,1859.348477,3207.256808488484,0.8355,50.0,142.0,49.0,171.49250411987305,18.99750089664551,39.13499927520752,30843.32471,6280.2052,24.06500005722046,49.73471069297607,90.70999908447266,1.2123543818791707,2230.8125,0.8596,158.6,1831.8500366210938,52.515000343322754,55.29999923706055,25805.265389086213,57706187875.0,733398,38126679.70239878,2570302174.9651437,0.7734,1.0,119.0,49.78129149277202,124.0
Bitcoin,2021-01-17,35791.27734,1909.6489453124996,3167.669268596449,0.8076,50.0,144.0,46.4,171.8550033569336,18.95500087776367,37.8799991607666,30872.38965,6316.210205,23.789999961853027,49.93975448531739,90.63999938964844,1.2095828453699748,2653.03125,0.8432,116.8,1834.4000244140625,52.670000076293945,55.5,26905.069504560775,52359854336.0,642730,31937013.52,2561329124.5043206,0.7444,1.0,104.0,45.33871878574343,73.0
Bitcoin,2021-01-18,36630.07422,1914.5228515624983,3113.938707000274,0.8012,50.0,167.0,45.4,172.21750259399414,18.912500858881835,36.624999046325684,30901.45459,6352.21521,23.514999866485596,50.144798277658694,90.56999969482422,1.2068113088607788,2415.441406,0.8454,145.0,1836.9500122070312,52.82499980926514,55.70000076293945,28115.336117728926,49511702429.0,720228,36250411.753908925,3849376580.2371182,0.7326,0.9963,92.0,40.50584281072595,81.0
Bitcoin,2021-01-19,36069.80469,1834.2980859374984,3011.949223,0.8,50.0,137.0,41.4,172.5800018310547,18.87000084,35.369998931884766,30930.51953,6388.220215,23.239999771118164,50.34984207,90.5,1.207729458808899,1686.085938,0.8454,155.4,1839.5,52.97999954223633,55.900001525878906,29108.294534237808,57244195486.0,757920,38439879.37535342,7509307340.108117,0.7202,0.9669,128.0,36.54864790362423,107.0
Bitcoin,2021-01-20,35547.75,1775.698242,2997.370819,0.8068,50.0,204.0,57.8,175.38999938964844,18.950000762939453,35.66999816894531,31188.38086,6693.02002,21.579999923706055,51.23381423950195,90.47000122070312,1.213886857032776,2807.851563,0.8425,160.8,1865.9000244140625,53.24000168,56.08000183105469,30183.812434464176,66834573161.0,755823,34297105.93950238,5094690668.0,0.7248,1.0,105.0,32.052653443346976,79.0
Bitcoin,2021-01-21,30825.69922,1626.7956249999988,3161.9821668520776,0.8027,67.0,336.0,70.6,175.27999877929688,18.850000381469727,35.04999923706055,31176.00977,6702.5,21.31999969482422,51.324947357177734,90.12999725341795,1.2115631103515625,5301.929688,0.8267,186.6,1865.300048828125,53.130001068115234,56.099998474121094,30560.79853340986,75643067688.0,736588,30287474.72314571,4661464273.179369,0.7166,1.0,127.0,30.29770077478086,65.0
Bitcoin,2021-01-22,33005.76172,1536.5256249999984,3283.160477478715,0.7936,67.0,302.0,78.8,173.89999389648438,18.420000076293945,36.25,30996.98047,6704.160156,21.90999984741211,50.87840652,90.23999786376952,1.2166293859481812,4858.478516,0.8027,139.6,1855.699951171875,52.27000045776367,55.40999984741211,30717.71121935438,77207272511.0,783335,31865792.14322756,5354605407.599176,0.6894,1.0,123.0,29.634144726068868,76.0
Bitcoin,2021-01-23,32067.64258,1434.8313671875003,3182.064472,0.7325,67.0,144.0,52.2,173.9499969482422,18.450000127156574,36.84000015258789,30984.653646666666,6723.250162666666,22.336666742960613,51.00598907160156,90.28999837239583,1.216734488805135,1867.816406,0.8125,105.0,1855.4333089192708,52.436667124430336,55.56666692097982,30586.102404571535,48354737975.0,710703,33751644.506897256,2103201286.0037167,0.6832,0.9929,78.0,30.195875985455984,46.0
Bitcoin,2021-01-24,32289.37891,1368.6549609374997,3086.0114576219535,0.7607,67.0,195.0,46.2,174.0,18.480000178019207,37.43000030517578,30972.326823333333,6742.3401693333335,22.763333638509113,51.133571623203125,90.33999888102213,1.216839591662089,1837.322266,0.8035,125.0,1855.1666666666667,52.60333379109701,55.723333994547524,30647.72337804988,48643830599.0,608849,30284997.15879116,1966307038.6473136,0.6821,0.9883,96.0,29.928712359823084,68.0
Bitcoin,2021-01-25,32366.39258,1294.1853515625007,3059.507430515028,0.7477,64.0,172.0,52.0,174.0500030517578,18.510000228881836,38.02000045776367,30960.0,6761.430176,23.190000534057617,51.26115417480469,90.38999938964844,1.216944694519043,2714.955078,0.804,136.8,1854.9000244140625,52.77000045776367,55.880001068115234,30398.922781257123,59897054838.0,732867,33137293.92,3905630182.601754,0.6754,0.9933,84.0,30.927969257150885,117.0
Bitcoin,2021-01-26,32569.84961,1329.2575781250016,2966.9915537818115,0.7505,37.0,179.0,47.0,173.6199951171875,17.87999916,37.130001068115234,30937.03906,6790.950195,23.020000457763672,50.88751602172851,90.16999816894533,1.214624047279358,1764.285156,0.81,155.4,1850.699951171875,52.61000061035156,55.90999984741211,30011.997117638428,60255421470.0,768537,35209827.729441255,4228927064.0523696,0.6674,0.9848,97.0,32.08664452,79.0
Bitcoin,2021-01-27,30432.54688,1300.2783593750028,2983.828652618825,0.7537,55.0,243.0,54.0,172.52000427246094,18.469999313354492,40.209999084472656,30303.16992,6559.02002,37.209999084472656,49.47499465942383,90.65000153,1.216299295425415,3196.890625,0.7965,156.0,1844.9000244140625,52.849998474121094,55.810001373291016,29374.431832351063,62576762015.0,787548,30148573.701184303,5425004803.729349,0.6348,0.9702,101.0,33.5729985,77.0
Bitcoin,2021-01-28,33466.09766,1331.1644531250022,3044.6341394853375,0.7569,44.0,196.0,57.2,172.67999267578125,19.37999916,40.45000076293945,30603.35938,6594.180176,30.209999084472656,49.821285247802734,90.45999908447266,1.2105072736740112,3835.105469,0.7782,162.8,1837.9000244140625,52.34000015258789,55.529998779296875,29529.43876305723,76517157706.0,767142,32031715.884661224,4988231552.939995,0.6323,0.8881,154.0,30.939152712228665,87.0
Bitcoin,2021-01-29,34316.38672,1389.489375000001,3280.1207913524563,0.7241,45.0,259.0,134.2,172.61000061035156,20.63999938964844,40.20000076293945,29982.61914,6429.689941,33.09000015258789,48.581905364990234,90.58000183105467,1.2120037078857422,6341.447266,0.8015,256.2,1847.300048828125,52.20000076293945,55.880001068115234,29813.23925232018,117895000000.0,888960,39455373.63302356,8288844085.460961,0.6411,0.9229,310.0,27.851215957846975,242.0
Bitcoin,2021-01-30,34269.52344,1453.2763281250009,3181.1492727737095,0.7692,46.0,301.0,121.2,173.1499989827474,21.029999415079754,39.85333379109701,30059.049479999998,6497.516601333333,32.14000002543131,49.01933161417643,90.72666676736978,1.2121310631434123,1894.519531,0.8091,226.6,1851.800048828125,52.65000025431315,56.03666687011719,29920.35035037882,65141828798.0,756022,33651946.62402073,3416568799.0388236,0.6673,0.9036,212.0,26.20740477,227.0
Bitcoin,2021-01-31,33114.35938,1471.9260156249984,3098.078342575587,0.778,47.0,183.0,87.0,173.68999735514322,21.41999944051107,39.506666819254555,30135.47982,6565.343261666667,31.18999989827474,49.45675786336263,90.8733317036849,1.2122584184010823,2018.15625,0.8109,182.6,1856.300048828125,53.09999974568685,56.19333267211914,29794.42836305013,52754542671.0,702062,33412205.26586177,3119627987.413366,0.6773,0.9052,205.0,26.320342305201315,161.0
Bitcoin,2021-02-01,33537.17578,1517.5938281249985,3037.786055829117,0.7805,57.0,200.0,88.4,174.22999572753906,21.809999465942383,39.15999984741211,30211.91016,6633.169922,30.239999771118164,49.89418411254883,91.01999664,1.2123857736587524,2253.986328,0.7959,210.4,1860.800048828125,53.54999923706055,56.349998474121094,29765.41060859781,61400400660.0,724841,30096215.73409861,4586348228.014149,0.6861,0.9071,173.0,26.391890116665728,177.0
Bitcoin,2021-02-02,35510.28906,1544.6230859374991,2992.777342019894,0.7644,56.0,180.0,68.0,172.11000061035156,19.61000061035156,38.619998931884766,30687.48047,6739.720215,25.559999465942383,50.54122543334961,91.1999969482422,1.2068694829940796,2407.664063,0.8132,170.8,1830.5,54.75999832,57.459999084472656,29851.62644995665,63088585433.0,865515,38671645.45825114,4346023783.550835,0.691,0.9092,153.0,25.42930092859524,176.0
Bitcoin,2021-02-03,37472.08984,1584.695469,2924.450612232759,0.77,58.0,159.0,83.6,171.85000610351562,18.450000762939453,37.11000061035156,30723.59961,6773.830078,22.90999984741211,50.796390533447266,91.12000274658205,1.203905463218689,2036.203125,0.8227,209.8,1832.199951171875,55.689998626708984,58.459999084472656,30108.54012893143,61166818159.0,836448,39131400.43937232,4985868433.536457,0.7003,0.8629,157.0,23.48424295390694,187.0
Bitcoin,2021-02-04,36926.06641,1572.7924609375004,2878.038124305419,0.7963,65.0,181.0,81.4,168.14999389648438,19.299999237060547,35.369998931884766,31055.85938,6862.700195,21.770000457763672,50.81460952758789,91.52999877929688,1.2042388916015625,2274.675781,0.8465,187.4,1788.9000244140625,56.22999954223633,58.84000015258789,30099.72788,68838074392.0,895626,43879560.21728376,6269136960.242841,0.7023,0.9197,181.0,23.56194672976544,239.0
Bitcoin,2021-02-05,38144.30859,1593.361328,2784.402867658603,0.8204,66.33333333333333,183.0,82.8,169.80999755859375,18.700000762939453,34.939998626708984,31148.24023,6915.109863,20.87000084,51.25204086303711,91.04000091552734,1.1966731548309326,1567.144531,0.8504,184.0,1810.9000244140625,56.849998474121094,59.34000015258789,29915.20732223919,58598066402.0,856297,45671119.753917314,6157892770.648826,0.7117,0.9281,218.0,25.147371086429462,182.0
Bitcoin,2021-02-06,39266.01172,1628.026484375001,2778.956959700846,0.8143,67.66666666666667,207.0,96.2,170.37999979654947,18.61666742960612,34.78666559855143,31227.41341,6937.226562333333,20.99333381703939,51.28241729736328,91.00333404541016,1.1994078954060872,2708.160156,0.8559,186.0,1817.9000244140625,57.22333272298177,59.7466672261556,29596.36136,71326033653.0,795079,45346981.332109064,4577756277.630126,0.7181,0.9289,286.0,27.88490497491952,208.0
Bitcoin,2021-02-07,38903.44141,1603.425781,2735.8660049900714,0.8248,69.0,223.0,84.2,170.95000203450522,18.533334096272785,34.63333257039388,31306.58659,6959.343261666666,21.116666794078775,51.31279373168945,90.96666717529297,1.202142635981242,2175.683594,0.857,176.2,1824.9000244140625,57.596666971842446,60.153334299723305,29405.054167710543,65500641143.0,718596,41085629.48255814,3515624989.356609,0.7143,0.9055,271.0,29.560761529420997,270.0
Bitcoin,2021-02-08,46196.46484,1696.7089062500015,3120.9902524014947,0.8393,73.0,303.0,157.4,171.52000427246094,18.450000762939453,34.47999954223633,31385.75977,6981.459961,21.239999771118164,51.343170166015625,90.93000030517578,1.2048773765563965,8127.605469,0.8652,312.2,1831.9000244140625,57.970001220703125,60.560001373291016,27811.88409361006,101467000000.0,822971,48670642.79997875,8364117755.063738,0.7207,0.9109,264.0,41.12652207331466,361.0
Bitcoin,2021-02-09,46481.10547,1857.9599999999955,3100.6882142835307,0.8345,74.0,321.0,146.8,172.0800018310547,18.350000381469727,33.540000915527344,31375.83008,7057.040039,21.62999916,51.88995742797851,90.44000244140624,1.2053595781326294,2836.761719,0.8996,291.6,1835.300048828125,58.36000061035156,61.09000015258789,26789.303439690902,91809846886.0,903883,51636507.497528024,10834628125.018215,0.7432,0.9429,264.0,49.32065275437763,321.0
Bitcoin,2021-02-10,44918.18359,1973.8801562499975,3112.3829177275643,0.9098,75.0,294.0,117.6,172.7100067138672,18.56999969482422,33.77000045776367,31437.80078,7169.700195,21.989999771118164,52.07221984863281,90.37000274658205,1.2119992971420288,3264.414063,0.916,257.8,1840.5999755859375,58.68000030517578,61.470001220703125,26884.58985141627,87301089896.0,861426,49429153.26156691,7305646115.878271,0.8024,0.9718,264.0,51.72298754899736,247.0
Bitcoin,2021-02-11,47909.33203,2144.6788671874965,3195.477497264881,0.9126,78.0,256.0,104.6,171.2100067138672,18.309999465942383,34.33000183105469,31430.69922,7212.859863,21.25,52.628116607666016,90.41999816894533,1.2121212482452393,4275.707031,0.9075,366.8,1824.9000244140625,58.24000168,61.13999938964844,26484.787469626674,81388911810.0,796146,47377470.061925635,6333458804.686527,0.8216,0.9616,255.0,56.86928519563984,216.0
Bitcoin,2021-02-12,47504.85156,2319.384726562501,3132.9975197816752,0.8967,77.5,255.0,99.2,170.69000244140625,18.079999923706055,34.25,31458.40039,7254.700195,19.969999313354492,52.67367935180664,90.48000336,1.2131506204605105,2320.757813,0.9238,345.4,1821.5999755859375,59.470001220703125,62.43000030517578,26576.667002166087,76555041196.0,857246,53308083.08,7811431839.715774,0.826,0.9721,340.0,59.30713009475896,253.0
Bitcoin,2021-02-13,47105.51563,2313.8158203124985,3027.4594714936984,0.9229,77.0,215.0,87.6,170.0775032043457,18.452499866485596,34.47000026702881,31474.4877925,7273.29516575,20.342499256134033,52.7055778503418,90.48750305405763,1.2128368616104128,1655.464844,0.9298,249.4,1815.4999694824219,59.61500072479248,62.65999984741211,26915.410533509046,70250456155.0,788028,53952453.191675015,3676762390.364364,0.8271,0.9885,325.0,60.25409427992749,174.0
Bitcoin,2021-02-14,48717.28906,2285.8603906250064,2981.364152101291,0.9179,76.5,241.0,102.4,169.46500396728516,18.824999809265137,34.69000053405762,31490.575194999998,7291.8901365,20.714999198913574,52.73747634887695,90.49500274811524,1.212523102760315,2373.132813,0.9266,234.8,1809.3999633789062,59.760000228881836,62.88999938964844,27287.116226181177,71248675228.0,698818,50339561.18150959,3102283703.0,0.8261,0.9803,190.0,61.268567774158946,209.0
Bitcoin,2021-02-15,47945.05859,2296.612578125001,2948.9876948083424,0.9133,76.0,304.0,121.8,168.8525047302246,19.197499752044678,34.910000801086426,31506.6625975,7310.48510725,21.087499141693115,52.76937484741211,90.50250244217287,1.2122093439102173,2528.09375,0.9336,254.6,1803.2999572753906,59.90499973297119,63.119998931884766,27920.11762,77069903166.0,769869,51761591.27857075,5028594620.989651,0.8221,1.0,244.0,60.77116987632054,181.0
Bitcoin,2021-02-16,49199.87109,2245.554101562506,2962.6169219648896,0.927,73.0,304.0,107.6,168.24000549316406,19.56999969482422,35.130001068115234,31522.75,7329.080078,21.459999084472656,52.801273345947266,90.51000213623048,1.2132196426391602,3139.796875,0.9232,255.2,1797.199951171875,60.04999923706055,63.349998474121094,29094.784535080587,77049582886.0,745457,42832906.95827337,6187880486.479969,0.8397,1.0,185.0,58.23041415212478,228.0
Bitcoin,2021-02-17,52149.00781,2265.907460937502,2998.2539386995404,0.9188,66.0,335.0,125.4,166.3300018310547,20.489999771118164,36.900001525878906,31613.01953,7220.850098,21.5,52.81949996948242,90.9499969482422,1.2092483043670654,3461.535156,0.9338,291.8,1771.0999755859375,61.13999938964844,64.33999633789062,29630.559792729877,80820545404.0,829226,51285528.64317585,7740989999.164483,0.8095,1.0,214.0,58.832576652155375,325.0
Bitcoin,2021-02-18,51679.79688,2273.869843749999,2888.2600747745732,0.927,62.0,276.0,125.0,166.32000732421875,19.65999984741211,37.900001525878906,31493.33984,7143.25,22.489999771118164,52.09044647216797,90.58999633789062,1.2048004865646362,1458.339844,0.944,290.2,1773.4000244140625,60.52000045776367,63.93000030517578,30335.38579782711,52054723579.0,820203,53678746.908786446,8027247241.935084,0.8168,1.0,243.0,58.40296435405309,218.0
Bitcoin,2021-02-19,55888.13281,2365.9930468749953,3051.696855147818,0.9532,59.666666666666664,252.0,129.8,167.00999450683594,19.260000228881836,37.75999832,31494.32031,7228.859863,22.049999237060547,52.42762756347656,90.36000061035156,1.209189772605896,5176.375,0.9472,292.0,1775.800048828125,59.24000168,62.90999984741211,30845.05285657745,63495496918.0,884319,59244126.43753824,8975014335.0,0.8221,1.0,318.0,59.566747189466994,642.0
Bitcoin,2021-02-20,56099.51953,2467.045117187503,3039.3376489765456,0.9467,57.333333333333336,298.0,107.2,167.84332784016928,19.213333765921224,38.02999877827474,31503.443356666667,7162.369954333333,22.516666412353516,51.91425704956055,90.2433344523112,1.2103383938471477,2878.667969,0.9589,259.4,1786.1000162760417,59.99000168,63.686665852864586,31957.857365035656,68145460026.0,830094,59691256.69,6995147926.057189,0.8432,1.0,311.0,58.20982581894582,356.0
Bitcoin,2021-02-21,57539.94531,2532.9974218749994,3012.0964552996493,0.9808,55.0,260.0,105.6,168.6766611735026,19.16666730296061,38.29999923654948,31512.566403333334,7095.880045666667,22.983333587646484,51.400886535644524,90.12666829427083,1.2114870150883992,2657.960938,0.9653,248.6,1796.3999837239583,60.74000168,64.46333185831706,33209.02272982789,51897585191.0,680893,57635434.78941176,7839947832.124444,0.867,1.0,205.0,56.479726181630774,268.0
Bitcoin,2021-02-22,54207.32031,2465.771953124997,3409.2594875103887,0.9798,53.0,423.0,114.2,169.50999450683594,19.12000084,38.56999969482422,31521.68945,7029.390137,23.450000762939453,50.88751602172851,90.01000213623047,1.2126356363296509,8565.824219,0.9661,248.8,1806.699951171875,61.49000168,65.23999786376953,34695.27723644531,92052420332.0,761941,52905473.90020501,8515953765.557784,0.8784,1.0,365.0,53.025552456527656,199.0
Bitcoin,2021-02-23,48824.42578,2346.0453124999985,3802.6502718846464,0.9916,59.0,623.0,144.6,169.1199951171875,18.299999237060547,39.75,31537.34961,7020.509766,23.11000061035156,51.115345,90.16999816894533,1.2166796922683716,8914.339844,0.9555,252.8,1804.4000244140625,61.66999816894531,65.37000274658203,36078.14383067103,106102000000.0,796658,48487887.64094237,12102608267.13961,0.8892,1.0,350.0,48.983128596353545,168.0
Bitcoin,2021-02-24,49705.33203,2122.5751171875017,3822.220732375029,0.9613,55.0,323.0,124.4,169.0,18.309999465942383,39.58000183105469,31961.85938,7000.209961,21.34000015258789,50.78726959228515,90.18000030517578,1.215214490890503,4076.636719,0.9461,264.8,1796.4000244140625,63.220001220703125,67.04000091552734,37813.33634,63695521388.0,874171,59746178.57906681,9123958043.345936,0.9083,1.0,292.0,43.80865174733687,157.0
Bitcoin,2021-02-25,47093.85156,1793.457539062496,3895.9990505982414,0.9125,48.0,268.0,87.8,165.82000732421875,21.260000228881836,40.58000183105469,31402.00977,6767.52002,28.88999938964844,49.62990951538086,90.12999725341795,1.2171372175216677,4855.117188,0.9426,224.6,1774.4000244140625,63.529998779296875,66.87999725341797,39331.48097433011,54506565949.0,830544,57792548.415401496,8084434721.151986,0.9081,1.0,232.0,39.02550169446244,173.0
Bitcoin,2021-02-26,46339.76172,1424.5783593749948,3897.4235045733662,0.9214,51.666666666666664,388.0,101.8,161.80999755859375,21.079999923706055,42.49000168,30932.36914,6775.560059,27.950000762939453,48.96465301513672,90.93000030517578,1.2160420417785645,3915.941406,0.9236,205.6,1728.0999755859375,61.5,66.12999725341797,40661.03923395647,350968000000.0,817077,47395143.797322005,7202864759.149535,0.9,1.0,191.0,34.77976333992231,170.0
Bitcoin,2021-02-27,46188.45313,1103.8892968750006,3832.196267639555,0.9023,55.333333333333336,259.0,71.6,161.71666463216147,21.163333257039387,42.513334911097004,31133.416016666666,6839.0734053333335,26.416667302449543,49.402079264322914,90.96666717529297,1.2136800289154053,2984.242188,0.9203,182.6,1726.2333170572917,61.21333312988281,65.31666437784831,42285.16073183403,45910946382.0,775777,51148405.645829834,3416482976.2501435,0.8615,1.0,209.0,29.442573843014756,168.0
Bitcoin,2021-02-28,45137.76953,864.5035156250015,3806.668855665301,0.889,59.0,481.0,109.4,161.62333170572916,21.246666590372723,42.53666814219401,31334.462893333333,6902.586751666667,24.883333841959637,49.83950551350912,91.00333404541016,1.211318016052246,3474.8125,0.907,177.6,1724.3666585286458,60.926666259765625,64.50333150227864,42120.21559867025,53443887451.0,629972,40396048.67600178,3227571917.388823,0.8627,1.0,225.0,29.926316508683037,145.0
Bitcoin,2021-03-01,49631.24219,775.7414843750012,3868.258357046351,0.8849,56.0,313.0,79.0,161.52999877929688,21.329999923706055,42.560001373291016,31535.50977,6966.100098,23.350000381469727,50.27693176269531,91.04000091552734,1.208956003189087,4668.921875,0.9106,255.4,1722.5,60.63999938964844,63.689998626708984,42411.04788266875,53891300112.0,748049,44513744.099418715,5867267655.439818,0.8487,1.0,194.0,29.294817748542933,169.0
Bitcoin,2021-03-02,48378.98828,826.5983593750061,3799.001900739469,0.88,45.0,222.0,71.6,162.41000366210938,20.059999465942383,40.959999084472656,31391.51953,6833.419922,24.100000381469727,49.78483200073242,90.79000091552734,1.2051095962524414,2898.667969,0.9258,254.4,1733.0999755859375,59.75,62.70000076293945,42887.82181061058,47530897720.0,810035,50567917.70753806,6707252970.0,0.8414,1.0,175.0,27.97486347123048,146.0
Bitcoin,2021-03-03,50538.24219,1019.5296093750004,3831.9886511330783,0.9208,40.0,191.0,68.8,160.6199951171875,20.93000030517578,39.83000183105469,31270.08984,6577.470215,26.670000076293945,49.68458938598633,90.9499969482422,1.208546757698059,4260.816406,0.9265,178.6,1715.300048828125,61.279998779296875,64.06999969482422,43072.559019603745,53220811975.0,840642,55147754.83271214,6540727320.0,0.8157,1.0,232.0,27.68811724131346,104.0
Bitcoin,2021-03-04,48561.16797,1136.608906249996,3849.572330070001,0.9081,43.0,248.0,62.0,159.0399932861328,21.61000061035156,37.27000045776367,30924.14063,6399.509766,28.56999969482422,48.52723312,91.62999725341795,1.2050660848617554,4078.160156,0.9195,192.4,1700.199951171875,63.83000183105469,66.73999786376953,43186.29825201217,52343816680.0,752764,45722350.32302364,5254550975.0,0.8084,1.0,216.0,27.415429968131317,135.0
Bitcoin,2021-03-05,48927.30469,1233.7439843750035,3778.453882,0.9297,42.333333333333336,254.0,68.0,159.13999938964844,20.209999084472656,36.61000061035156,31496.30078,6451.580078,24.65999984741211,49.05578613,91.98000336,1.1967735290527344,2853.914063,0.9176,195.2,1698.0,66.08999633789062,69.36000061035156,43388.53002440155,48625928883.0,806404,49815984.01444393,8571816585.961295,0.7933,0.9827,171.0,26.92227296563153,108.0
Bitcoin,2021-03-06,48912.38281,1249.988281,3643.542276948114,0.9088,41.666666666666664,173.0,49.6,158.59000142415366,20.35333251953125,37.37000020345052,31598.347003333336,6338.9567056666665,24.929999669392902,48.61531956666667,92.09000142619792,1.195370078086853,1889.691406,0.9176,137.2,1691.2333170572917,65.74333190917969,68.98666636149089,43405.964755627094,34363564661.0,677322,49711918.89213497,2814010102.687824,0.7801,0.9758,158.0,26.886406143657727,116.0
Bitcoin,2021-03-07,51206.69141,1294.3126562499965,3559.8595696661055,0.9117,41.0,162.0,60.8,158.04000345865884,20.496665954589847,38.12999979654948,31700.393226666667,6226.333333333333,25.1999994913737,48.17485300333333,92.19999949239585,1.1939666271209717,2465.6875,0.9126,149.8,1684.4666341145833,65.39666748046875,68.6133321126302,43632.53660773356,43137459378.0,654593,49451162.50304934,3256898858.6546917,0.7405,0.9671,212.0,26.54686002538852,106.0
Bitcoin,2021-03-08,52246.52344,1291.1119531250006,3506.156430761384,0.913,43.0,181.0,64.6,157.49000549316406,20.63999938964844,38.88999938964844,31802.43945,6113.709961,25.469999313354492,47.73438644,92.30999755859376,1.1925631761550903,2808.015625,0.9272,182.2,1677.699951171875,65.05000305175781,68.23999786376953,43754.22896607478,48597428048.0,723503,53803631.21964566,6455368739.454128,0.7428,1.0,229.0,26.588159743078915,142.0
Bitcoin,2021-03-09,54824.11719,1430.0966406250009,3458.737054010571,0.932,45.0,184.0,70.8,160.83999633789062,19.540000915527344,37.970001220703125,31832.74023,6529.169922,24.030000686645508,48.78239440917969,91.95999908447266,1.185171127319336,2842.285156,0.9312,203.8,1716.5999755859375,64.01000213623047,67.51999664,43656.17131772746,50912227385.0,782612,52888356.46482327,7267886049.152835,0.7471,0.9973,239.0,27.434191991755043,184.0
Bitcoin,2021-03-10,56008.55078,1634.072031249998,3495.067498813387,0.9406,50.0,221.0,76.4,161.66000366210938,18.549999237060547,37.560001373291016,32297.01953,6440.390137,22.559999465942383,48.563682556152344,91.79000091552734,1.1897906064987185,3967.363281,0.9437,204.4,1721.5,64.44000244140625,67.90000153,43491.46157168895,57295577614.0,833186,57652864.476403445,7607218390.253023,0.7546,1.0,213.0,28.81753314787248,133.0
Bitcoin,2021-03-11,57805.12109,1837.4791406250008,3503.024731041002,0.9627,56.0,195.0,71.6,161.52000427246094,18.209999084472656,37.86000061035156,32485.58984,6692.430176,21.90999984741211,50.09467697143555,91.41999816894533,1.1926058530807495,3606.46875,0.9464,191.2,1722.300048828125,66.01999664,69.62999725341797,43280.30089356477,56772343595.0,766597,52736912.574518405,7815260934.970915,0.7636,0.9932,231.0,29.969393608644445,155.0
Bitcoin,2021-03-12,57332.08984,2067.035937499997,3439.9495828416443,0.9733,56.666666666666664,179.0,70.4,161.49000549316406,18.36000061035156,37.50999832,32778.64063,6582.569824,20.690000534057617,49.20159530639648,91.68000030517578,1.1986095905303955,2619.972656,0.9586,194.6,1719.5,65.61000061035156,69.22000122070312,43157.50381888313,55689944702.0,818834,60000114.24336446,8389445170.0,0.7912,0.9941,220.0,30.65681424,133.0
Bitcoin,2021-03-13,61243.08594,2302.6775000000052,3584.6596572815265,0.9862,57.333333333333336,223.0,84.8,161.72666931152344,18.193333943684895,38.133332569371746,32836.914066666664,6610.219889333333,20.470000584920246,49.24108378092448,91.73000081380208,1.1974064111709595,5465.890625,0.9579,174.8,1722.6333414713542,65.53666687011719,69.1066665649414,42589.46965,60669829814.0,739312,59410978.32581382,6252538514.742499,0.7934,0.9934,231.0,33.490557864567414,190.0
Bitcoin,2021-03-14,59302.31641,2483.4901171875026,3492.5840790828456,0.9813,58.0,212.0,79.4,161.9633331298828,18.026667277018227,38.75666681874349,32895.187503333334,6637.869954666667,20.25000063578288,49.28057225545247,91.78000132242838,1.1962032318115234,2295.601563,0.9691,190.4,1725.7666829427083,65.46333312988281,68.99333190917969,42216.32304405787,43901225564.0,736008,64756375.034695014,5914693356.069365,0.8201,1.0,230.0,35.76728855951148,160.0
Bitcoin,2021-03-15,55907.19922,2557.0716015625003,3610.815796648357,1.0,55.0,230.0,79.2,162.1999969482422,17.860000610351562,39.380001068115234,32953.46094,6665.52002,20.030000686645508,49.32006072998047,91.83000183105467,1.1950000524520874,5147.828125,0.9688,206.4,1728.9000244140625,65.38999938964844,68.87999725341797,42451.30766594015,66419369890.0,782966,59673362.68696073,7391203818.270152,0.828,1.0,334.0,35.98296200110653,162.0
Bitcoin,2021-03-16,56804.90234,2600.694374999999,3587.054121441331,0.9995,56.0,265.0,76.0,162.35000610351562,17.93000030517578,39.099998474121094,32825.94922,6664.149902,19.790000915527344,49.529666900634766,91.87000274658205,1.1925773620605469,3278.152344,0.959,156.8,1730.5999755859375,64.80000305175781,68.38999938964844,42608.191635925454,59749798599.0,822884,57657199.41954258,8414319042.315213,0.8319,1.0,227.0,36.49804247627794,132.0
Bitcoin,2021-03-17,58870.89453,2596.5874609375023,3648.063648481236,0.9688,52.0,214.0,63.4,163.50999450683594,17.239999771118164,37.400001525878906,33015.37109,6764.0,19.229999542236328,49.59345626831055,91.40000153,1.190164566040039,4441.1875,0.9588,203.8,1726.800048828125,64.59999847,68.0,43057.29541767492,60258313191.0,808119,54456146.87951972,6410069887.531583,0.8546,1.0,265.0,36.620560517691736,118.0
Bitcoin,2021-03-18,57858.92188,2580.3684765625003,3806.2499503754334,0.9713,49.0,165.0,57.4,162.55999755859375,17.790000915527344,48.439998626708984,32862.30078,6519.850098,21.579999923706055,48.68214797973633,91.84999847,1.1982792615890503,5862.671875,0.9668,221.8,1732.199951171875,60.0,63.279998779296875,43849.80327253953,55746041000.0,885634,64386085.97207126,5684429157.027738,0.8525,1.0,222.0,35.41191413187559,156.0
Bitcoin,2021-03-19,58346.65234,2533.286093750001,3738.280087848617,0.9879,49.333333333333336,167.0,48.6,163.24000549316406,16.56999969482422,44.380001068115234,32627.9707,6549.109863,20.950000762939453,49.28361511230469,91.91999816894533,1.1918240785598757,2854.671875,0.9624,205.8,1741.4000244140625,61.41999816894531,64.52999877929688,44804.48244392742,49063873786.0,833389,61617467.94631133,5953986740.001386,0.8349,1.0,215.0,33.72556464914205,147.0
Bitcoin,2021-03-20,58313.64453,2540.874843749996,3601.116387377287,0.9797,49.666666666666664,147.0,55.4,163.16000366210938,16.53666623433431,43.01333363850912,32662.38020666667,6577.866536333333,20.260000228626303,49.23501205486979,91.87999979654948,1.1906532843907676,1817.988281,0.9612,142.0,1740.2000325520833,61.463331858317055,64.56000010172527,46218.38512507899,50361731222.0,742019,61522483.5,3378908922.8126254,0.8156,1.0,225.0,30.54982137708901,105.0
Bitcoin,2021-03-21,57523.42188,2517.182617,3541.199591850338,0.9824,50.0,181.0,63.6,163.0800018310547,16.503332773844402,41.64666620890299,32696.78971333333,6606.623209666666,19.56999969431315,49.186408997434896,91.84000142415364,1.1894824902216594,2762.28125,0.9593,149.2,1739.0000406901042,61.506665547688804,64.59000142415364,46837.84385840005,51943414539.0,612850,60066262.67738397,3654267039.161541,0.8033,1.0,219.0,29.511973534419138,129.0
Bitcoin,2021-03-22,54529.14453,2419.4574218749985,3587.0656366288854,0.9822,44.0,248.0,68.8,163.0,16.469999313354492,40.279998779296875,32731.19922,6635.379883,18.87999916,49.13780594,91.8000030517578,1.1883116960525513,4183.324219,0.9538,216.2,1737.800048828125,61.54999923706055,64.62000274658203,47718.64962327749,56521454974.0,781908,58540676.97897906,5299609269.970794,0.8059,1.0,285.0,27.27255690602085,166.0
Bitcoin,2021-03-23,54738.94531,2294.965312499997,3510.471383566108,0.975,36.0,263.0,71.8,161.80999755859375,16.690000534057617,48.619998931884766,32423.15039,6615.430176,20.299999237060547,48.19915390014648,92.33999633789062,1.193303108215332,2514.746094,0.9443,195.0,1724.699951171875,57.75999832,60.790000915527344,48238.29206543016,56435023914.0,810265,60904323.71943131,7567504956.543793,0.7962,1.0,212.0,26.05283447469325,120.0
Bitcoin,2021-03-24,52774.26563,2142.633750000001,3598.869911972101,0.9497,34.0,253.0,75.8,162.3699951171875,15.699999809265137,64.91000366210938,32420.06055,6396.549805,21.200000762939453,47.096473693847656,92.52999877929688,1.1840205192565918,4748.050781,0.9339,256.8,1732.9000244140625,61.18000030517578,64.41000366210938,49045.10840649559,70567223787.0,780464,56905120.73,6956174962.680886,0.7883,1.0,247.0,23.812634798103375,122.0
Bitcoin,2021-03-25,51704.16016,1947.3300000000015,3522.9375187062365,0.9499,45.0,408.0,94.8,161.77999877929688,15.579999923706056,49.880001068115234,32619.48047,6249.240234,19.809999465942383,47.315189361572266,92.87999725341795,1.1813069581985474,2535.816406,0.9273,315.4,1724.9000244140625,58.560001373291016,61.95000076293945,49655.45105951022,67999812841.0,847860,55913485.57796881,7475059268.080135,0.7918,1.0,198.0,22.06381646675518,125.0
Bitcoin,2021-03-26,55137.3125,1846.4769531249983,3525.403198173648,0.9322,42.0,222.0,72.0,162.24000549316406,15.479999542236328,44.93000030517578,33072.87891,6284.740234,18.86000061035156,48.54545593261719,92.76999664,1.1776621341705322,3557.457031,0.9205,244.2,1732.199951171875,60.970001220703125,64.56999969482422,50823.70037666526,56652197978.0,790548,49554041.05561001,7494637392.191981,0.8087,1.0,252.0,18.88748948187092,125.0
Bitcoin,2021-03-27,55973.51172,1774.7653124999997,3439.6818759826733,0.9222,39.0,152.0,57.0,161.59666951497397,16.06333287556966,44.673333485921226,33105.70963666667,6303.190104,19.486666997273762,48.43306096394857,92.82666524046874,1.1780415773391724,2325.304688,0.9424,163.2,1725.4999593098958,61.16666793823242,64.70666758321615,51562.90488,47266542233.0,722993,59212965.29536148,3738511752.019671,0.822,1.0,217.0,17.030317670587657,108.0
Bitcoin,2021-03-28,55950.74609,1684.424609374997,3303.933114751768,0.9493,36.0,119.0,48.6,160.95333353678384,16.646666208902996,44.416666666666664,33138.54036333333,6321.639974,20.11333338419596,48.320665995279946,92.8833338409375,1.1784210205078125,1539.199219,0.9472,148.4,1718.7999674479167,61.36333465576172,64.84333547160807,52126.7672,47686580918.0,629197,58772016.35476238,2746380160.0662503,0.8274,1.0,208.0,15.63530445364007,104.0
Bitcoin,2021-03-29,57750.19922,1716.0802343749965,3296.7063074480707,0.958,37.0,164.0,62.2,160.30999755859375,17.229999542236328,44.15999984741211,33171.37109,6340.089844,20.739999771118164,48.20827102661133,92.94000244140624,1.1788004636764526,3202.757813,0.9445,195.2,1712.0999755859375,61.560001373291016,64.98000336,52317.43571475663,57625587027.0,776764,59732041.29,6604751298.088798,0.8159,0.9945,246.0,15.438450448004962,128.0
Bitcoin,2021-03-30,58917.69141,1685.8633593749985,3218.060990844637,0.9541,43.0,170.0,54.2,157.57000732421875,18.299999237060547,41.459999084472656,33066.96094,6368.959961,19.61000061035156,48.36319351196289,93.3000030517578,1.177100658416748,2195.671875,0.9492,196.4,1683.9000244140625,60.54999923706055,64.13999938964844,52371.235072350995,54414116432.0,826466,58978791.97986809,6286007313.120906,0.8234,0.9923,247.0,15.721457604261913,166.0
Bitcoin,2021-03-31,58918.83203,1570.3929687499983,3145.600161141449,0.9678,48.0,184.0,62.6,159.9600067138672,17.06999969482422,45.650001525878906,32981.55078,6474.319824,19.399999618530273,48.60924530029297,93.23000336,1.1723604202270508,2203.609375,0.9517,187.4,1713.800048828125,59.15999984741211,63.540000915527344,52353.005592687696,65520826225.0,900660,63698731.011946015,6798433825.419553,0.7997,0.9682,250.0,15.965900394515137,128.0
Bitcoin,2021-04-01,59095.80859,1497.3614062500055,2998.113933113488,0.9751,49.5,166.0,52.0,161.97999572753906,16.739999771118164,40.150001525878906,33153.21094,6565.399902,17.329999923706055,49.08312225341797,92.93000030517578,1.1728830337524414,1080.792969,0.9465,165.4,1726.5,61.45000076293945,64.86000061035156,52343.228900746435,61669163792.0,814587,58722692.65813852,6961929171.789203,0.8008,0.9537,223.0,16.285022440855897,150.0
Bitcoin,2021-04-02,59384.3125,1393.1663281250003,2883.8133843196674,0.9746,51.0,182.0,61.8,161.96499633789062,16.824999809265137,40.61250114440918,33246.7060575,6599.1124265,17.47499990463257,49.13096618652344,92.84749984638184,1.177994966506958,1397.90625,0.9472,168.2,1726.625,60.750000953674316,64.1825008392334,52529.255537035184,58727860620.0,795716,57243512.862984665,6501984723.386886,0.796,0.9867,235.0,15.33091072088083,204.0
Bitcoin,2021-04-03,57603.89063,1218.2119531249991,2856.8537787432624,0.9734,52.5,130.0,47.0,161.9499969482422,16.90999984741211,41.07500076293945,33340.201175,6632.8249510000005,17.619999885559082,49.178810119628906,92.76499938758789,1.177602211634318,2506.378906,0.9435,144.4,1726.75,60.05000114440918,63.505001068115234,52571.232450940784,59641344484.0,704293,54056516.12378917,3823846850.7601023,0.7907,0.9961,241.0,14.90704617667126,141.0
Bitcoin,2021-04-04,58758.55469,1196.8482031250023,2777.4406740116005,0.9738,54.0,161.0,42.0,161.93499755859375,16.994999885559082,41.53750038146973,33433.6962925,6666.5374755,17.764999866485596,49.22665405273437,92.68249892879395,1.177209456761678,1745.070313,0.9396,123.8,1726.875,59.35000133514404,62.82750129699707,52652.77209236192,50749662970.0,618857,56501558.977773495,3007013909.974989,0.7734,0.9903,199.0,15.084056766734596,102.0
Bitcoin,2021-04-05,59057.87891,1154.905468750003,2735.9429584572003,0.9587,54.0,153.0,61.0,161.9199981689453,17.079999923706055,42.0,33527.19141,6700.25,17.90999984741211,49.27449798583984,92.59999847,1.176816701889038,2196.472656,0.947,175.6,1727.0,58.650001525878906,62.150001525878906,52669.21681466281,60706272115.0,763702,62213130.42119343,5636763512.818328,0.7799,1.0,315.0,15.39147851137588,158.0
Bitcoin,2021-04-06,58192.35938,1076.2989843749965,2671.430570799543,0.9647,53.0,217.0,62.4,163.22000122070312,16.760000228881836,42.40999984741211,33430.23828,6743.810059,18.12000084,49.54789352416992,92.33999633789062,1.1818934679031372,1832.769531,0.9446,204.0,1741.5,59.33000183105469,62.74000168,52681.523491081265,66058027988.0,841579,58865753.673913695,11383898953.539915,0.7706,1.0,283.0,15.238488200904444,202.0
Bitcoin,2021-04-07,56048.9375,983.7807031,2703.979893867433,0.9677,52.0,279.0,65.8,162.75999450683594,16.110000610351562,41.27000045776367,33446.26172,6780.819824,17.15999984741211,48.818843841552734,92.45999908447266,1.1874228715896606,3127.121094,0.9487,212.2,1740.0999755859375,59.77000045776367,63.15999984741211,52588.74762380849,75645303584.0,860993,61699929.39559078,6422300909.583367,0.8273,1.0,243.0,15.270706841965817,131.0
Bitcoin,2021-04-08,58323.95313,905.2988281,2686.527926001902,0.9612,51.0,208.0,59.6,164.50999450683594,15.720000267028809,40.70000076293945,33503.57031,6875.279785,16.950000762939453,49.21982192993164,92.05999755859376,1.1873664855957031,2459.652344,0.9325,199.8,1756.800048828125,59.599998474121094,63.20000076293945,52589.07477721336,53053855641.0,761635,53025106.53857864,6112050100.0,0.8156,1.0,223.0,15.265875160228868,152.0
Bitcoin,2021-04-09,58245.00391,803.5421875000029,2575.2890451267663,0.9453,48.666666666666664,184.0,55.0,163.27000427246094,15.300000190734863,39.189998626708984,33800.60156,6877.029785,16.690000534057617,48.80061721801758,92.16000366210938,1.1915684938430786,1129.183594,0.9429,187.8,1743.300048828125,59.31999969482422,62.95000076293945,52589.89727,46655208546.0,853581,62936805.508286126,6330239986.766539,0.8084,1.0,217.0,15.251849311369789,164.0
Bitcoin,2021-04-10,59793.23438,674.8324218749985,2622.622472706997,0.9577,46.333333333333336,200.0,63.0,162.94000244140625,15.160000165303549,38.47333272298177,33782.20052,6904.906575333333,16.763333638509113,48.703409830729164,92.15333557128906,1.1910627285639446,3237.957031,0.9459,171.4,1739.2666829427083,59.4466667175293,63.06000010172526,52532.13220490427,58238470525.0,762965,64092742.42249997,6092856977.739401,0.809,0.9877,212.0,15.821929633538245,147.0
Bitcoin,2021-04-11,60204.96484,551.9953125000029,2542.4892826922114,0.9571,44.0,181.0,61.0,162.61000061035156,15.020000139872232,37.756666819254555,33763.79948,6932.783365666666,16.836666742960613,48.60620244344076,92.14666748046875,1.1905569632848105,1500.757813,0.9478,146.4,1735.2333170572917,59.573333740234375,63.16999944051107,52770.81507835341,46280252580.0,653736,58799840.65956245,4013468488.9395313,0.8189,0.9944,206.0,15.900973894653603,152.0
Bitcoin,2021-04-12,59893.45313,462.0841406249965,2479.680059374911,0.9682,43.0,239.0,62.4,162.27999877929688,14.880000114440918,37.040000915527344,33745.39844,6960.660156,16.90999984741211,48.508995056152344,92.13999938964844,1.1900511980056765,1663.160156,0.9501,186.6,1731.199951171875,59.70000076293945,63.279998779296875,53060.63318171415,51828688519.0,762819,59662203.17826639,7343373828.676751,0.8263,0.9971,208.0,15.718350610644412,170.0
Bitcoin,2021-04-13,63503.45703,524.5079687500038,2579.1549212052746,0.9689,41.0,237.0,91.4,163.42999267578125,14.260000228881836,35.20000076293945,33677.26953,7083.25,16.649999618530273,48.7094841,91.84999847,1.1914690732955933,3872.328125,0.9511,186.8,1746.199951171875,60.18000030517578,63.66999816894531,53464.30279161479,69983454362.0,839652,61441759.04,9364020483.020603,0.8397,0.9853,193.0,16.030202365923163,181.0
Bitcoin,2021-04-14,63109.69531,678.9092187499991,2631.236768351326,0.9673,43.0,279.0,88.4,162.72000122070312,14.68999958,35.70000076293945,33730.89063,6933.200195,16.989999771118164,48.95553970336914,91.69000244140624,1.1954143047332764,3308.300781,0.9515,190.8,1734.9000244140625,63.150001525878906,66.58000183105469,54553.70809926525,77451779687.0,854552,63141327.402798735,9467805074.0,0.8056,0.9644,236.0,14.105492495823334,251.0
Bitcoin,2021-04-15,63314.01172,872.9807812500003,2558.484644,0.9921,50.0,217.0,77.6,165.35000610351562,15.359999656677246,34.20000076293945,34035.98828,7047.790039,16.56999969482422,49.40208053588867,91.66999816894533,1.1986095905303955,1612.707031,0.9639,190.6,1765.4000244140625,63.459999084472656,66.94000244140625,54834.909709553525,60954381579.0,952400,80172244.97007681,7491319879.713019,0.8237,0.9791,238.0,14.439827093015396,253.0
Bitcoin,2021-04-16,61572.78906,1080.4506249999977,2616.606556,0.9864,49.0,343.0,125.4,166.35000610351562,15.31999969482422,32.790000915527344,34200.67188,7023.459961,16.25,49.529666900634766,91.55999755859376,1.1971746683120728,3372.191406,0.9395,232.6,1779.0,63.130001068115234,66.76999664,55239.74670101451,84293007468.0,733666,48356808.52401327,7918735254.118299,0.8318,0.9775,284.0,13.951172951613763,449.0
Bitcoin,2021-04-17,60683.82031,1320.2616406250015,2587.6221031930077,0.9876,48.0,254.0,99.0,166.19667053222656,15.549999872843426,33.550000508626304,34159.657556666665,6992.313314,16.59666697184245,49.46891403198242,91.39666493733725,1.1970982551574707,2210.824219,0.9277,169.8,1775.8000081380208,63.21333440144857,66.86333211058594,55756.20576486326,66138759198.0,611196,45028087.58663974,3345356860.8353133,0.8361,0.9905,208.0,12.957143818030785,294.0
Bitcoin,2021-04-18,56216.18359,1334.8935156250009,2990.5006583220784,0.9738,47.0,594.0,141.6,166.0433349609375,15.78000005086263,34.31000010172526,34118.643233333336,6961.1666669999995,16.943333943684895,49.40816116333008,91.23333231608073,1.1970218420028687,8227.921875,0.9351,252.2,1772.6000162760417,63.2966677347819,66.95666758117187,55478.44387434707,97468872758.0,754058,57721965.52,11856647360.954723,0.8299,0.9904,269.0,13.64919456072558,244.0
Bitcoin,2021-04-19,55724.26563,1260.9180468749985,3001.9978211205016,0.9626,36.0,464.0,125.0,165.88999938964844,16.010000228881836,35.06999969482422,34077.62891,6930.02002,17.290000915527344,49.347408294677734,91.06999969482422,1.1969454288482666,3151.460938,0.9099,254.6,1769.4000244140625,63.380001068115234,67.05000305175781,54995.12700414814,65344865159.0,674744,47180246.47068432,7003954975.952247,0.8592,0.9871,256.0,14.775936606210765,359.0
Bitcoin,2021-04-20,56473.03125,1125.5802343750038,3045.719516933323,0.9307,48.0,399.0,128.8,166.47999572753906,15.59000015258789,35.68000030517578,33821.30078,6858.109863,18.68000030517578,48.94642258,91.23999786376952,1.204529047012329,3614.101563,0.9174,218.8,1777.300048828125,62.439998626708984,66.56999969482422,54695.22547500084,67849323955.0,829989,62004693.81146113,8311557599.486943,0.8501,1.0,211.0,15.405859999864848,247.0
Bitcoin,2021-04-21,53906.08984,946.5435156250024,3046.9184018845144,0.9247,47.0,403.0,111.8,168.1300048828125,16.40999984741211,42.439998626708984,34137.30859,6877.790039,17.5,49.24716567993164,91.16000366210938,1.2032392024993896,3062.503906,0.9062,204.0,1792.300048828125,61.349998474121094,65.31999969482422,53872.620249988526,54926612466.0,719498,49225543.81325493,7009968211.0,0.8642,1.0,220.0,17.38247837976355,244.0
Bitcoin,2021-04-22,51762.27344,684.1429687499985,3174.0255138034777,0.9293,53.0,629.0,157.8,167.0399932861328,16.049999237060547,39.38999938964844,33815.89844,6757.560059,18.709999084472656,49.074012756347656,91.33000183105467,1.2037750482559204,4826.417969,0.9101,268.2,1781.199951171875,61.43000030517578,65.40000153,52605.82082134031,74798630778.0,757844,64293952.906998485,8500130355.892971,0.8415,1.0,249.0,20.517345257353416,290.0
Bitcoin,2021-04-23,51093.65234,534.2380469,3262.0328989782292,0.9078,52.333333333333336,744.0,169.0,166.39999389648438,15.739999771118164,38.70000076293945,34043.48828,6880.279785,17.329999923706055,49.78483200073242,90.86000061035156,1.2014753818511963,4406.128906,0.8939,319.6,1777.0,62.13999938964844,66.11000061035156,51448.421042002505,86668667320.0,794322,55567384.88797259,11486117186.51325,0.8345,0.9893,307.0,23.486031026591853,263.0
Bitcoin,2021-04-24,50050.86719,344.9793750000026,3197.764645033356,0.8882,51.666666666666664,346.0,93.2,166.54666137695312,15.663333257039389,39.54333368937174,34022.84895666667,6892.709798,17.433333079020183,49.80609639485677,90.8433329264323,1.2039786577224731,2362.277344,0.8894,212.4,1777.7333170572917,62.063332875569664,65.95666758356771,50135.26194526478,49014494781.0,695216,53877732.96517578,3907764473.0171456,0.8355,0.9745,165.0,26.69697510274382,191.0
Bitcoin,2021-04-25,49004.25391,209.98101562499505,3208.391110120259,0.8791,51.0,462.0,86.2,166.69332885742188,15.586666742960611,40.38666661580404,34002.20963333333,6905.139811,17.53666623433431,49.82736078898112,90.82666524251303,1.20648193359375,3346.535156,0.8754,189.0,1778.4666341145833,61.98666636149088,65.80333455678385,48751.78038,46117114240.0,585806,49453312.869487576,5690337431.0,0.8292,0.9313,162.0,30.002309228147496,172.0
Bitcoin,2021-04-26,54021.75391,155.7402344,3367.449390200955,0.8722,52.0,369.0,105.4,166.83999633789062,15.510000228881836,41.22999954223633,33981.57031,6917.569824,17.639999389648438,49.84862518310547,90.80999755859376,1.2089852094650269,5435.207031,0.8595,230.4,1779.199951171875,61.90999984741211,65.65000153,48433.00314902485,58284039825.0,677984,47389587.560673155,6987267570.035969,0.7993,0.9234,166.0,30.497622019348373,223.0
Bitcoin,2021-04-27,55033.11719,186.99148437500116,3276.7585297401724,0.8592,54.0,299.0,82.2,166.4199981689453,14.770000457763672,38.439998626708984,33984.92969,6869.810059,17.559999465942383,49.821285247802734,90.91000366210938,1.2081671953201294,2097.777344,0.8891,202.2,1778.0,62.939998626708984,66.41999816894531,48345.43366073961,49448222757.0,748381,57182089.25851064,6828181874.191442,0.7934,0.9283,153.0,30.653580803753034,165.0
Bitcoin,2021-04-28,54824.70313,136.3535156,3209.796424937303,0.9032,58.0,239.0,77.2,166.91000366210938,14.789999961853027,36.41999816894531,33820.37891,6887.319824,17.280000686645508,50.19491958618164,90.61000061035156,1.2090305089950562,2339.289063,0.8943,214.8,1773.199951171875,63.86000061035156,67.26999664,48135.77686316974,48000572955.0,728620,56029341.15713478,5400170407.9552355,0.7969,0.9004,347.0,30.869704411417963,217.0
Bitcoin,2021-04-29,53555.10938,64.81343750000087,3173.2264236024957,0.9115,49.0,302.0,82.0,166.22000122070312,14.539999961853027,36.369998931884766,34060.35938,6917.22998,17.610000610351562,50.07645034790039,90.61000061035156,1.213592290878296,2697.816406,0.8807,201.6,1768.0999755859375,65.01000213623047,68.55999755859375,47805.27025858912,46088929780.0,703520,48848197.60179543,7198764177.987766,0.7961,0.8743,373.0,31.33614542176809,220.0
Bitcoin,2021-04-30,57750.17578,61.87710937500378,3287.3614781666033,0.9086,48.0,217.0,73.0,165.66000366210938,14.579999923706056,38.38999938964844,33874.85156,6793.370117,18.61000061035156,49.19247817993164,91.27999877929688,1.2127091884613037,4771.117188,0.8884,176.4,1767.300048828125,63.58000183105469,67.25,47801.92333545987,52395931985.0,738101,59389761.303177826,8038587266.254536,0.8139,0.8619,417.0,31.043485593610537,211.0
Bitcoin,2021-05-01,57828.05078,15.495078125000871,3152.268973029703,0.8976,47.0,208.0,72.0,166.37666829427084,14.936666488647461,38.97666676839193,33954.31119666667,6766.713378666667,18.510000228881832,49.19247817993164,91.16999816894531,1.2093981504440308,1396.066406,0.8988,153.2,1775.3333740234375,63.88333384195963,67.35333251953125,47818.95810984242,42836427360.0,677778,56995422.307202466,3347043374.8694096,0.8108,0.8522,388.0,30.627541575094146,211.0
Bitcoin,2021-05-02,56631.07813,-132.4769531,3052.870296384724,0.9315,46.0,186.0,60.0,167.09333292643228,15.293333053588867,39.563334147135414,34033.770833333336,6740.056640333333,18.40999984741211,49.19247817993164,91.05999755859376,1.2060871124267578,1760.6875,0.9116,143.2,1783.36669921875,64.18666585286458,67.4566650390625,47798.710174697706,38177405335.0,587240,70637245.5,2991270138.3892226,0.8061,0.8347,381.0,30.2087669,186.0
Bitcoin,2021-05-03,57200.29297,-174.5291406,3004.9822395001006,0.9314,43.0,262.0,107.4,167.80999755859375,15.649999618530272,40.150001525878906,34113.23047,6713.399902,18.309999465942383,49.19247817993164,90.9499969482422,1.2027760744094849,2382.4375,0.9115,181.4,1791.4000244140625,64.48999786376953,67.55999755859375,48131.82194886722,51713139031.0,746177,71252796.33298717,5954769584.492452,0.8009,0.8914,248.0,28.06305767253424,359.0
Bitcoin,2021-05-04,53333.53906,-176.9335156,3077.680215696522,0.9199,43.0,324.0,122.6,166.5800018310547,15.90999984741211,37.150001525878906,34133.03125,6584.959961,19.479999542236328,48.63658142089844,91.29000091552734,1.2061271667480469,4022.753906,0.9106,152.8,1775.800048828125,65.69000244140625,68.87999725341797,48286.14278700575,68564706967.0,772207,68034176.30412355,7698193443.310121,0.8028,0.9009,274.0,25.992599002074034,455.0
Bitcoin,2021-05-05,57424.00781,-163.4525,3210.8679569860556,0.9243,44.0,303.0,185.2,167.27000427246094,15.699999809265137,38.33000183105469,34230.33984,6543.850098,19.149999618530273,48.864410400390625,91.30999755859376,1.2015043497085571,4942.308594,0.8917,313.0,1784.0999755859375,65.62999725341797,68.95999908447266,48863.80236,69241316747.0,808208,61161963.09240893,6381517581.403065,0.796,0.8965,324.0,22.97151791581469,526.0
Bitcoin,2021-05-06,56396.51563,-222.8592969,3194.435145326337,0.8941,48.0,265.0,115.8,170.05999755859375,16.56999969482422,37.74000168,34548.53125,6572.430176,18.38999938964844,49.32918167114258,90.9499969482422,1.2007973194122314,2980.808594,0.9039,220.0,1815.5,64.70999908447266,68.08999633789062,49279.16128687043,69523285106.0,843433,66659326.27502956,7566141015.089905,0.8048,0.8809,376.0,20.62575983212796,441.0
Bitcoin,2021-05-07,57356.40234,-140.6695313,3200.888718,0.9233,47.0,222.0,92.2,171.58999633789062,16.459999084472656,37.630001068115234,34777.76172,6598.290039,16.690000534057617,49.83951187133789,90.23000336,1.2068549394607544,3284.785156,0.9066,210.6,1831.0999755859375,64.90000153,68.27999877929688,49624.14795339907,68434023376.0,804452,71663298.61460015,9703541846.825617,0.7809,0.9229,338.0,18.821427826395844,304.0
Bitcoin,2021-05-08,58803.77734,-89.4865625,3150.068262264801,0.9156,46.0,257.0,104.4,171.7633310953776,16.703332901000977,37.75000127207682,34766.114583333336,6518.946614666667,17.68000030517578,49.541815440891924,90.22333526815756,1.2102725108464558,2489.402344,0.9113,182.0,1833.2333170572917,64.9066670763151,68.29333241780598,49492.496301863845,65382980634.0,744143,67678884.92096624,4620961715.6818495,0.8062,0.9223,364.0,19.72786350281445,393.0
Bitcoin,2021-05-09,58232.31641,-39.63992188,3119.983308263744,0.9212,45.0,307.0,105.2,171.9366658528646,16.946666717529297,37.87000147603841,34754.46744666667,6439.603190333333,18.670000076293945,49.244119010445964,90.2166671763151,1.2136900822321575,2728.878906,0.9187,173.2,1835.3666585286458,64.91333262263021,68.30666605631511,49435.11276962009,65906690347.0,690253,71465404.01503558,5388114089.551383,0.8125,0.9071,388.0,20.34717627092438,284.0
Bitcoin,2021-05-10,55859.79688,-85.29453125,3286.2629603520477,0.9313,41.0,383.0,106.2,172.11000061035156,17.190000534057617,37.99000168,34742.82031,6360.259766,19.65999984741211,48.94642258,90.20999908447266,1.2171076536178589,5447.898438,0.9151,187.4,1837.5,64.91999816894531,68.31999969482422,49429.648438559554,71776546298.0,824736,71072062.5,8099530690.219605,0.8235,0.9121,509.0,20.266897614493622,352.0
Bitcoin,2021-05-11,56704.57422,7.701640624996799,3213.2363649697586,0.9266,29.0,308.0,86.0,172.13999938964844,17.170000076293945,37.93000030517578,34269.16016,6389.060059,21.84000015258789,48.80973052978515,90.13999938964844,1.2140932083129885,2263.890625,0.8999,204.2,1835.9000244140625,65.27999877929688,68.55000305175781,49546.32633,61308396325.0,854634,64607298.40009417,6620873679.221073,0.8271,0.8725,349.0,20.299783478137215,282.0
Bitcoin,2021-05-12,49150.53516,-94.01617188,3611.4929192576337,0.9063,34.0,466.0,134.6,170.42999267578125,17.559999465942383,36.939998626708984,33587.66016,6214.950195,27.59000015258789,47.46099853515625,90.70999908447266,1.2144500017166138,8788.828125,0.9,224.4,1822.5999755859375,66.08000183105469,69.31999969482422,48999.86989817882,75215403907.0,852846,64585949.48483409,12953414263.347263,0.8381,0.9094,526.0,21.859873226225453,346.0
Bitcoin,2021-05-13,49716.19141,-164.3201563,3664.302297792802,0.9111,35.0,781.0,190.0,171.1300048828125,17.100000381469727,37.939998626708984,34021.44922,6169.870117,23.12999916,47.39720535,90.75,1.2078505754470823,4350.824219,0.8642,392.0,1823.800048828125,63.81999969482422,67.05000305175781,48724.98709289426,96721152926.0,806882,53650242.51126909,11355681895.517153,0.848,0.8987,482.0,22.63716687197607,292.0
Bitcoin,2021-05-14,49880.53516,-199.1660937,3586.104923843316,0.8618,35.0,348.0,128.8,172.69000244140625,16.75,36.459999084472656,34382.12891,6335.589844,18.809999465942383,48.25382995605469,90.31999969482422,1.207729458808899,2569.539063,0.8536,248.8,1837.9000244140625,65.37000274658203,68.70999908447266,48689.28336274462,55737497453.0,752353,45652932.82442766,7906534590.266755,0.8493,0.9043,456.0,22.73965495750542,389.0
Bitcoin,2021-05-15,46760.1875,-333.4360938,3613.920531961651,0.8464,35.0,469.0,115.8,173.36000061035156,17.04000028,36.44666544596354,34364.01562666667,6336.883301,19.113332748413086,48.238643646240234,90.28666687011719,1.2101654211680095,3975.523438,0.8427,205.4,1847.7666829427083,65.67000071105468,68.95999908447266,48093.05995922201,59161047474.0,646899,41386831.59001042,4191692549.239029,0.8293,0.9166,414.0,24.551946156128775,288.0
Bitcoin,2021-05-16,46456.05859,-567.29375,3766.975594410819,0.8516,35.0,674.0,147.8,174.02999877929688,17.33000056,36.43333180745443,34345.902343333335,6338.1767580000005,19.41666603088379,48.22345733642578,90.25333404541016,1.2126013835271199,5756.691406,0.831,236.2,1857.6333414713542,65.96999867552735,69.20999908447266,46790.13525338406,64047871555.0,604353,41709082.876608536,5725518842.773768,0.8234,0.9101,427.0,28.119145285346058,310.0
Bitcoin,2021-05-17,43537.51172,-703.7902344,3813.3537327564745,0.8228,34.0,822.0,170.8,174.6999969482422,17.62000084,36.41999816894531,34327.78906,6339.470215,19.719999313354492,48.20827102661133,90.22000122070312,1.2150373458862305,4416.269531,0.8131,284.2,1867.5,66.26999664,69.45999908447266,44870.18311244637,74903638450.0,684281,36875391.36590077,10100167444.649612,0.821,0.8835,454.0,33.41330425469099,276.0
Bitcoin,2021-05-18,42909.40234,-939.4446875,3787.015966131012,0.8121,31.0,513.0,134.2,175.0399932861328,17.0,37.00999832,34060.66016,6304.959961,21.34000015258789,48.85530090332031,89.75,1.215687274932861,3444.625,0.7905,272.4,1867.800048828125,65.48999786376953,68.70999908447266,43104.585331251015,56187365084.0,619246,30628667.24071644,6401432361.182449,0.8119,0.8894,458.0,38.17869794,218.0
Bitcoin,2021-05-19,37002.44141,-1341.277188,4435.416332389511,0.7855,33.0,1433.0,253.2,175.16000366210938,17.790000915527344,38.81999969482422,33896.03906,6299.870117,22.18000030517578,48.7094841,90.19000244140624,1.2223997116088867,12864.62109,0.7773,411.2,1881.300048828125,63.36000061035156,66.66000366210938,40052.228321628994,126358000000.0,734818,36558890.15030742,14642615897.19912,0.793,0.8243,466.0,47.26493148334562,228.0
Bitcoin,2021-05-20,40782.73828,-1536.456562,4648.055679183117,0.7775,29.0,357.0,94.0,175.9600067138672,17.290000915527344,39.43000030517578,34084.14844,6449.810059,20.670000076293945,48.99199295043945,89.80999755859375,1.217285394668579,7412.367188,0.7427,167.8,1881.800048828125,62.04999923706055,65.11000061035156,38470.95000800913,88281943359.0,694786,33135536.437567458,12059107969.11172,0.7904,0.8037,364.0,50.882871119879965,83.0
Bitcoin,2021-05-21,37304.69141,-1781.929844,4927.174469955752,0.7179,29.0,368.0,90.0,176.0399932861328,16.469999313354492,39.34000015258789,34207.83984,6400.75,20.149999618530273,48.42698669433594,90.01999664,1.222538709640503,8555.71875,0.7536,213.8,1876.699951171875,63.58000183105469,66.44000244140625,36387.114897104475,82051616861.0,695822,31984319.396481585,7317126300.495067,0.8267,0.8105,412.0,56.098150811717375,74.0
Bitcoin,2021-05-22,37536.63281,-1970.61875,4821.474228798198,0.7551,29.0,343.0,78.0,176.1433308919271,16.616666158040363,38.073333740234375,34269.88671666667,6449.0432943333335,19.56666628519694,48.56064224243164,89.95666503701823,1.2211336692174275,3447.371094,0.736,136.8,1879.3332926432292,64.40333557128906,67.11333465576172,34643.71947575467,57377273240.0,603588,31076144.881794974,5042562364.379068,0.8153,0.7719,347.0,60.35659146317601,51.0
Bitcoin,2021-05-23,34770.58203,-2130.468984,4981.503134,0.7119,29.0,456.0,99.6,176.24666849772134,16.763333002726238,36.80666732788086,34331.933593333335,6497.336588666666,18.983332951863606,48.694297790527344,89.89333343403646,1.2197286287943523,7061.878906,0.7263,118.6,1881.9666341145833,65.22666931152344,67.78666687011719,32628.78522,78469274361.0,555526,28944158.98421438,4450529580.047133,0.8154,0.7574,439.0,65.43699362659328,103.0
Bitcoin,2021-05-24,38705.98047,-2093.215469,5003.114238574723,0.7176,26.0,360.0,83.0,176.35000610351562,16.90999984741211,35.540000915527344,34393.98047,6545.629883,18.399999618530273,48.82795333862305,89.83000183105469,1.2183235883712769,5284.058594,0.7173,188.6,1884.5999755859375,66.05000305175781,68.45999908447266,31512.945457600632,67359584098.0,643231,32668797.23653627,7207897767.577336,0.8137,0.7216,409.0,68.04879580267304,103.0
Bitcoin,2021-05-25,38402.22266,-2143.606719,4873.957641176528,0.6808,28.0,263.0,72.0,177.9499969482422,17.09000015258789,36.22999954223633,34312.46094,6564.319824,18.84000015258789,49.31095123291016,89.63999938964844,1.2214635610580444,3194.921875,0.7337,160.6,1898.0999755859375,66.06999969482422,68.65000153,30708.618958933257,56211915803.0,640506,32577927.947288435,6201345379.021108,0.8248,0.7109,392.0,68.80430353,77.0
Bitcoin,2021-05-26,39294.19922,-2085.747578,4731.263680199633,0.7295,29.0,219.0,63.8,177.63999938964844,16.809999465942383,33.88999938964844,34323.05078,6604.649902,17.360000610351562,49.675479888916016,90.04000091552734,1.2249093055725098,2876.242188,0.7278,146.0,1901.300048828125,66.20999908447266,68.87000274658203,30166.515959301825,51346735160.0,641585,32976616.14112848,5744713581.126872,0.835,0.6287,498.0,68.72233982834585,100.0
Bitcoin,2021-05-27,38436.96875,-2001.033359,4617.010191881802,0.7249,31.0,241.0,60.8,177.7100067138672,16.149999618530273,33.630001068115234,34464.64063,6601.950195,16.739999771118164,49.68458938598633,89.97000122070312,1.219259501,3131.714844,0.7321,134.0,1895.699951171875,66.84999847,69.45999908447266,29809.29997842227,43210968721.0,602300,30872457.374978814,4886792807.599231,0.8133,0.6821,395.0,67.55062290214161,74.0
Bitcoin,2021-05-28,35697.60547,-1996.894141,4578.504441568816,0.7357,32.0,311.0,74.2,178.3800048828125,16.079999923706055,33.540000915527344,34529.44922,6623.689941,16.760000228881836,50.00355148,90.02999877929688,1.2193188667297363,4077.929688,0.7127,141.2,1902.5,66.31999969482422,69.62999725341797,29535.513316357657,55200191952.0,616432,29892496.44,5453824455.071646,0.7627,0.6211,412.0,65.31010394,76.0
Bitcoin,2021-05-29,34616.06641,-2068.421406,4504.366289492472,0.7273,33.0,303.0,81.0,178.26000213623047,16.082499980926514,33.51250076293945,34540.9140625,6629.842406999999,17.045000076293945,50.26099681617676,89.97999954223633,1.2192148367563884,3540.570313,0.6924,118.8,1902.6000061035156,66.67000007629395,69.78499794006348,29436.949799063754,45231013335.0,537305,27237217.139367033,3534235035.747762,0.7461,0.6299,356.0,62.045271112189795,66.0
Bitcoin,2021-05-30,35678.12891,-2137.610391,4388.335103635867,0.6905,34.0,225.0,58.6,178.13999938964844,16.085000038146973,33.48500061035156,34552.378905,6635.994873,17.329999923706055,50.518442152353515,89.93000030517578,1.2191108067830403,2879.929688,0.6862,119.2,1902.7000122070312,67.02000045776367,69.93999862670898,29574.210377862415,31646080921.0,476088,33235125.09114663,2229477248.099227,0.7336,0.5764,380.0,58.04548011045891,80.0
Bitcoin,2021-05-31,37332.85547,-2217.089375,4305.332931054733,0.6783,35.0,223.0,52.0,178.0199966430664,16.08750009536743,33.45750045776367,34563.8437475,6642.147338999999,17.614999771118164,50.77588748853027,89.88000106811523,1.2190067768096924,3226.304688,0.6977,141.2,1902.8000183105469,67.3700008392334,70.09499931335449,30647.738203709923,39009847639.0,599311,33914623.681255355,3294970505.3556504,0.7274,0.6458,392.0,49.39159722421113,74.0
Bitcoin,2021-06-01,36684.92578,-2329.020547,4148.498324372252,0.6909,42.0,243.0,44.2,177.89999389648438,16.09000015258789,33.43000030517578,34575.30859,6648.299805,17.899999618530273,51.03333282470703,89.83000183105469,1.223286509513855,2109.648438,0.7063,125.8,1902.9000244140625,67.72000122070312,70.25,30673.158226457665,34639423297.0,615006,34238305.81555942,5421714885.342989,0.7107,0.6397,352.0,46.922363317228424,83.0
Bitcoin,2021-06-02,37575.17969,-2395.059141,4013.964961917091,0.7118,41.0,189.0,35.0,178.77000427246094,15.649999618530272,32.77000045776367,34600.37891,6647.490234,17.479999542236328,51.115345,89.90000153,1.2217769622802734,2265.03125,0.716,121.4,1907.5,68.83000183105469,71.34999847,31126.36921369565,33070867190.0,663855,41033277.74,3845016656.313909,0.7172,0.6548,435.0,42.271331501155935,82.0
Bitcoin,2021-06-03,39208.76563,-2400.498984,3886.894640976585,0.7034,42.0,146.0,41.8,175.27000427246094,15.949999809265137,33.88999938964844,34577.03906,6551.180176,18.040000915527344,50.56856155395508,90.5,1.220986247062683,2234.980469,0.7126,118.6,1871.199951171875,68.80999755859375,71.30999755859375,32095.187337260388,35460750427.0,692529,37237145.28549553,4080204482.0,0.7062,0.6432,404.0,35.133068461360445,99.0
Bitcoin,2021-06-04,36894.40625,-2446.588984,3861.028003674686,0.7154,42.333333333333336,262.0,53.2,177.16000366210938,15.829999923706056,31.760000228881836,34756.39063,6689.47998,16.420000076293945,51.02421569824219,90.13999938964844,1.213300704956055,3524.761719,0.7091,118.0,1889.800048828125,69.62000274658203,71.88999938964844,32577.09054722705,41831090187.0,632737,32433139.613245476,3411600139.2564692,0.7212,0.591,322.0,30.510244025693986,61.0
Bitcoin,2021-06-05,35551.95703,-2509.563438,3800.7617735014937,0.7334,42.666666666666664,188.0,46.4,177.39666748046875,15.743333180745445,31.740000406901043,34714.33984666667,6693.923339666667,16.420000076293945,50.93915939331055,90.07666524251302,1.2144808371861777,3017.300781,0.6922,129.8,1892.1333821614583,69.49000295105469,71.7566655476888,33203.248803681374,35959473399.0,537842,31004148.542508263,2192085664.632768,0.7176,0.5734,357.0,24.76722654804899,77.0
Bitcoin,2021-06-06,35862.37891,-2541.821719,3610.124771822815,0.7052,43.0,176.0,63.8,177.63333129882812,15.656666437784832,31.720000584920246,34672.28906333333,6698.366699333334,16.420000076293945,50.854103088378906,90.01333109537761,1.2156609694163003,1131.84375,0.6892,193.8,1894.4667154947917,69.36000315552734,71.62333170572917,33525.34480016193,28913440585.0,467665,34551597.29480198,1550993266.2225916,0.7082,0.5916,394.0,21.257296041314287,102.0
Bitcoin,2021-06-07,33560.70703,-2476.365703,3588.6822657997573,0.6859,45.0,244.0,66.8,177.8699951171875,15.56999969482422,31.700000762939453,34630.23828,6702.810059,16.420000076293945,50.769046783447266,89.94999694824219,1.2168411016464231,3309.929688,0.6811,223.2,1896.800048828125,69.23000336,71.48999786376953,33534.93574995097,33683936663.0,615279,32065211.20618515,3987593296.6689854,0.706,0.6217,398.0,18.950134231907924,83.0
Bitcoin,2021-06-08,33472.63281,-2443.379766,3539.700915340846,0.6895,46.0,459.0,89.8,177.32000732421875,15.59000015258789,31.950000762939453,34599.82031,6689.060059,17.06999969482422,50.52299499511719,90.08000183105467,1.2193634510040283,2902.943359,0.6708,236.4,1892.199951171875,70.05000305175781,72.22000122070312,33028.20574262709,49902050442.0,656191,31680869.696719125,4855389937.573238,0.7057,0.6093,369.0,20.832295647507344,69.0
Bitcoin,2021-06-09,37345.12109,-2297.545859,3648.401268486143,0.6624,49.0,325.0,72.2,176.97999572753906,15.43000030517578,31.790000915527344,34447.14063,6669.25,17.889999389648438,50.37718200683594,90.12000274658205,1.217285394668579,5061.505859,0.6638,350.0,1893.199951171875,69.95999908447266,72.22000122070312,33289.15276226116,53972919008.0,581779,29082024.728636615,4061991299.689477,0.6896,0.6265,408.0,18.57091715359196,54.0
Bitcoin,2021-06-10,36702.59766,-2121.199062,3565.4247827907047,0.6585,52.0,270.0,64.4,177.74000549316406,15.5,33.029998779296875,34466.23828,6722.660156,16.100000381469727,50.78083038330078,90.08000183105467,1.218200445175171,2486.730469,0.6861,271.6,1894.199951171875,70.29000091552734,72.51999664,33270.44999848753,43576032854.0,679752,28990968.60722536,4643427946.043253,0.6973,0.6518,355.0,18.523972032309786,61.0
Bitcoin,2021-06-11,37334.39844,-1913.327734,3422.483447859226,0.7091,52.666666666666664,279.0,57.6,175.74000549316406,15.210000038146973,32.54999923706055,34479.60156,6738.279785,15.649999618530272,50.60692596435547,90.55999755859376,1.2172558307647705,1564.246094,0.6754,222.2,1877.4000244140625,70.91000366210938,72.69000244140625,33269.57006340781,38699736985.0,616007,25753794.50716803,3501716416.133935,0.687,0.6124,406.0,18.47871258884042,55.0
Bitcoin,2021-06-12,35552.51563,-1771.040937,3369.501371226424,0.7015,53.333333333333336,236.0,50.0,175.39667256673178,15.516666412097981,32.743333180745445,34450.98437333333,6768.389811,15.896666208902994,50.65269088745117,90.54666391906251,1.215177337328593,2680.734375,0.6846,154.2,1872.933349609375,70.9000015258789,72.74666849772136,33379.33085,37924228550.0,584529,31189778.559382275,2153678028.595535,0.6937,0.585,358.0,18.073886790363023,61.0
Bitcoin,2021-06-13,39097.85938,-1545.068437,3447.299264353108,0.7053,54.0,207.0,45.2,175.05333964029947,15.823332786048992,32.936667124430336,34422.36718666667,6798.499836999999,16.143332799275715,50.698455810546875,90.53333027953126,1.2130988438924153,4458.671875,0.6802,143.4,1868.4666748046875,70.88999938964844,72.80333455403645,33347.408249127526,40669112838.0,480484,31382108.55365283,1539743948.2780533,0.6948,0.5908,385.0,18.344870035413503,82.0
Bitcoin,2021-06-14,40218.47656,-1338.225781,3359.7120401136003,0.6853,51.0,233.0,50.2,174.7100067138672,16.12999916,33.130001068115234,34393.75,6828.609863,16.389999389648438,50.74422073364258,90.51999664,1.2110203504562378,2221.078125,0.6969,170.8,1864.0,70.87999725341797,72.86000061035156,33173.57946062473,43148914673.0,624698,36421303.120417744,4973233612.976941,0.7039,0.552,359.0,19.73764584993538,106.0
Bitcoin,2021-06-15,40406.26953,-1266.465625,3240.146950194772,0.7251,44.0,206.0,53.6,174.0500030517578,16.260000228881836,31.559999465942383,34299.32813,6751.399902,17.020000457763672,50.39640426635742,90.54000091552734,1.212224006652832,1685.800781,0.7086,168.4,1854.5,72.12000274658203,73.98999786376953,33048.945152471024,46420149185.0,677276,34465050.94,4080041045.1731434,0.7266,0.5477,365.0,20.68579204474593,66.0
Bitcoin,2021-06-16,38347.0625,-1311.629219,3175.903752859431,0.7421,42.0,206.0,54.2,171.11000061035156,16.299999237060547,33.83000183105469,34033.67188,6742.029785,18.149999618530273,49.709930419921875,91.12999725341795,1.2127091884613037,2340.742188,0.7102,189.6,1859.5,72.15000153,74.38999938964844,33051.68577800727,39211635100.0,651528,31780141.800057422,3918231599.126314,0.7255,0.621,387.0,20.64905007788075,61.0
Bitcoin,2021-06-17,38053.50391,-1336.230469,3097.196062923043,0.7387,31.0,194.0,42.2,165.85000610351562,17.65999984741211,36.84000015258789,33823.44922,6864.120117,17.75,49.98452377319336,91.88999938964844,1.1995586156845093,2073.996094,0.7001,200.2,1773.800048828125,71.04000091552734,73.08000183105469,33174.47873428105,37096670047.0,601894,32585835.143843785,3458321392.277408,0.7264,0.6109,343.0,20.556231157730274,51.0
Bitcoin,2021-06-18,35787.24609,-1472.527578,3085.353933,0.714,31.666666666666668,279.0,56.4,164.92999267578125,17.899999618530273,33.95000076293945,33290.07813,6844.5,20.700000762939453,49.63670349121094,92.23000336,1.1913414001464844,2931.40625,0.6878,155.8,1767.9000244140625,71.63999938964844,73.51000213623047,33345.80431334114,36200887275.0,567037,29858234.31511843,5151710129.431004,0.7053,0.6169,377.0,19.914726369962647,60.0
Bitcoin,2021-06-19,35615.87109,-1739.498125,2973.8811078265016,0.7099,32.333333333333336,274.0,52.4,165.60332743326822,17.56999969482422,34.30333328195964,33485.70833666667,6847.276692666666,19.763333638509113,49.70687739054362,92.10666911011718,1.1900164286295574,1524.734375,0.6591,161.2,1772.5333658854167,72.31333414713542,73.97333526748697,33338.018417440246,31207279719.0,489074,23856840.00185822,2186838846.1350193,0.7006,0.589,295.0,19.941639333901342,80.0
Bitcoin,2021-06-20,35698.29688,-1909.783516,2949.1331827138943,0.6798,33.0,354.0,65.8,166.27666219075522,17.239999771118164,34.656665800979816,33681.33854333333,6850.053385333334,18.826666514078777,49.777051289876304,91.98333486023438,1.1886914571126301,2627.410156,0.6602,150.0,1777.1667073567708,72.98666890462239,74.43666839874349,33214.57585138659,36664034054.0,441204,23743052.1,2162759239.6124706,0.6981,0.6462,310.0,20.21154782412528,103.0
Bitcoin,2021-06-21,31676.69336,-2075.150117,3054.6026038146874,0.6767,32.0,558.0,78.0,166.9499969482422,16.90999984741211,35.00999832,33876.96875,6852.830078,17.889999389648438,49.847225189208984,91.86000061035156,1.1873664855957031,4425.705078,0.6563,192.4,1781.800048828125,73.66000366210938,74.90000153,32312.217152386773,52809038594.0,549345,23126700.279965032,4751842584.489068,0.6909,0.6701,332.0,23.902491856934127,56.0
Bitcoin,2021-06-22,32505.66016,-2233.618789,3150.618991488638,0.6761,33.0,514.0,80.2,166.25,16.65999984741211,34.279998779296875,33945.57813,6953.72998,16.65999984741211,49.61840057373047,91.73000336,1.1912561655044556,4398.832031,0.6223,170.4,1776.300048828125,73.05999755859375,74.80999755859375,31718.058610041284,58964353058.0,550948,19804046.130290017,4882368443.934831,0.6736,0.6662,345.0,25.938326462821895,77.0
Bitcoin,2021-06-23,33723.02734,-2270.471758,3138.487445221592,0.6213,37.0,283.0,64.6,166.13999938964844,16.200000762939453,34.68000030517578,33874.23828,7049.350098,16.31999969482422,49.92045211791992,91.8000030517578,1.1936734914779663,2980.777344,0.6193,168.0,1782.300048828125,73.08000183105469,75.19000244140625,31480.68867537889,46317108925.0,598493,23621428.331087295,4386486291.106102,0.6701,0.6329,304.0,25.93089351077957,66.0
Bitcoin,2021-06-24,34662.4375,-2283.01707,3117.4266790450497,0.6303,41.0,208.0,50.4,166.0399932861328,15.699999809265137,32.04999923706055,34196.82031,7134.540039,15.970000267028809,50.37810134887695,91.81999969482422,1.193317413330078,2843.636719,0.6342,172.6,1775.5999755859375,73.30000305175781,75.55999755859375,31337.20501192271,33123368116.0,594998,23766132.38608606,3876348202.4309297,0.6729,0.6287,307.0,26.187998820333668,45.0
Bitcoin,2021-06-25,31637.7793,-2335.596719,3190.2077254079036,0.6465,41.0,262.0,56.8,166.58999633789062,15.289999961853027,31.299999237060547,34433.83984,7175.02002,15.619999885559082,50.79914093017578,91.80999755859376,1.1930327415466309,4136.361328,0.6361,201.2,1776.5999755859375,74.05000305175781,76.18000030517578,30764.27693709187,40230904226.0,564091,24364896.164727684,4356792800.442628,0.6802,0.5872,307.0,28.434576117365246,44.0
Bitcoin,2021-06-26,32186.27734,-2339.911523,3137.556169128768,0.6598,41.0,308.0,62.2,166.58666483561197,15.3133331934611,31.486666361490883,34383.649736666666,7215.763346666667,15.666666666666666,50.81439463297526,91.83333079020183,1.1934269269307454,2453.085938,0.6104,150.8,1777.5999755859375,73.67000325520833,75.68000030517578,30334.52246699648,38585385521.0,490112,18459502.48536148,2331345211.2810645,0.7332,0.5841,261.0,29.95972984317539,72.0
Bitcoin,2021-06-27,34649.64453,-2329.101523,3098.042949458856,0.617,41.0,214.0,52.0,166.58333333333334,15.336666425069174,31.673333485921223,34333.45963333333,7256.506673333333,15.713333447774252,50.82964833577474,91.85666402180989,1.19382111231486,2584.371094,0.5905,138.8,1778.5999755859375,73.29000345865886,75.18000030517578,30454.62159684189,35511640894.0,379066,13064509.932234002,2112213965.630286,0.7342,0.5847,283.0,29.54662743214542,48.0
Bitcoin,2021-06-28,34434.33594,-2412.850898,2970.8839106582236,0.6192,40.0,234.0,46.8,166.5800018310547,15.359999656677246,31.86000061035156,34283.26953,7297.25,15.760000228881836,50.84490203857422,91.87999725341795,1.1942152976989746,1317.816406,0.6204,191.2,1779.5999755859375,72.91000366210938,74.68000030517578,30568.85772322968,33892523752.0,580308,20581265.559633788,3708117939.5760326,0.7381,0.5064,318.0,29.13717438122311,51.0
Bitcoin,2021-06-29,35867.77734,-2357.459883,2922.222559896922,0.655,37.0,190.0,47.0,164.8300018310547,16.190000534057617,31.989999771118164,34292.28906,7310.240234,16.020000457763672,50.80828475952149,92.0500030517578,1.1928904056549072,2289.625,0.6288,201.6,1762.800048828125,72.98000336,74.76000213623047,30544.058909016618,37901460044.0,566351,21860395.240822986,3300219147.3776546,0.7424,0.5214,342.0,28.922616918430684,73.0
Bitcoin,2021-06-30,35040.83594,-2295.559922,2855.535624814999,0.6522,39.0,156.0,41.0,165.6300048828125,15.970000267028809,32.74000168,34502.51172,7268.410156,15.829999923706056,50.478782653808594,92.44000244140624,1.1901928186416626,1988.605469,0.6362,197.4,1770.800048828125,73.47000122070312,75.12999725341797,30474.206009375994,34059036099.0,567655,21597056.01010785,3725912659.905723,0.7417,0.5466,319.0,28.91577021641363,69.0
Bitcoin,2021-07-01,33572.11719,-2103.725781,2805.6441292924997,0.6718,38.0,187.0,47.0,166.1999969482422,15.800000190734863,32.470001220703125,34633.53125,7264.870117,15.479999542236328,50.19504165649414,92.59999847,1.1856770515441897,2152.203125,0.6373,157.6,1775.9000244140625,75.23000336,75.83999633789062,30274.784686956096,37838957079.0,609509,22482193.599548113,3625272212.8194623,0.7455,0.5672,288.0,29.133084988535423,72.0
Bitcoin,2021-07-02,33897.04688,-1937.026016,2688.734559789464,0.6592,36.75,182.0,40.2,167.2899932861328,15.279999732971191,32.869998931884766,34786.35156,7304.240234,15.06999969482422,50.14011764526367,92.23000336,1.1846235990524292,1168.910156,0.6155,142.2,1782.5999755859375,75.16000366210938,76.16999816894531,30149.18078386173,38728974942.0,532456,20787750.55088921,4454956968.426739,0.7378,0.5094,297.0,29.44358921330875,59.0
Bitcoin,2021-07-03,34668.54688,-1765.306172,2604.293977393788,0.6368,35.5,156.0,40.8,167.49749374389648,15.322499752044678,34.04999923706055,34734.1064425,7303.54516575,15.41249990463257,49.92044639587402,92.31000328293945,1.1849559942881267,1506.566406,0.6299,137.4,1785.3249816894531,74.71250343322754,75.7599983215332,30214.76875958739,24383958643.0,583136,29286315.156302497,1526282960.717945,0.6969,0.5141,303.0,27.99507127,84.0
Bitcoin,2021-07-04,35287.78125,-1594.913906,2528.350825,0.6396,34.25,126.0,44.4,167.70499420166016,15.364999771118164,35.22999954223633,34681.861325000005,7302.8500975,15.75500011444092,49.700775146484375,92.3900032058789,1.1852883895238242,1541.089844,0.6356,118.0,1788.0499877929688,74.2650032043457,75.3499984741211,30553.277606973457,24924307911.0,467442,26850966.694825143,1515363756.639466,0.6903,0.5673,325.0,24.838869744161816,63.0
Bitcoin,2021-07-05,33746.00391,-1415.840234,2495.905844187756,0.6494,33.0,170.0,47.8,167.91249465942383,15.40749979019165,36.40999984741211,34629.6162075,7302.15502925,16.097500324249268,49.48110389709473,92.47000312881835,1.1856207847595217,2070.683594,0.6456,140.2,1790.7749938964844,73.81750297546387,74.93999862670898,31018.33624952149,26721554282.0,547735,29781454.42373567,2169927055.3384056,0.6924,0.5645,282.0,20.458840188894207,77.0
Bitcoin,2021-07-06,34235.19531,-1290.318203,2420.385225852916,0.6584,32.0,170.0,32.2,168.1199951171875,15.449999809265137,37.59000015258789,34577.37109,7301.459961,16.440000534057617,49.26143264770508,92.5500030517578,1.186380386352539,1438.617188,0.6416,150.2,1793.5,73.37000274658203,74.52999877929688,31270.76429169305,26501259870.0,579824,31922406.81313202,2346543660.266684,0.6716,0.5937,334.0,17.914300481658078,46.0
Bitcoin,2021-07-07,33855.32813,-1155.016797,2330.2416382919932,0.6378,26.0,127.0,29.2,168.75999450683594,15.210000038146973,42.00999832,34681.78906,7236.140137,16.200000762939453,49.206512451171875,92.63999938964844,1.1824523210525513,1158.375,0.6296,144.8,1801.5,72.19999694824219,73.43000030517578,31570.28126172591,24796027477.0,568382,27871474.45653536,2415077701.787478,0.6611,0.5774,333.0,15.03989303606296,75.0
Bitcoin,2021-07-08,32877.37109,-933.2784375,2290.5617110032795,0.6396,31.0,219.0,38.8,168.64999389648438,15.81999969482422,38.79999923706055,34421.92969,7129.359863,19.0,48.18137741088867,92.36000061035156,1.179339886,1774.722656,0.627,145.8,1799.5999755859375,72.94000244140625,74.12000274658203,31486.20180804204,29910396946.0,580441,29946768.12842675,3349209076.6624417,0.652,0.547,312.0,14.742920862698314,70.0
Bitcoin,2021-07-09,33798.01172,-843.5248438,2250.051025172688,0.6358,31.666666666666668,212.0,41.4,169.2100067138672,15.270000457763672,37.02000045776367,34870.16016,7230.339844,16.18000030517578,49.01430130004883,92.12999725341795,1.184800386428833,1723.412109,0.6195,133.8,1810.0,74.55999755859375,75.55000305175781,31508.196818261375,27436021028.0,569423,28042394.08723746,2552942232.963585,0.662,0.5534,261.0,14.116462566856327,48.0
Bitcoin,2021-07-10,33520.51953,-665.0071875,2167.4087086424956,0.6191,32.333333333333336,141.0,37.6,169.14000447591147,15.193333625793457,37.59000015258789,34912.16667,7252.329915666667,16.176666895548504,49.02955627441406,92.16333262227863,1.1856322288513184,1093.058594,0.6322,109.4,1808.5,74.4066645290625,75.42000325520833,31542.447266530235,22971873468.0,485683,34562838.34397255,1104335807.3131185,0.6269,0.5689,272.0,13.314774544635052,57.0
Bitcoin,2021-07-11,34240.1875,-544.8897656,2101.0198611501746,0.6333,33.0,114.0,30.2,169.07000223795572,15.116666793823242,38.15999984741211,34954.17318,7274.319987333333,16.173333485921223,49.0448112487793,92.19666799113932,1.1864640712738037,1237.964844,0.6195,91.4,1807.0,74.25333149953126,75.29000345865886,31885.482777788573,20108729370.0,436977,27450462.488367923,1361224001.4296572,0.6206,0.5831,314.0,11.99760501013731,28.0
Bitcoin,2021-07-12,33155.84766,-396.1029687,2086.2932750858768,0.628,30.0,147.0,33.6,169.0,15.039999961853027,38.72999954223633,34996.17969,7296.310059,16.170000076293945,49.06006622314453,92.23000336,1.187295913696289,1894.847656,0.617,131.2,1805.5,74.09999847,75.16000366210938,31989.931218027872,24321499537.0,560833,27887294.46842595,3530030646.398229,0.6203,0.5552,289.0,11.562358252415796,42.0
Bitcoin,2021-07-13,32702.02539,-433.6806641,2013.392444052957,0.6357,29.0,198.0,41.2,169.22000122070312,14.84000015258789,35.400001525878906,34888.78906,7295.689941,17.12000084,49.105831146240234,92.75,1.186521053314209,1065.681641,0.6148,131.6,1809.4000244140625,75.25,76.48999786376953,31865.881860581103,19120856669.0,542415,28926080.150108404,2583990657.5143604,0.6348,0.5592,323.0,12.010420960116912,37.0
Bitcoin,2021-07-14,32822.34766,-405.5836328,1971.169657870603,0.619,26.0,208.0,44.0,171.0399932861328,14.789999961853027,38.20000076293945,34933.23047,7291.100098,16.329999923706055,49.31635284423828,92.41000366210938,1.1775373220443726,1422.273438,0.6227,147.4,1824.300048828125,73.12999725341797,74.76000213623047,31753.48798297737,21376531210.0,564753,35713899.102159716,2847291324.211062,0.6423,0.5552,334.0,12.16371667849231,41.0
Bitcoin,2021-07-15,31780.73047,-480.1695703,1972.0812280673456,0.6109,22.0,238.0,46.2,171.07000732421875,15.010000228881836,38.040000915527344,34987.01953,7223.160156,17.010000228881836,49.435340881347656,92.62000274658205,1.1833338737487793,1983.931641,0.6012,109.0,1828.4000244140625,71.65000153,73.47000122070312,31790.101605579217,21300524237.0,572802,26360965.37206621,3546057522.319202,0.6354,0.5328,320.0,11.98687745657287,46.0
Bitcoin,2021-07-16,31421.53906,-554.5492578,1911.056313339321,0.612,19.0,209.0,40.4,169.41000366210938,14.600000381469728,37.150001525878906,34687.85156,7090.919922,18.450000762939453,49.05091476,92.69000244140624,1.1811814308166504,1117.732422,0.605,146.4,1814.5,71.80999755859375,73.58999633789062,31606.60687408746,23699476918.0,552751,30312671.30340035,2855123418.4177036,0.6469,0.5547,305.0,12.860503141520317,63.0
Bitcoin,2021-07-17,31533.06836,-605.5453125,1825.4062251097264,0.5951,16.0,192.0,44.8,169.47666931152344,15.053333600362143,40.220001220703125,34445.91406,7075.483235666667,19.8000005086263,48.77632395132812,92.7566680908203,1.181254466374715,711.9550781,0.5978,121.2,1812.566650390625,70.01333109537761,71.93333180745442,31282.425764591215,18895018942.0,458821,28583415.042510252,4054713463.052198,0.6585,0.5485,255.0,13.92152317318166,59.0
Bitcoin,2021-07-18,31796.81055,-541.8513281,1779.5560594768888,0.5903,13.0,197.0,36.8,169.5433349609375,15.506666819254558,43.290000915527344,34203.97656,7060.046549333333,21.150000254313152,48.50173314265625,92.82333374023438,1.18132750193278,1183.503906,0.6015,99.6,1810.63330078125,68.21666463216145,70.27666727701823,31053.108707964424,18787986667.0,422214,28985344.268370077,1052594971.1817188,0.6789,0.561,276.0,14.558234674019172,59.0
Bitcoin,2021-07-19,30817.83203,-527.4597656,1746.8824123713966,0.5907,20.0,245.0,41.2,169.61000061035156,15.960000038146973,46.36000061035156,33962.03906,7044.609863,22.5,48.227142333984375,92.88999938964844,1.1814005374908447,1322.125,0.6072,104.2,1808.699951171875,66.41999816894531,68.62000274658203,30791.55466388285,20434789545.0,552678,33665753.26013767,2991573664.2533135,0.6755,0.5382,287.0,14.723322664875871,49.0
Bitcoin,2021-07-20,29807.34766,-527.7005469,1739.6216987645112,0.592,24.0,414.0,72.4,169.38999938964844,15.010000228881836,52.25999832,34511.98828,7127.870117,19.729999542236328,48.38274765014648,92.97000122070312,1.1793843507766724,1645.232422,0.5777,116.2,1810.9000244140625,67.41999816894531,69.34999847,30253.14056747208,23148267245.0,571829,23622405.80759575,2934190502.6489563,0.6737,0.5281,305.0,16.518544881134172,47.0
Bitcoin,2021-07-21,32110.69336,-478.8766016,1845.8017615759743,0.5787,25.0,236.0,54.0,168.75999450683594,15.010000228881836,42.90999984741211,34798.0,7172.390137,17.90999984741211,48.693946838378906,92.75,1.1784114837646484,3226.142578,0.5825,118.0,1802.9000244140625,70.30000305175781,72.23000336,30169.482822617407,28203024559.0,571507,28599770.53082254,3408086708.7529273,0.6767,0.5314,310.0,16.619577265348486,48.0
Bitcoin,2021-07-22,32313.10547,-500.8273438,1773.3231759276907,0.5605,29.0,172.0,38.6,169.08999633789062,14.510000228881836,36.439998626708984,34823.35156,7205.419922,17.690000534057617,48.78547668457031,92.81999969482422,1.179273009300232,831.1015625,0.5978,127.4,1805.0,71.91000366210938,73.79000091552734,30118.34777,19555230518.0,571344,32359585.956606735,2584131350.756411,0.6794,0.5087,265.0,16.488693915834734,51.0
Bitcoin,2021-07-23,33581.55078,-556.9865234,1755.4899635846414,0.5952,29.333333333333332,170.0,38.6,168.55999755859375,14.529999732971191,34.04999923706055,35061.55078,7258.52002,17.200000762939453,48.06238937,92.91000366210938,1.177273869514465,1523.658203,0.5913,100.0,1801.4000244140625,72.06999969482422,74.09999847,30172.848282312065,22552046192.0,581850,27972459.84596659,2519917919.132724,0.6388,0.5034,295.0,15.85171495976346,44.0
Bitcoin,2021-07-24,34292.44531,-511.8198047,1706.2071983285955,0.5969,29.666666666666668,121.0,41.2,168.42666625976562,14.75333309173584,34.563332875569664,35089.13671666667,7228.636719,17.326667149861652,47.757288612389324,92.82333628473958,1.1772969961166382,1065.53125,0.6111,92.8,1800.5,72.01666768391927,74.23333231333334,30284.841544689378,21664706865.0,497255,33022007.456692234,1689884089.6329966,0.6789,0.5036,321.0,14.887083578240516,79.0
Bitcoin,2021-07-25,35350.1875,-365.3450391,1690.2702444301244,0.6119,30.0,134.0,35.6,168.2933349609375,14.976666450500488,35.076666514078774,35116.72265333333,7198.753418,17.453333536783855,47.45218785477864,92.73666890736979,1.177320122718811,1483.089844,0.6168,101.6,1799.5999755859375,71.96333567301433,74.36666615666667,30139.970749493383,20856685287.0,440908,33196893.294046123,1824435371.4748769,0.6636,0.5071,299.0,16.223092814662802,66.0
Bitcoin,2021-07-26,37337.53516,-244.3572656,1941.8483184886868,0.6209,27.0,257.0,75.2,168.16000366210938,15.199999809265137,35.59000015258789,35144.30859,7168.870117,17.579999923706055,47.14708709716797,92.65000153,1.177343249320984,5212.363281,0.6247,104.4,1798.699951171875,71.91000366210938,74.5,29686.49254286307,51022126212.0,644448,36493145.88,8661331075.286484,0.6681,0.4889,336.0,19.840144638829777,54.0
Bitcoin,2021-07-27,39406.94141,-22.19109375,2014.9459274359235,0.6326,27.0,170.0,39.6,168.44000244140625,15.510000228881836,35.13999938964844,35058.51953,7067.970215,19.36000061035156,46.19518280029297,92.43000030517578,1.1807769536972046,2965.214844,0.6488,104.8,1799.5,71.65000153,74.48000336,28927.325917140715,35097370560.0,600692,40625844.53592668,7345558779.508659,0.7226,0.4632,316.0,25.913636822191215,43.0
Bitcoin,2021-07-28,39995.90625,220.8186718750003,2010.5664192262143,0.6614,30.0,185.0,57.4,169.2899932861328,15.609999656677246,34.619998931884766,34930.92969,7191.640137,18.309999465942383,47.44914245605469,92.31999969482422,1.1823126077651978,1953.632813,0.6699,119.2,1799.5,72.38999938964844,74.73999786376953,28378.09576608114,38702404695.0,605433,39723886.33306227,6002881501.151431,0.7798,0.5158,315.0,31.02861018256325,52.0
Bitcoin,2021-07-29,40008.42188,326.12390624999534,1955.5982263350563,0.6807,26.0,126.0,41.6,171.1699981689453,15.210000038146973,33.36000061035156,35084.53125,7199.129883,17.700000762939453,47.68711471557617,91.86000061035156,1.1845955848693848,1241.011719,0.6793,116.8,1831.199951171875,73.62000274658203,76.05000305175781,27983.44181270594,27167146027.0,620900,40901817.89725001,8710173273.907516,0.8076,0.5194,325.0,34.90474095400875,57.0
Bitcoin,2021-07-30,42235.54688,440.81828125000175,2090.0691677575523,0.689,25.333333333333332,172.0,47.6,169.82000732421875,15.09000015258789,32.849998474121094,34935.46875,7120.259766,18.239999771118164,47.22945785522461,92.16999816894533,1.189299702644348,3838.191406,0.6909,132.0,1812.5999755859375,73.94999694824219,76.33000183105469,27399.25508857522,33072782960.0,629903,42087445.19,3645326210.342276,0.852,0.5433,309.0,40.40277682,52.0
Bitcoin,2021-07-31,41626.19531,497.1510937499989,2021.1152874712984,0.6893,24.666666666666668,123.0,45.4,169.75000508626303,15.136666615804037,33.97666549682617,34903.03255333333,7133.4731446666665,18.646666208902996,47.34234746348307,92.12999979654948,1.1884345213572183,1120.617188,0.6983,101.4,1814.4333089192708,73.05333201090495,75.18333435058594,27076.237102811465,25802845343.0,532121,41621939.121906385,1924780316.635808,0.8469,0.5574,286.0,43.96259851544475,75.0
Bitcoin,2021-08-01,39974.89453,468.6739843750038,2091.0883584554917,0.7074,24.0,139.0,71.4,169.68000284830728,15.183333079020182,35.10333251953125,34870.59635666667,7146.686523333334,19.053332646687824,47.455237071741536,92.09000142415364,1.1875693400700886,3000.738281,0.6965,95.2,1816.2666422526042,72.1566670735677,74.03666687011719,27120.798495036903,26688438115.0,474430,40874038.11368588,1721720041.225241,0.8497,0.5754,317.0,45.22634751226459,70.0
Bitcoin,2021-08-02,39201.94531,340.2902343750029,2061.212906512242,0.706,29.0,136.0,48.0,169.61000061035156,15.229999542236328,36.22999954223633,34838.16016,7159.899902,19.459999084472656,47.56812668,92.0500030517578,1.186704158782959,1672.832031,0.6854,115.4,1818.0999755859375,71.26000213623047,72.88999938964844,27324.72015167272,25595265436.0,583866,35937889.12802676,3383600749.159659,0.8467,0.6156,286.0,45.49539709215324,49.0
Bitcoin,2021-08-03,38152.98047,245.71429687500495,2054.553446672082,0.6837,27.0,144.0,36.0,169.49000549316406,15.09000015258789,37.54999923706055,35116.39844,7152.25,18.040000915527344,47.769493103027344,92.08000183105467,1.1874650716781616,1967.980469,0.6868,139.0,1810.0999755859375,70.55999755859375,72.41000366210938,27593.419045206447,26189830450.0,593856,41637592.37890438,3774291695.678584,0.8291,0.6412,161.0,45.14297367376015,51.0
Bitcoin,2021-08-04,39747.50391,121.87999999999738,2076.5948299455044,0.6744,32.0,100.0,42.0,169.52999877929688,14.880000114440918,42.27000045776367,34792.67188,7198.509766,17.969999313354492,48.016624450683594,92.26999664,1.1869436502456665,2363.132813,0.6658,139.8,1810.5,68.15000153,70.37999725341797,28006.099056720497,25372562724.0,587149,33520445.171270356,4094514095.0958066,0.7891,0.6525,47.0,44.56436676689733,51.0
Bitcoin,2021-08-05,40869.55469,86.49390624999796,2205.6901769136825,0.6609,32.0,114.0,30.4,168.86000061035156,14.84000015258789,39.09000015258789,35064.25,7255.209961,17.280000686645508,47.943397521972656,92.23999786376952,1.1837401390075684,3883.929688,0.6785,152.0,1805.0999755859375,69.08999633789062,71.29000091552734,28508.271822563864,35185031017.0,614597,39935192.170622125,3189301462.820454,0.7583,0.6508,65.0,43.824621469161826,66.0
Bitcoin,2021-08-06,42816.5,93.30625000000146,2286.675197759134,0.6774,32.0,111.0,37.8,164.63999938964844,15.899999618530272,39.310001373291016,35208.51172,7172.870117,16.149999618530273,47.54066848754883,92.8000030517578,1.1835720539093018,3339.480469,0.6835,136.8,1760.0,68.27999877929688,70.69999694824219,28964.654839634015,38226483046.0,636514,41573126.86150505,4463338799.731509,0.6996,0.6765,61.0,43.73919644804744,68.0
Bitcoin,2021-08-07,44555.80078,266.59562500000175,2271.290753,0.6896,32.0,97.0,37.0,163.66666666666666,16.353333155314125,40.63333384195963,35172.958333333336,7177.933431,16.339999516805012,47.59253692626953,92.8500010172526,1.180698037147522,2071.292969,0.6989,103.4,1747.8000081380208,67.68000030619791,70.14666493733723,29359.143108122007,40030862141.0,529222,45850268.790412456,2198372699.5776916,0.7026,0.676,63.0,44.290476480022846,61.0
Bitcoin,2021-08-08,43798.11719,471.5504687499997,2248.3729423599166,0.7089,32.0,101.0,27.0,162.6933339436849,16.80666669209798,41.95666631062826,35137.40494666667,7182.996745,16.529999415079754,47.644405364990234,92.8999989827474,1.1778240203857422,1950.441406,0.7018,85.6,1735.6000162760417,67.08000183309896,69.5933329264323,30237.198736394424,36302664750.0,482998,44179354.81712924,2863365745.2230344,0.7019,0.647,51.0,42.346913916187745,60.0
Bitcoin,2021-08-09,46365.40234,698.0678906250032,2345.499484423494,0.7256,34.0,130.0,42.2,161.72000122070312,17.260000228881836,43.279998779296875,35101.85156,7188.060059,16.719999313354492,47.69627380371094,92.9499969482422,1.1749500036239624,3608.144531,0.6993,118.8,1723.4000244140625,66.48000336,69.04000091552734,31350.108264736584,38734079049.0,611235,43228448.21630561,6121383053.705138,0.7151,0.6357,48.0,39.99765675661874,50.0
Bitcoin,2021-08-10,45585.03125,925.7848046875006,2315.9947779468157,0.7186,35.0,107.0,26.6,161.77000427246094,16.93000030517578,39.279998779296875,35264.67188,7139.75,16.790000915527344,47.76033782958984,93.05999755859376,1.173846722,1932.433594,0.7133,125.6,1728.800048828125,68.29000091552734,70.62999725341797,32259.853139482708,33546019517.0,626461,48233368.67053298,4488621499.916477,0.733,0.6184,86.0,38.13736460312149,51.0
Bitcoin,2021-08-11,45593.63672,1092.2844140624948,2249.4181420220434,0.7409,38.0,114.0,32.0,164.0,15.829999923706056,38.290000915527344,35484.96875,7106.799805,16.170000076293945,47.88848114013672,92.91000366210938,1.172333002090454,1383.921875,0.708,100.8,1750.4000244140625,69.25,71.44000244140625,33370.08626568895,34319709073.0,631031,42939210.622138664,5806136771.043135,0.7346,0.6426,122.0,35.310317410845975,68.0
Bitcoin,2021-08-12,44428.28906,1131.018555,2257.850049288326,0.7314,41.0,128.0,25.4,164.0399932861328,15.670000076293944,36.5,35499.85156,7121.25,15.59000015258789,47.46744537353515,93.04000091552734,1.1741899251937866,2367.464844,0.7091,93.8,1749.0,69.08999633789062,71.30999755859375,34477.81987263757,33723620826.0,605994,42929376.78,3433253898.4565864,0.7405,0.6606,65.0,32.09048224894408,61.0
Bitcoin,2021-08-13,47793.32031,1229.9912890624985,2350.1149453213025,0.7317,42.666666666666664,109.0,26.8,166.38999938964844,15.149999618530272,35.90999984741211,35515.37891,7098.899902,15.449999809265137,47.34845733642578,92.51999664,1.173626184463501,3549.558594,0.7076,113.2,1775.199951171875,68.44000244140625,70.58999633789062,35302.820659146535,31744259539.0,639596,42018438.48174473,3855116852.5439167,0.7425,0.6877,75.0,30.853031787218164,53.0
Bitcoin,2021-08-14,47096.94531,1325.8324999999968,2319.467505030495,0.717,44.333333333333336,98.0,29.4,166.66666666666666,15.306666374206541,36.88666661580404,35552.05208666666,7075.409993333334,15.673333486176757,47.20505905151367,92.55666351113932,1.1755733887354534,1921.050781,0.7288,78.4,1779.0999755859375,68.05666859944661,70.22999827067058,36193.66819234344,31211354442.0,520081,48765927.53500252,3157295026.044922,0.7417,0.7114,119.0,28.990901606611377,54.0
Bitcoin,2021-08-15,47047.00391,1344.8802734374983,2280.7566564568883,0.7492,46.0,83.0,29.4,166.9433339436849,15.463333129882812,37.86333338419596,35588.725263333334,7051.920084666666,15.89666716308838,47.06166076660156,92.59333038227864,1.1775205930074055,1777.515625,0.7345,68.6,1783.0,67.67333475748698,69.87000020345052,36800.60440775753,30988958446.0,474649,53211493.46389551,2430142554.508242,0.7467,0.7034,234.0,28.094793442595435,80.0
Bitcoin,2021-08-16,46004.48438,1310.2175390625052,2281.9724198349677,0.7417,36.0,107.0,25.0,167.22000122070312,15.619999885559082,38.84000015258789,35625.39844,7028.430176,16.12000084,46.91826248168945,92.62999725341795,1.179467797279358,2297.777344,0.7264,79.8,1786.9000244140625,67.29000091552734,69.51000213623047,37190.947696660034,32776876610.0,628859,47962042.26,4336625433.375353,0.7355,0.7339,252.0,27.599692716882785,78.0
Bitcoin,2021-08-17,44695.35938,1301.332773437498,2306.6281286860417,0.7396,20.0,114.0,23.6,166.97000122070312,16.100000381469727,39.5,35343.28125,6892.47998,17.90999984741211,46.057884216308594,93.12999725341795,1.177994966506958,2627.152344,0.7198,97.2,1785.0,66.58999633789062,69.02999877929688,37572.43835364348,33451362600.0,618951,51238797.93256643,2915373923.378095,0.7233,0.7224,244.0,26.774683501882084,70.0
Bitcoin,2021-08-18,44801.1875,1217.3833203125032,2255.3000592263243,0.727,19.0,116.0,27.2,167.10000610351562,15.800000190734863,40.86000061035156,34960.69141,6854.640137,21.56999969482422,46.13111114501953,93.13999938964844,1.1709738969802856,1588.035156,0.6977,106.2,1781.5999755859375,65.45999908447266,68.23000336,37995.69386019341,32194123075.0,604474,38733931.86284885,4267113160.596617,0.7169,0.7241,243.0,25.78568319080502,54.0
Bitcoin,2021-08-19,46717.57813,1141.734843750004,2306.5247201744437,0.7124,24.0,83.0,27.0,166.61000061035156,15.90999984741211,40.97999954223633,34894.12109,6835.540039,21.670000076293945,45.34395217895508,93.56999969482422,1.1703298091888428,2972.445313,0.7034,117.4,1780.199951171875,63.689998626708984,66.44999694824219,38102.26963364218,37204312299.0,613135,44064382.99067613,3132624120.6602454,0.7161,0.7058,268.0,26.18999650827462,60.0
Bitcoin,2021-08-20,49339.17578,1159.8614843750038,2334.019048197698,0.7135,25.333333333333332,96.0,25.6,166.6999969482422,15.34000015258789,40.66999816894531,35120.07813,6911.830078,18.559999465942383,45.307334899902344,93.5,1.1676595211029053,2691.445313,0.722,94.8,1781.0,62.31999969482422,65.18000030517578,38111.65804809462,34706867452.0,676861,48449546.18566341,5683508929.504638,0.723,0.7494,243.0,27.66304876464281,83.0
Bitcoin,2021-08-21,48905.49219,1232.933594,2267.6477099335766,0.7294,26.666666666666668,106.0,35.8,167.3766632080078,15.506666819254557,40.00333150227865,35191.955733333336,6968.593424333333,18.089999516805012,45.53616205851237,93.31999969482422,1.1683579683303833,1404.820313,0.7362,87.6,1788.3999837239583,63.426666259765625,66.37000020345052,38561.78223974023,40585205312.0,555440,52705962.505506665,4007697514.479291,0.7292,0.7405,243.0,27.37046866972968,64.0
Bitcoin,2021-08-22,49321.65234,1320.7752343749962,2196.5062998490353,0.7533,28.0,97.0,28.0,168.05332946777344,15.673333485921225,39.33666483561198,35263.83333666666,7025.356770666667,17.619999567667644,45.7649892171224,93.13999938964844,1.1690564155578613,1271.667969,0.7348,79.4,1795.7999674479167,64.53333282470703,67.56000010172527,39292.691649982895,25370975378.0,474281,50723143.42981716,1549564156.314231,0.7262,0.7391,225.0,26.068308684093783,55.0
Bitcoin,2021-08-23,49546.14844,1427.2743749999936,2140.1467538776756,0.7501,33.0,142.0,51.0,168.72999572753906,15.84000015258789,38.66999816894531,35335.71094,7082.120117,17.149999618530273,45.99381637573242,92.95999908447266,1.1697548627853394,1407.472656,0.7439,99.6,1803.199951171875,65.63999938964844,68.75,40525.33554385738,34305053719.0,648964,62783444.839141734,5800342005.268154,0.726,0.7238,282.0,22.845519862808377,69.0
Bitcoin,2021-08-24,47706.11719,1472.9417968749983,2143.8257245828418,0.7513,38.0,106.0,44.6,168.64999389648438,15.449999809265137,36.790000915527344,35366.26172,7175.240234,17.219999313354492,47.03725814819336,92.88999938964844,1.1744533777236938,2191.652344,0.7264,118.6,1805.5999755859375,67.54000091552734,71.05000305175781,41651.201188017745,35361168834.0,637990,48446097.43704099,4160097929.573416,0.7294,0.7056,302.0,19.493837489168055,54.0
Bitcoin,2021-08-25,48960.78906,1452.1124999999956,2136.3571460412104,0.7519,33.0,114.0,44.0,167.47999572753906,15.899999618530272,35.599998474121094,35405.5,7182.339844,16.790000915527344,47.09217071533203,92.83000183105467,1.175309181213379,2039.265625,0.7219,110.2,1788.199951171875,68.36000061035156,72.25,42606.21949427676,32646349931.0,636566,48840322.24348587,6052791787.804584,0.7301,0.7081,246.0,16.95961857428152,58.0
Bitcoin,2021-08-26,46942.21875,1413.681406249998,2193.8888342704095,0.7343,44.0,136.0,49.2,167.6699981689453,16.440000534057617,36.33000183105469,35213.12109,7124.080078,18.84000015258789,46.64366912841797,93.05999755859376,1.177440166473389,2941.800781,0.7214,98.8,1792.199951171875,67.41999816894531,71.06999969482422,43203.43306379326,32666549568.0,625141,44344740.93695561,5354725344.593736,0.7469,0.7303,275.0,15.212746682021931,61.0
Bitcoin,2021-08-27,49058.66797,1444.2452343750049,2231.361339411809,0.7433,45.666666666666664,135.0,59.4,170.19000244140625,15.270000457763672,34.93000030517578,35455.80078,7198.859863,16.389999389648438,47.22032165527344,92.69000244140624,1.1756407022476196,2718.503906,0.7216,122.6,1816.5999755859375,68.73999786376953,72.69999694824219,43445.20623977777,34511076995.0,619412,44045251.69675718,2921974573.3760543,0.7763,0.7625,277.0,15.06906328,56.0
Bitcoin,2021-08-28,48902.40234,1461.1657031249997,2127.9973598109655,0.7241,47.333333333333336,99.0,50.6,169.91000366210938,15.353333791097006,35.04333368937174,35437.14713333333,7236.733235333333,16.323333104451496,47.25388209025065,92.67666880427082,1.1770606835683186,784.265625,0.725,85.2,1814.066650390625,68.89666493733723,72.93666585286458,43927.64435351851,28568103401.0,538074,43653820.949328326,1828986483.5579357,0.7744,0.7594,239.0,14.025666958121793,50.0
Bitcoin,2021-08-29,48829.83203,1488.1496875000012,2098.7302492887534,0.7408,49.0,89.0,47.8,169.6300048828125,15.436667124430338,35.15666707356771,35418.493486666666,7274.606607666667,16.25666681925456,47.28744252522787,92.66333516713541,1.1784806648890178,1718.257813,0.7309,89.0,1811.5333251953125,69.05333201090495,73.17333475748698,44007.19559273007,25889650240.0,474721,48550300.09798565,1649218799.646922,0.7684,0.7622,265.0,14.173581409049913,43.0
Bitcoin,2021-08-30,47054.98438,1449.9337500000038,2089.9160908574136,0.7373,45.0,115.0,42.2,169.35000610351562,15.520000457763672,35.27000045776367,35399.83984,7312.47998,16.190000534057617,47.32100296020508,92.65000153,1.1799006462097168,1975.332031,0.7192,82.4,1809.0,69.20999908447266,73.41000366210938,44176.70437982438,31847007016.0,591561,41207632.496016696,3839205627.542602,0.7669,0.7637,345.0,13.746829329227738,62.0
Bitcoin,2021-08-31,47166.6875,1468.4127343750006,2043.454729456884,0.7367,47.0,106.0,53.2,169.69000244140625,15.470000267028809,34.279998779296875,35360.73047,7338.600098,16.479999542236328,47.97085952758789,92.62999725341795,1.1796904802322388,1439.457031,0.7111,120.8,1815.0,68.5,72.98999786376953,44362.92525134912,34730363427.0,656399,43189750.75463795,4079243403.911141,0.7617,0.742,304.0,13.271306787595208,61.0
Bitcoin,2021-09-01,48847.02734,1467.6868359375003,2079.540273334964,0.7174,46.0,127.0,48.6,169.6999969482422,15.119999885559082,36.130001068115234,35312.53125,7432.209961,16.110000610351562,48.58411407470703,92.4499969482422,1.1810280084609983,2548.652344,0.7081,112.2,1813.0999755859375,68.58999633789062,71.58999633789062,44874.37484489153,39139399125.0,682571,41665458.82355731,5449363613.813484,0.7576,0.7539,357.0,11.992742057862609,69.0
Bitcoin,2021-09-02,49327.72266,1495.706523437504,2051.7946511324662,0.7169,44.0,120.0,48.6,169.25,14.760000228881836,31.350000381469727,35443.82031,7390.22998,16.40999984741211,48.36443710327149,92.23000336,1.1840906143188477,1691.101563,0.7179,97.6,1808.699951171875,69.98999786376953,73.02999877929688,44868.10672461692,39508070319.0,714181,47307177.29767034,6517047229.0,0.7614,0.7296,279.0,12.32063143447978,78.0
Bitcoin,2021-09-03,50025.375,1554.4131640624985,2090.6798546230043,0.7299,43.5,101.0,42.4,171.05999755859375,14.949999809265137,36.90999984741211,35369.08984,7419.029785,16.40999984741211,48.620723724365234,92.04000091552734,1.1876484155654907,2596.1875,0.7247,96.4,1830.9000244140625,69.29000091552734,72.61000061035156,44883.35411593481,43206179619.0,686568,47116728.859512806,4887254784.221797,0.7736,0.7526,318.0,12.83003126467494,101.0
Bitcoin,2021-09-04,49944.625,1668.5789453124962,2012.5456350963611,0.735,43.0,87.0,42.4,170.2224998474121,15.052499771118164,35.90999984741211,35301.81738,7444.93481425,16.84249973297119,48.691659927368164,92.1599998466455,1.1879636843999226,996.8007813,0.7305,79.6,1822.1500244140625,69.05500030414551,72.38000106811523,44942.15612820072,37471327794.0,574763,49149539.307197995,2397543151.0204377,0.781,0.7494,302.0,13.149270834189624,73.0
Bitcoin,2021-09-05,51753.41016,1792.7689843749977,2035.2268062501923,0.7382,42.5,105.0,41.4,169.38500213623047,15.154999732971191,34.90999984741211,35234.54492,7470.8398435,17.274999618530277,48.762596130371094,92.27999877776367,1.1882789532343547,2330.082031,0.736,82.6,1813.4000244140625,68.81999969276367,72.1500015258789,45008.19377,30322676319.0,506792,52134864.51670021,1996712056.7162683,0.7888,0.7499,322.0,13.986222179360633,72.0
Bitcoin,2021-09-06,52633.53516,1886.6034374999945,2007.515014285893,0.7374,42.0,134.0,50.2,168.54750442504883,15.257499694824219,33.90999984741211,35167.27246,7496.7448727500005,17.70749950408936,48.83353233337402,92.39999770888184,1.1885942220687866,1647.261719,0.7437,118.6,1804.6500244140625,68.58499908138184,71.92000198364258,45370.71551911892,38884105426.0,627019,57266555.76617543,4374020789.212579,0.7898,0.7256,304.0,14.013403470088956,54.0
Bitcoin,2021-09-07,46811.12891,1876.3618750000023,2547.589555676186,0.7528,38.0,230.0,59.6,167.7100067138672,15.359999656677246,32.90999984741211,35100.0,7522.649902,18.13999938964844,48.90446853637695,92.51999664,1.187507390975952,9568.558594,0.7351,177.8,1795.9000244140625,68.34999847,71.69000244140625,45848.753092815095,65210059683.0,662890,50271634.77666399,7058595281.0081625,0.7834,0.726,357.0,12.440140353154217,73.0
Bitcoin,2021-09-08,46091.39063,1837.1498437499977,2563.666027145744,0.7593,34.0,190.0,46.6,167.2899932861328,15.140000343322754,31.90999984741211,35031.07031,7433.370117,17.959999084472656,48.19053268432617,92.65000153,1.184356927871704,2772.660156,0.7083,151.0,1790.699951171875,69.30000305175781,72.59999847,45717.38397042946,49007762488.0,653910,41770433.46465715,4580072991.3477335,0.7788,0.744,300.0,12.857702829700536,53.0
Bitcoin,2021-09-09,46391.42188,1752.3026953125009,2494.2763778853337,0.703,23.0,141.0,33.0,168.02999877929688,15.100000381469728,33.869998931884766,34879.37891,7398.120117,18.799999237060547,48.099002838134766,92.48000336,1.1819101572036743,1592.210938,0.6966,140.0,1797.4000244140625,68.13999938964844,71.44999694824219,45401.92293670984,38672657013.0,691292,40368816.125831656,5369011441.333742,0.7747,0.7516,305.0,13.58669036732583,51.0
Bitcoin,2021-09-10,44883.91016,1599.3119531249977,2508.0607660720957,0.6949,24.666666666666668,178.0,62.4,167.17999267578125,15.149999618530272,33.540000915527344,34607.71875,7340.959961,20.950000762939453,48.04408264160156,92.58000183105467,1.182592272758484,2687.257813,0.6961,143.4,1789.5999755859375,69.72000122070312,72.91999816894531,44807.21330655679,39154666597.0,640477,39761194.02916377,6739492373.0,0.7864,0.7567,308.0,15.26589435073016,63.0
Bitcoin,2021-09-11,45201.45703,1414.975586,2411.129807334803,0.6963,26.333333333333332,125.0,46.4,167.36666361490884,15.129999796549479,33.27333450368489,34695.02213666667,7325.579915333333,20.423334121959634,48.086798351067706,92.5933354695638,1.1821266412734988,1151.027344,0.6924,105.2,1790.3999837239583,69.96333312988281,73.11666615804036,44354.515638429824,34499835245.0,552535,42455401.02245949,1962148896.9097495,0.7755,0.7566,270.0,16.352399944611236,52.0
Bitcoin,2021-09-12,46063.26953,1330.526132812498,2351.364676007317,0.6777,28.0,102.0,33.2,167.55333455403647,15.109999974568684,33.00666809184245,34782.32552333333,7310.199869666667,19.89666748097982,48.12951406053386,92.60666910807292,1.1816610097885132,1574.417969,0.6937,92.4,1791.1999918619792,70.2066650390625,73.31333414713542,44108.33412862757,27881980161.0,495873,42869858.34315411,1526288179.0431836,0.7689,0.7777,317.0,16.71091348154237,55.0
Bitcoin,2021-09-13,44963.07422,1197.103007812504,2398.22144,0.68,24.0,160.0,67.8,167.74000549316406,15.09000015258789,32.74000168,34869.62891,7294.819824,19.37000084,48.17222977,92.62000274658205,1.1811953783035278,3007.359375,0.7021,129.6,1792.0,70.44999694824219,73.51000213623047,43742.15693,40969943253.0,609049,45344744.03230823,4380249885.695589,0.7662,0.7871,288.0,17.71308674168338,57.0
Bitcoin,2021-09-14,47092.49219,1106.5875781249997,2403.047977973146,0.69,27.0,130.0,65.0,168.82000732421875,15.020000457763672,33.630001068115234,34577.57031,7255.279785,19.459999084472656,47.769493103027344,92.65000153,1.1811953783035278,2465.792969,0.6938,120.2,1804.699951171875,70.45999908447266,73.59999847,43655.84247277482,38652152880.0,646621,49469863.808132745,4477699681.242835,0.7595,0.715,291.0,17.717984287043205,61.0
Bitcoin,2021-09-15,48176.34766,1030.5596093749991,2351.1974527607786,0.6764,31.0,99.0,34.2,167.8300018310547,15.140000343322754,32.380001068115234,34814.39063,7309.140137,18.18000030517578,47.76033782958984,92.48999786376952,1.180498123168945,1677.140625,0.6901,161.8,1792.4000244140625,72.61000061035156,75.45999908447266,43739.17248243527,30484496466.0,654103,43026873.39652887,3796133575.7956142,0.7402,0.7055,319.0,17.60501679903581,74.0
Bitcoin,2021-09-16,47783.35938,953.9105468750058,2283.774029795723,0.6961,22.0,106.0,41.0,164.02999877929688,15.920000076293944,33.15999984741211,34751.32031,7298.399902,18.690000534057617,47.22032165527344,92.86000061035156,1.1819995641708374,1407.269531,0.6949,156.2,1754.5999755859375,72.61000061035156,75.66999816894531,43705.234518417645,31764293754.0,673139,41447857.65982055,4153268623.605117,0.7498,0.708,277.0,17.503906411834333,67.0
Bitcoin,2021-09-17,47267.51953,863.6760156,2215.532916060314,0.7062,18.666666666666668,107.0,27.2,163.77000427246094,15.920000076293944,32.31999969482422,34584.87891,7263.759766,20.809999465942383,47.018943786621094,93.1999969482422,1.176747441291809,1328.398438,0.6971,131.2,1749.4000244140625,71.97000122070312,75.33999633789062,43641.36428517219,28727713711.0,652602,45000740.70677981,3314093143.011908,0.7669,0.6844,286.0,17.459068589498518,44.0
Bitcoin,2021-09-18,48278.36328,792.2746093749956,2179.030285895292,0.7013,15.333333333333334,89.0,20.8,164.16000366210938,16.230000178019203,33.289999643961586,34380.07552333333,7187.436523666667,22.44333267211914,46.59790802001953,93.21333058675131,1.175495982170105,1704.496094,0.6988,101.6,1753.5333658854167,71.41000111897786,74.86666361490886,43633.721011551606,28575630451.0,561878,47817679.60133659,1874207408.5200129,0.7669,0.6886,283.0,17.385731415574497,54.0
Bitcoin,2021-09-19,47260.21875,709.8559375000041,2123.996872617057,0.6943,12.0,136.0,29.2,164.5500030517578,16.540000279744465,34.25999959309896,34175.27213666667,7111.113281333333,24.0766658782959,46.17687225341797,93.22666422526041,1.1742445230484009,1408.5625,0.7036,106.8,1757.6667073567708,70.85000101725261,74.39333089192708,43650.26569575885,26967722648.0,501580,48131991.96049828,1797162881.967694,0.7678,0.703,289.0,17.355709300192917,65.0
Bitcoin,2021-09-20,42843.80078,591.8459375,2310.088892876553,0.7029,13.0,257.0,35.6,164.94000244140625,16.850000381469727,35.22999954223633,33970.46875,7034.790039,25.709999084472656,45.755836486816406,93.23999786376952,1.1729930639266968,4729.285156,0.6937,111.0,1761.800048828125,70.29000091552734,73.91999816894531,42907.88387530453,43909845642.0,645684,46493150.405059814,5693199638.620351,0.769,0.6861,316.0,19.64646837400518,45.0
Bitcoin,2021-09-21,40693.67578,465.9314843749962,2417.9396862425137,0.6919,20.0,224.0,47.0,166.0399932861328,16.459999084472656,34.45000076293945,33919.83984,7075.47998,24.36000061035156,46.09449768066406,93.1999969482422,1.1730204820632937,3820.0,0.6554,118.2,1776.0,70.55999755859375,74.36000061035156,41665.04121626862,48701090088.0,596757,33328734.036510628,3816937965.8233886,0.7602,0.713,216.0,23.35705287117492,44.0
Bitcoin,2021-09-22,43574.50781,429.18007812499854,2484.728871600191,0.6449,23.0,168.0,47.6,165.4199981689453,16.40999984741211,32.43000030517578,34258.32031,7168.879883,20.87000084,46.671138763427734,93.45999908447266,1.172291636,3352.988281,0.6453,128.6,1776.699951171875,72.23000336,76.19000244140625,41257.67820493024,38139709246.0,645903,36087715.34087247,3589501923.128757,0.7415,0.7269,228.0,24.010956803869583,42.0
Bitcoin,2021-09-23,44895.09766,411.2756250000021,2438.165090593034,0.6175,24.0,125.0,35.0,163.50999450683594,16.81999969482422,32.29999923706055,34764.82031,7242.339844,18.62999916,47.03725814819336,93.09999847,1.168770432472229,1832.835938,0.6694,132.2,1747.699951171875,73.30000305175781,77.25,41130.58617893832,34244064430.0,642773,46022168.07568965,3583461959.8434386,0.7354,0.7212,247.0,23.58794222641043,55.0
Bitcoin,2021-09-24,42839.75,337.9990624999991,2560.0056979613887,0.6508,24.333333333333332,161.0,39.8,163.3000030517578,16.440000534057617,34.00999832,34798.0,7230.189941,17.75,46.47891998291016,93.33000183105467,1.1740258932113647,4143.933594,0.6691,215.6,1749.699951171875,73.98000336,78.08999633789062,40759.77870720621,42839345714.0,679045,40572791.52640917,4656807424.158868,0.7288,0.7129,220.0,23.836288883984487,44.0
Bitcoin,2021-09-25,42716.59375,278.62281249999796,2465.457857928432,0.6635,24.666666666666668,114.0,34.0,163.41333516438803,16.360000610351562,34.33333206074544,34821.79036333333,7226.643228999999,18.086666742960613,46.57960383097331,93.34666697184244,1.1734524170557659,1236.335938,0.6591,150.6,1749.7999674479167,74.4700012227474,78.5699971516927,40711.37093155595,31604717236.0,536442,38679199.26482163,1498517647.7164574,0.7248,0.7252,202.0,22.31049766829638,60.0
Bitcoin,2021-09-26,43208.53906,221.8429687500029,2508.699428344258,0.6401,25.0,128.0,33.0,163.52666727701822,16.280000686645508,34.65666580149089,34845.58072666667,7223.096517,18.423333485921223,46.68028767903646,93.36333211263019,1.172878940900167,3070.839844,0.6519,129.4,1749.8999837239583,74.95999908549479,79.0499979654948,41188.685386671976,30661222077.0,494512,38084247.824875385,2604107988.964765,0.7194,0.7117,246.0,18.35918701472616,53.0
Bitcoin,2021-09-27,42235.73047,82.16468750000058,2481.1218464089543,0.6383,15.0,127.0,31.6,163.63999938964844,16.200000762939453,34.97999954223633,34869.37109,7219.549805,18.760000228881836,46.78097152709961,93.37999725341795,1.172305464744568,2122.613281,0.6566,144.8,1750.0,75.44999694824219,79.52999877929688,40805.82913006193,30980029059.0,613346,43218816.609998696,3527097522.0,0.7642,0.6505,241.0,19.13522753878687,66.0
Bitcoin,2021-09-28,41034.54297,-127.404375,2435.576033719029,0.6416,15.0,179.0,35.6,162.0500030517578,16.780000686645508,36.099998474121094,34299.98828,7037.790039,23.25,46.17687225341797,93.76999664,1.1696795225143433,1843.480469,0.6438,133.0,1735.800048828125,75.29000091552734,79.08999633789062,40229.2716,30214940550.0,620834,40399023.488103874,3691508332.497973,0.7608,0.6147,225.0,20.685950562945028,55.0
Bitcoin,2021-09-29,41564.36328,-247.2216406,2384.148448721241,0.6335,12.0,144.0,38.0,161.32000732421875,17.389999389648438,35.25999832,34390.71875,6986.959961,22.559999465942383,45.746681213378906,94.33999633789062,1.1686338186264038,1715.589844,0.6335,169.4,1721.5,74.83000183105469,78.63999938964844,39830.08961758172,30602359905.0,589252,34503900.23399902,3012885641.9155345,0.757,0.6608,225.0,21.505116648037045,49.0
Bitcoin,2021-09-30,43790.89453,-281.2783594,2402.9963831875807,0.6182,18.0,161.0,47.6,164.22000122070312,17.15999984741211,38.68000030517578,33843.92188,7002.009766,23.13999938964844,46.112796783447266,94.25,1.1601601839065552,2648.019531,0.6536,162.4,1755.300048828125,75.02999877929688,78.51999664,39763.422865181885,31141681925.0,706763,46789306.04770539,4504376486.984763,0.7484,0.6786,229.0,21.585397780860184,64.0
Bitcoin,2021-10-01,48116.94141,-180.5600781,2596.7815187634674,0.6198,16.0,146.0,39.0,164.58999633789062,16.329999923706055,37.470001220703125,34326.46094,7024.72998,21.100000381469727,46.067039489746094,94.04000091552734,1.1574475765228271,5115.988281,0.6599,142.6,1757.0,75.87999725341797,79.27999877929688,39671.199887949704,42850641582.0,697433,40884975.737541296,4232654754.0,0.786,0.6485,231.0,22.579424845323775,54.0
Bitcoin,2021-10-02,47711.48828,-150.9489844,2469.623296441077,0.6447,14.0,76.0,28.8,164.84666442871094,16.476666768391926,37.403334299723305,34218.61458666666,6954.520019333333,21.71999994913737,45.84126536051432,93.96333312988281,1.1585402886072795,816.5664063,0.6986,112.2,1760.066650390625,76.45999908447266,79.93999989827473,39616.643397871674,30614346492.0,631501,56739068.27785237,3853142042.5200534,0.7957,0.6472,239.0,23.14932096405836,44.0
Bitcoin,2021-10-03,48199.95313,-22.27164063,2434.178942677429,0.6878,12.0,90.0,28.8,165.10333251953125,16.6233336130778,37.33666737874349,34110.768233333336,6884.310058666667,22.339999516805012,45.615491231282554,93.8866653442383,1.1596330006917317,1973.402344,0.6906,113.4,1763.13330078125,77.04000091552734,80.60000101725261,39570.64888351108,26638115879.0,553275,45436120.54418755,1994398643.279512,0.8032,0.6506,208.0,23.990459179380537,36.0
Bitcoin,2021-10-04,49112.90234,99.45968749999884,2432.578549,0.6838,18.0,132.0,37.4,165.36000061035156,16.770000457763672,37.27000045776367,34002.92188,6814.100098,22.959999084472656,45.38971710205078,93.80999755859376,1.160725712776184,2411.773438,0.692,151.6,1766.199951171875,77.62000274658203,81.26000213623047,39445.07972,33383173002.0,650133,47639372.83,4985789606.153524,0.7904,0.6407,243.0,24.94228846766535,77.0
Bitcoin,2021-10-05,51514.8125,245.72109375000585,2456.476119579008,0.6865,19.0,162.0,48.0,164.58999633789062,16.559999465942383,37.20000076293945,34314.67188,6966.060059,21.299999237060547,45.71007156,93.98000336,1.1618449687957764,2767.144531,0.7003,170.0,1759.5999755859375,78.93000030517578,82.55999755859375,39079.24749353378,35873904236.0,729159,52076953.33832859,5416025038.0,0.8004,0.621,260.0,27.20589168936549,94.0
Bitcoin,2021-10-06,55361.44922,385.2698437500003,2643.8902137162218,0.6958,23.0,203.0,68.4,165.02999877929688,16.579999923706055,41.02000045776367,34416.98828,7023.029785,21.0,45.45379257202149,94.26999664,1.1596084833145142,5080.273438,0.705,180.4,1760.5,77.43000030517578,81.08000183105469,38094.22499250191,49034730168.0,657752,43942894.697324865,6336189181.684711,0.8227,0.6243,277.0,32.96057005090867,151.0
Bitcoin,2021-10-07,53805.98438,567.0024218750041,2586.182374790063,0.7158,25.0,92.0,44.8,164.16000366210938,16.290000915527344,46.150001525878906,34754.94141,7168.939941,19.540000915527344,46.34162902832031,94.22000122070312,1.1555349826812744,1813.15625,0.732,152.6,1757.9000244140625,78.30000305175781,81.94999694824219,37633.89446665729,36807860413.0,784172,49405388.008102894,7063813953.370817,0.8659,0.6587,238.0,36.15346568,114.0
Bitcoin,2021-10-08,53967.84766,689.9476562499985,2561.0926181086297,0.7486,24.666666666666668,100.0,44.0,164.22999572753906,15.670000076293944,38.0,34746.25,7200.27002,18.770000457763672,46.515533447265625,94.06999969482422,1.1559758186340332,2234.925781,0.7283,223.8,1756.300048828125,79.34999847,82.38999938964844,37253.931003326165,34800873924.0,689788,41966394.78213781,6223589466.505166,0.8753,0.7165,256.0,38.80591692850621,90.0
Bitcoin,2021-10-09,54968.22266,761.2106249999997,2496.9289154758703,0.7331,24.333333333333332,93.0,29.4,164.1266632080078,15.633333524195962,38.16999944,34662.85286333333,7188.510091333334,19.18000030517578,46.485026041666664,94.15333302815755,1.156185269355774,1662.800781,0.7398,161.4,1755.7333577473958,79.73999786,82.81000010309896,36865.03268110119,32491211414.0,620238,52134455.44,2464860372.5671453,0.8775,0.7119,257.0,41.80764047694524,88.0
Bitcoin,2021-10-10,54771.57813,768.3257812499942,2471.2230554418793,0.7328,24.0,125.0,37.0,164.02333068847656,15.596666972097982,38.33999888,34579.45572666667,7176.750162666666,19.59000015258789,46.45451863606771,94.23666636149089,1.1563947200775146,2137.046875,0.7469,137.6,1755.1666666666667,80.12999725,83.23000081654948,37006.42435026329,39527792364.0,536877,55625852.15177321,2347027649.361444,0.8775,0.7166,239.0,43.20721439261152,117.0
Bitcoin,2021-10-11,57484.78906,718.2667187499974,2528.512368446031,0.7407,24.0,204.0,77.8,163.9199981689453,15.56000042,38.50999832,34496.05859,7164.990234,20.0,46.42401123046875,94.31999969482422,1.1566041707992554,3273.273438,0.7461,171.8,1754.5999755859375,80.51999664,83.65000153,37374.37913989864,42637331698.0,676676,52898159.498963125,5135609835.395792,0.8789,0.7294,231.0,44.415389308452184,119.0
Bitcoin,2021-10-12,56041.05859,668.0689843750006,2572.8976456998857,0.7366,24.0,206.0,68.4,164.66000366210938,15.100000381469728,37.099998474121094,34378.33984,7128.560059,19.850000381469727,46.18602371,94.51999664,1.1553747653961182,3149.90625,0.7513,158.4,1758.300048828125,80.63999938964844,83.41999816894531,37663.55037564877,41083758949.0,673664,48626582.28,6366837726.366944,0.8729,0.7559,300.0,45.21975002993134,110.0
Bitcoin,2021-10-13,57401.09766,716.9632031250003,2626.0969210070366,0.7571,29.0,165.0,45.4,167.58999633789062,15.510000228881836,36.04999923706055,34377.80859,7208.959961,18.63999938964844,46.82672882080078,94.08000183105467,1.153402567,3317.6875,0.7673,177.6,1793.699951171875,80.44000244140625,83.18000030517578,37806.54409712757,41684252783.0,677323,60196305.44825861,4979962944.730588,0.8695,0.7976,249.0,46.60303242,98.0
Bitcoin,2021-10-14,57321.52344,771.5969531250012,2547.208580667248,0.7465,41.0,128.0,45.2,168.0,15.34000015258789,36.97999954223633,34912.55859,7294.75,16.860000610351562,46.973182678222656,93.95999908447266,1.1599582433700562,1521.660156,0.7552,228.6,1796.699951171875,81.30999755859375,84.0,38423.66621419735,36615791366.0,690594,51775839.05997654,5891473872.459068,0.8597,0.7781,234.0,46.35608564866977,70.0
Bitcoin,2021-10-15,61593.94922,947.3098437500012,2785.906851691016,0.7547,42.666666666666664,193.0,80.2,165.3300018310547,15.06000042,34.04999923706055,35294.76172,7342.370117,16.299999237060547,47.54066848754883,93.94000244140624,1.159151554107666,5888.984375,0.7595,467.2,1767.199951171875,82.27999877929688,84.86000061035156,38836.84291663397,51780081801.0,744869,54670343.84247818,8109890836.895518,0.8464,0.7785,318.0,47.58025616493008,93.0
Bitcoin,2021-10-16,60892.17969,1020.7173437500024,2734.653181480943,0.7536,44.333333333333336,140.0,65.2,165.1933339436849,15.216666857657064,34.37333297729492,35282.710940000004,7391.180013,16.303332646687824,47.50100835164388,93.94333394368489,1.1593352556228638,2068.355469,0.7732,256.4,1766.3999837239583,82.33333333333333,84.68333435058594,39533.472068813615,34250964237.0,674026,51917022.70940908,4071153201.0,0.8675,0.7895,247.0,47.49231962439883,67.0
Bitcoin,2021-10-17,61553.61719,1143.8434374999997,2716.5390033394474,0.7846,46.0,164.0,50.6,165.0566660563151,15.373333295314128,34.6966667175293,35270.66016,7439.989909,16.306666056315105,47.46134821573893,93.94666544596355,1.1595189571380615,2481.054688,0.7849,201.8,1765.6000162760417,82.3866678873698,84.50666809082031,40635.96151669344,29032367511.0,559522,61555796.558050446,2583118319.7704897,0.8716,0.785,279.0,46.10638991958216,72.0
Bitcoin,2021-10-18,62026.07813,1213.8687500000017,2708.3506705116297,0.779,53.0,146.0,52.4,164.9199981689453,15.529999732971191,35.02000045776367,35258.60938,7488.799805,16.309999465942383,47.421688079833984,93.9499969482422,1.1597026586532593,2601.902344,0.7847,310.2,1764.800048828125,82.44000244140625,84.33000183105469,42324.74098327808,38055562075.0,693822,58173901.823325954,6507541620.990585,0.8706,0.8117,276.0,42.834339836140906,93.0
Bitcoin,2021-10-19,64261.99219,1390.7942187500012,2715.7257342250846,0.7816,57.0,163.0,62.6,165.4499969482422,15.31999969482422,35.13999938964844,35457.30859,7605.430176,15.699999809265137,48.05323791503906,93.79000091552734,1.161386251449585,2811.601563,0.7907,415.4,1769.699951171875,82.95999908447266,85.08000183105469,44071.79388033746,40471196346.0,743673,61804734.856842734,7660166168.948563,0.876,0.7987,288.0,39.72412176201236,94.0
Bitcoin,2021-10-20,65992.83594,1474.2825781249994,2758.8678134768643,0.784,60.0,191.0,66.6,166.89999389648438,15.270000457763672,35.15999984741211,35609.33984,7579.97998,15.489999771118164,48.04408264160156,93.55999755859376,1.1631964445114136,3319.714844,0.7996,272.2,1784.0999755859375,83.87000274658203,85.81999969482422,45452.77632972759,40788955582.0,713105,61742492.207179874,8272914781.251759,0.8976,0.8096,331.0,37.97250103905474,138.0
Bitcoin,2021-10-21,62210.17188,1504.875234375002,2882.029878139231,0.7999,59.0,191.0,62.6,166.75,15.149999618530272,36.54999923706055,35603.07813,7663.919922,15.010000228881836,47.73288345336914,93.76999664,1.1655012369155884,4483.136719,0.8053,218.8,1781.199951171875,82.5,84.61000061035156,46505.46761683941,45908121370.0,765389,60807152.14749298,10401915938.665771,0.921,0.8086,284.0,36.276245770645296,70.0
Bitcoin,2021-10-22,60692.26563,1479.1417968749956,2932.758212736429,0.8112,60.0,141.0,47.2,167.77000427246094,15.739999771118164,36.869998931884766,35677.01953,7564.169922,15.43000030517578,47.632198333740234,93.61000061035156,1.1625338792800903,3592.226563,0.8033,199.2,1795.5,83.76000213623047,85.52999877929688,47921.88106199581,38434082775.0,693316,63205405.89871215,6910857031.200809,0.932,0.8477,282.0,33.19543187268765,54.0
Bitcoin,2021-10-23,61393.61719,1442.5817187499997,2860.2294453088266,0.7825,61.0,124.0,31.6,168.15666707356772,16.06999969482422,36.60333251953125,35698.39583333333,7603.879883,15.36666679382324,47.71457544962565,93.67666625976562,1.1630255381266275,1917.355469,0.7889,130.0,1799.0,83.76000213623047,85.68333180745442,49448.78292456853,26882546034.0,597144,56004608.352318116,2756385871.7599506,0.9291,0.8413,213.0,29.83432411143304,99.0
Bitcoin,2021-10-24,60930.83594,1318.165781249998,2788.9602661796243,0.7686,62.0,110.0,39.4,168.54332987467447,16.399999618530273,36.336666107177734,35719.77213666667,7643.589844,15.303333282470703,47.79695256551106,93.7433319091797,1.1635171969731648,1862.460938,0.7913,101.4,1802.5,83.76000213623047,85.83666483561198,51019.83700775164,27316183882.0,554996,58596760.65179703,3236266688.0,0.9227,0.8453,259.0,26.195028449306452,72.0
Bitcoin,2021-10-25,63039.82422,1167.371094,2806.714778416794,0.7712,63.0,113.0,45.2,168.92999267578125,16.729999542236328,36.06999969482422,35741.14844,7683.299805,15.239999771118164,47.87932968139648,93.80999755859376,1.164008855819702,3037.523438,0.8042,158.2,1806.0,83.76000213623047,85.98999786376953,52130.26186473263,31064911614.0,704167,74417752.58679873,5639331920.894306,0.9437,0.8486,154.0,24.138376143023592,67.0
Bitcoin,2021-10-26,60363.79297,1054.7133593749968,2837.5113790655946,0.767,58.0,117.0,51.6,167.67999267578125,15.960000038146973,35.5,35756.87891,7658.049805,15.979999542236328,47.632198333740234,93.9499969482422,1.161170482635498,3237.867188,0.7994,166.8,1792.699951171875,84.65000153,86.40000153,52600.19831624249,34878965587.0,715943,59364122.89428637,4843465176.665527,0.9483,0.8678,86.0,23.298521962152098,76.0
Bitcoin,2021-10-27,58482.38672,1060.847656,2865.331715828767,0.7823,64.0,210.0,51.2,168.1199951171875,16.079999923706055,37.630001068115234,35490.69141,7605.25,16.979999542236328,47.24777603149414,93.86000061035156,1.159823656082153,3226.996094,0.7947,129.0,1797.9000244140625,82.66000366210938,84.58000183105469,53324.48368583291,43657076893.0,715873,59080371.713124186,6142467781.290349,0.9452,0.8816,355.0,21.566187866771177,85.0
Bitcoin,2021-10-28,60622.13672,1124.0977343749985,2940.787653537426,0.7607,65.0,141.0,41.6,168.0800018310547,15.800000190734863,37.22999954223633,35730.48047,7710.790039,16.530000686645508,47.29353713989258,93.34999847,1.1600120067596436,3921.714844,0.7779,119.4,1801.5999755859375,82.80999755859375,84.31999969482422,54227.77583377157,45257083247.0,749957,58309865.54726451,6817487230.179183,0.9164,0.8456,790.0,19.548109891344566,90.0
Bitcoin,2021-10-29,62227.96484,1221.1043750000026,2916.2774305168964,0.7449,65.33333333333333,108.0,36.6,166.64999389648438,16.06999969482422,37.91999816894531,35819.55859,7722.490234,16.260000228881836,46.60706711,94.12000274658205,1.1683608293533323,2597.644531,0.7889,104.4,1783.0,83.56999969482422,84.37999725341797,55023.30728178853,36856881767.0,758210,68395070.24,9086217833.395288,0.9126,0.8287,910.0,18.00003590472853,69.0
Bitcoin,2021-10-30,61888.83203,1335.4745312500015,2808.8117435156896,0.7597,65.66666666666667,77.0,33.2,166.93999735514322,16.149999618530273,37.52666600596354,35850.985673333336,7769.063476333333,16.31000010172526,46.72910563274089,94.04000091552734,1.1641300519307454,1411.757813,0.7883,82.6,1787.0333251953125,83.73000081380208,84.48999786376953,56022.15170158032,32157938616.0,666759,60386548.967744984,3024703684.481092,0.8977,0.8326,835.0,15.780378535701123,60.0
Bitcoin,2021-10-31,61318.95703,1503.2193750000006,2774.7426011217117,0.7714,66.0,82.0,34.8,167.2300008138021,16.229999542236328,37.13333384298177,35882.412756666665,7815.636718666667,16.359999974568684,46.85114415548177,93.95999908447266,1.1598992745081582,2331.84375,0.7807,70.0,1791.066650390625,83.89000193277995,84.5999984741211,56462.38765044254,32241199927.0,574308,53663037.31103792,3075083985.180673,0.8972,0.8274,894.0,14.916120882722804,63.0
Bitcoin,2021-11-01,61004.40625,1568.6169531250052,2771.105294791589,0.7665,68.0,102.0,36.6,167.52000427246094,16.309999465942383,36.74000168,35913.83984,7862.209961,16.40999984741211,46.973182678222656,93.87999725341795,1.1556684970855713,2723.820313,0.7813,90.4,1795.0999755859375,84.05000305175781,84.70999908447266,57321.892671058886,36150572843.0,732119,57638512.187306106,7239359626.762486,0.8756,0.8467,864.0,12.859847232651529,66.0
Bitcoin,2021-11-02,63226.40234,1643.2685937500064,2828.150508110047,0.763,72.0,90.0,40.0,167.16000366210938,16.469999313354492,35.560001373291016,36052.62891,7770.290039,16.030000686645508,46.552146911621094,94.08999633789062,1.1599582433700562,3569.738281,0.7808,109.2,1788.699951171875,83.91000366210938,84.72000122070312,57950.85663927955,37746665647.0,736296,62861190.13,8525610065.692273,0.8677,0.8197,853.0,11.701718253784746,62.0
Bitcoin,2021-11-03,62970.04688,1644.0888281250009,2792.761130298615,0.7593,72.0,102.0,39.4,165.77000427246094,16.280000686645508,39.439998626708984,36157.57813,7900.52002,15.100000381469728,46.77181625366211,93.86000061035156,1.1579434871673584,2332.699219,0.7873,132.4,1763.5999755859375,80.86000061035156,81.98999786376953,58756.80828918704,36124731509.0,724143,64240988.99089417,7935879531.750709,0.8817,0.8002,968.0,9.954962529481003,71.0
Bitcoin,2021-11-04,61452.23047,1569.508046875002,2759.2514067058573,0.7731,73.0,114.0,42.6,167.64999389648438,15.869999885559082,38.560001373291016,36124.23047,8002.549805,15.43999958,46.66197586,94.34999847,1.1615750789642334,2323.625,0.7836,112.8,1793.0,78.80999755859375,80.54000091552734,58746.887429423645,32615846901.0,729141,56277841.55081707,4812348605.691654,0.8959,0.8193,910.0,9.965273869886628,59.0
Bitcoin,2021-11-05,61125.67578,1514.004375000004,2683.3662615840103,0.7716,73.33333333333333,106.0,39.0,169.83999633789062,16.639999389648438,37.84000015258789,36327.94922,7936.279785,16.479999542236328,46.60706711,94.31999969482422,1.1555349826812744,1696.859375,0.783,112.2,1816.4000244140625,81.26999664,82.73999786376953,58771.085289584415,30605102446.0,721315,60649721.91761671,6435250914.315516,0.8881,0.8342,789.0,9.922890502,65.0
Bitcoin,2021-11-06,61527.48047,1500.380859,2593.6188388815813,0.7587,73.66666666666667,139.0,30.2,170.04332987467447,16.646666208902996,37.79666646321615,36362.70573,7940.113118333333,16.72666613260905,46.750464122731124,94.23000081380208,1.1559850374857585,1426.902344,0.7787,85.2,1820.0666910807292,81.48999786172526,82.96999867757161,58769.27077236188,29094934221.0,623103,59379244.680895254,2757510648.0,0.8773,0.8284,701.0,9.924742179,65.0
Bitcoin,2021-11-07,63326.98828,1436.0867968749951,2543.6817789614684,0.7548,74.0,83.0,38.4,170.24666341145834,16.65333302815755,37.7533327738444,36397.46224,7943.946451666667,16.97333272298177,46.89386113546224,94.14000193277994,1.1564350922902424,1894.5,0.7803,87.8,1823.7333577473958,81.70999908345053,83.1999994913737,58766.712349771195,24726754302.0,591980,60030049.95190955,2452500859.5113378,0.8793,0.8241,764.0,10.132732716417149,75.0
Bitcoin,2021-11-08,67566.82813,1524.6678906249945,2672.472645196364,0.7574,77.0,118.0,53.8,170.4499969482422,16.65999984741211,37.709999084472656,36432.21875,7947.779785,17.219999313354492,47.03725814819336,94.0500030517578,1.1568851470947266,4329.675781,0.7815,117.0,1827.4000244140625,81.93000030517578,83.43000030517578,58191.379167077066,41125608330.0,707131,57270493.48673426,7868335326.849565,0.873,0.8188,971.0,12.49208393,164.0
Bitcoin,2021-11-09,66971.82813,1741.7107812499962,2635.0298446466236,0.7686,73.0,100.0,43.4,171.2899932861328,16.760000228881836,36.33000183105469,36319.98047,7815.810059,17.780000686645508,46.854190826416016,93.95999908447266,1.159151554107666,2148.273438,0.8045,94.8,1830.199951171875,84.15000153,84.77999877929688,58024.6285,42357991721.0,796734,65840419.26028567,8511741829.845534,0.8838,0.8355,913.0,13.176735157202971,132.0
Bitcoin,2021-11-10,64995.23047,1960.8955468749991,2845.4928356540076,0.8004,72.0,123.0,40.8,173.14999389648438,16.799999237060547,37.09000015258789,36079.94141,7743.180176,18.729999542236328,46.66197586,94.84999847,1.1595547199249268,5581.511719,0.8042,96.8,1847.5999755859375,81.33999633789062,82.63999938964844,57975.49999122816,48730828378.0,743397,63548112.515628144,6732821876.0,0.8938,0.8331,983.0,13.752441383978246,81.0
Bitcoin,2021-11-11,64949.96094,2103.2053906250003,2742.138157660864,0.7964,74.0,124.0,39.8,174.1199951171875,16.950000762939453,36.20000076293945,35921.23047,7819.319824,17.65999984741211,47.46744537353515,95.18000030517578,1.148593544960022,1398.527344,0.7961,107.2,1863.199951171875,81.58999633789062,82.87000274658203,58098.17490534559,35880633236.0,724206,65183349.254919946,5229229610.491692,0.8695,0.8169,698.0,13.99438890039438,62.0
Bitcoin,2021-11-12,64155.94141,2187.4497656250023,2769.621313810088,0.7788,73.33333333333333,150.0,38.2,174.4499969482422,16.850000381469727,36.099998474121094,36100.30859,7897.430176,16.290000915527344,47.595584869384766,95.12999725341795,1.145081877708435,3126.902344,0.7877,181.0,1867.9000244140625,80.79000091552734,82.16999816894531,58206.50757520666,36084893887.0,697196,57924016.80939589,6291969519.770696,0.8849,0.8117,898.0,14.058660169435546,50.0
Bitcoin,2021-11-13,64469.52734,2213.913124999999,2686.929892,0.7796,72.66666666666667,119.0,30.0,174.35999552408853,16.900000254313152,36.2066650390625,36096.02213333333,7890.620117333333,16.356667200724285,47.54372024536133,95.22333272298177,1.144776185353597,1611.941406,0.7953,116.2,1867.3000081380208,80.81999969482422,82.12999979654948,58382.74636666337,30474228777.0,628022,62698179.564128734,2739693247.9953685,0.9305,0.8151,666.0,14.021257404738014,77.0
Bitcoin,2021-11-14,65466.83984,2186.3575000000055,2626.961406263545,0.7725,72.0,117.0,31.2,174.2699940999349,16.950000127156574,36.313331604003906,36091.73567666667,7883.810058666667,16.423333485921223,47.49185562133789,95.31666819254556,1.144470492998759,1847.371094,0.7988,99.4,1866.6999918619792,80.8499984741211,82.09000142415364,58351.43431170705,25122092191.0,582647,65428799.071050175,2187474680.9118695,0.9312,0.8296,686.0,14.479579768908952,70.0
Bitcoin,2021-11-15,63557.87109,2107.313046874995,2634.5660044768633,0.7742,72.0,109.0,39.6,174.17999267578125,17.0,36.41999816894531,36087.44922,7877.0,16.489999771118164,47.43999099731445,95.41000366210938,1.144164800643921,2733.425781,0.803,116.0,1866.0999755859375,80.87999725341797,82.05000305175781,58657.212835167185,30558763548.0,708944,63153343.37694485,5704920149.179018,0.9302,0.8688,913.0,13.979664117678425,62.0
Bitcoin,2021-11-16,60161.24609,2038.314296874996,2782.444102371373,0.7783,71.0,228.0,61.4,172.9199981689453,16.670000076293945,34.689998626708984,36142.21875,7934.640137,16.37000084,47.504058837890625,95.91999816894533,1.1366478204727173,4704.859375,0.7926,116.8,1853.5999755859375,80.76000213623047,82.43000030517578,59039.604538856445,46844335592.0,740829,58617039.19308355,10498129183.520773,0.9241,0.863,923.0,13.015865271395432,60.0
Bitcoin,2021-11-17,60368.01172,2039.7667968749956,2748.5694678269892,0.7682,68.0,191.0,55.6,174.5,16.690000534057617,33.75,35931.05078,7861.27002,17.110000610351562,47.256927490234375,95.83000183105467,1.1321182250976562,2308.199219,0.7748,120.6,1869.699951171875,78.36000061035156,80.27999877929688,58994.281140212035,39178392930.0,708703,56531418.51943135,7480898358.629727,0.9086,0.8402,739.0,13.121807167843032,57.0
Bitcoin,2021-11-18,56942.13672,1914.726718750004,2866.365008,0.7414,63.0,210.0,52.2,173.94000244140625,16.25,37.68000030517578,35870.94922,7855.819824,17.59000015258789,46.68029022216797,95.54000091552734,1.1321182250976562,4397.707031,0.7672,103.2,1861.0,79.01000213623047,81.23999786376953,57933.83066218614,41388338699.0,725020,53828907.24201124,10213009488.771072,0.9127,0.8407,932.0,15.709588084255753,45.0
Bitcoin,2021-11-19,58119.57813,1746.295468749995,2850.619907048527,0.7396,61.666666666666664,214.0,54.8,172.61000061035156,15.989999771118164,37.130001068115234,35601.98047,7923.189941,17.90999984741211,46.60706711,96.06999969482422,1.1368415355682373,2645.933594,0.7511,100.8,1851.199951171875,76.09999847,78.88999938964844,57338.684999117206,38702407772.0,713194,49667132.61160643,6049553193.0,0.905,0.8285,734.0,17.054388256172345,56.0
Bitcoin,2021-11-20,59697.19531,1570.9139062500035,2817.7293668129178,0.7118,60.333333333333336,110.0,36.2,171.32000223795572,16.18999989827474,36.95666758219401,35607.73698,7880.456705333333,18.329999923706055,46.48197301351888,96.21333312988281,1.1337522665659587,2390.152344,0.7485,94.2,1836.13330078125,76.31666564666666,79.15999857584636,57129.561192535875,30624264863.0,634393,53936028.20552959,2884513913.260687,0.8364,0.8305,761.0,17.48552015774055,53.0
Bitcoin,2021-11-21,58730.47656,1432.7833593750038,2715.4269901655666,0.7215,59.0,92.0,35.0,170.0300038655599,16.390000025431316,36.78333409627279,35613.49349,7837.7234696666665,18.75,46.35687891703776,96.3566665649414,1.13066299756368,1385.496094,0.75,106.0,1821.066650390625,76.53333282333334,79.42999776204427,56797.65140375015,26123447605.0,586185,50108593.37844211,2590670066.7854753,0.835,0.8354,746.0,18.21573905110985,75.0
Bitcoin,2021-11-22,56289.28906,1207.9007031250003,2777.6478859573117,0.7349,59.0,192.0,52.2,168.74000549316406,16.59000015258789,36.61000061035156,35619.25,7794.990234,19.170000076293945,46.23178482055664,96.5,1.1275737285614014,3586.519531,0.748,129.0,1806.0,76.75,79.69999694824219,55858.12786250031,35036121783.0,676350,51325923.632378705,7023168183.001445,0.8338,0.8219,866.0,20.224869227486327,55.0
Bitcoin,2021-11-23,57569.07422,1069.4686718750015,2739.4411731210753,0.7284,59.0,160.0,55.6,167.27999877929688,16.809999465942383,35.099998474121094,35813.80078,7725.859863,19.37999916,46.18602371,96.48999786376952,1.12421453,2242.753906,0.7312,119.0,1783.5,78.5,82.30999755859375,55296.17101882215,37485803899.0,700954,48326099.81328941,6167254619.0,0.8385,0.7867,748.0,21.256727976465648,62.0
Bitcoin,2021-11-24,56280.42578,878.2072656,2675.112785755284,0.7057,46.0,134.0,57.6,167.1199951171875,16.75,34.790000915527344,35804.37891,7802.0,18.579999923706055,46.12195587158203,96.83999633789062,1.124492645263672,1838.84375,0.742,111.4,1784.0999755859375,78.38999938964844,82.25,54599.69792968014,36635566789.0,737069,57141084.06903095,5700109165.167301,0.8348,0.7839,829.0,22.767326010370333,40.0
Bitcoin,2021-11-25,57274.67969,684.8667968750015,2704.5720845406213,0.7155,33.0,94.0,71.6,166.98500061035156,17.369999885559082,50.255001068115234,35351.859375,7725.965088,23.600000381853025,45.348527908325195,96.46499633789062,1.1202975511550903,2221.285156,0.7283,79.0,1784.7000122070312,73.27000045982422,77.48500061035156,54157.15785676395,34284016248.0,741152,48130860.01937926,8960165966.469158,0.8353,0.7479,695.0,23.65272141007725,72.0
Bitcoin,2021-11-26,53569.76563,459.7626562500009,2912.3679959127194,0.7106,34.666666666666664,200.0,56.8,166.85000610351562,17.989999771118164,65.72000122070312,34899.33984,7649.930176,28.62000084,44.57509994506836,96.08999633789062,1.1209630966186523,5613.714844,0.7316,84.2,1785.300048828125,68.15000153,72.72000122070312,52994.64557188498,41810748221.0,742035,46589569.53114692,11684205362.31924,0.8519,0.7605,586.0,26.312964337227392,46.0
Bitcoin,2021-11-27,54815.07813,314.9205468750006,2830.0197238832397,0.7252,36.333333333333336,113.0,35.4,166.7733357747396,17.843332926432293,64.92666753133138,34978.20703,7694.376790666666,26.733333588157553,44.6330680847168,96.17332967122395,1.1237481435139973,1660.902344,0.7219,83.8,1784.300048828125,68.7500000027474,72.96000162760417,52208.34474558514,30560857714.0,619406,49251516.20260195,2469579561.408766,0.8551,0.778,368.0,27.688263242728905,52.0
Bitcoin,2021-11-28,57248.45703,191.40179687499767,2900.526127534437,0.6803,38.0,207.0,38.4,166.69666544596353,17.696666081746418,64.13333384195964,35057.07422,7738.8234053333335,24.846666336315103,44.691036224365234,96.2566630045573,1.1265331904093425,3817.109375,0.7201,89.4,1783.300048828125,69.34999847549479,73.2000020345052,52217.58731005303,28116886357.0,560812,47788162.453428775,1876057612.1335888,0.8531,0.7698,463.0,26.17786257493608,43.0
Bitcoin,2021-11-29,57806.56641,156.78929687500204,2841.9422300319775,0.687,27.0,146.0,53.6,166.6199951171875,17.549999237060547,63.34000015258789,35135.94141,7783.27002,22.959999084472656,44.74900436401367,96.33999633789062,1.1293182373046875,2080.351563,0.7292,94.2,1782.300048828125,69.94999694824219,73.44000244140625,52374.68653152749,32370840356.0,727580,52131631.55640632,7530278019.9418335,0.8554,0.7407,445.0,24.314899815410456,63.0
Bitcoin,2021-11-30,57005.42578,108.93742187500176,2857.2407202975505,0.7087,26.0,145.0,53.4,165.5,17.989999771118164,75.23000336,34483.71875,7666.47998,27.190000534057617,44.70323944091797,95.98999786376952,1.1293437480926514,3056.121094,0.7289,96.2,1773.5999755859375,66.18000030517578,70.56999969482422,52331.53748,36708594618.0,737531,48794504.356670626,6028906432.161464,0.8447,0.7538,511.0,23.275544164154123,53.0
Bitcoin,2021-12-01,57229.82813,137.4371874999997,2830.909352,0.7135,25.0,115.0,48.8,166.16000366210938,18.38999938964844,78.18000030517578,34022.03906,7459.680176,31.12000084,44.86800003051758,96.0500030517578,1.1330289840698242,2488.601563,0.7273,128.6,1781.5999755859375,65.56999969482422,68.87000274658203,52423.35715340832,36858195307.0,727357,50326073.90682206,8653248451.0,0.8508,0.7476,478.0,21.8040302,87.0
Bitcoin,2021-12-02,56477.81641,102.02695312500146,2732.565938356052,0.7059,20.0,144.0,43.6,165.24000549316406,18.450000762939453,57.27000045776367,34639.78906,7470.529785,27.950000762939453,45.41717147827149,96.12999725341795,1.1319515705108645,1454.101563,0.7355,131.6,1760.699951171875,66.5,69.66999816894531,52452.79422553647,32379968686.0,781370,56025370.80177907,7681001473.682921,0.8566,0.7652,470.0,20.532979358144132,67.0
Bitcoin,2021-12-03,53598.24609,-18.04328125,2893.495659277048,0.7059,21.333333333333332,158.0,41.0,166.6300048828125,17.920000076293945,64.55000305175781,34580.07813,7203.040039,30.670000076293945,44.776458740234375,96.12000274658205,1.1306205987930298,4985.582031,0.7262,120.4,1782.0,66.26000213623047,69.87999725341797,52226.17684477193,39789134215.0,738749,60163624.38397346,5995006290.502215,0.8404,0.707,571.0,19.63109737632993,55.0
Bitcoin,2021-12-04,49200.70313,-326.6079688,3474.679005042973,0.7001,22.666666666666668,340.0,76.2,166.49333699544272,17.760000228881836,61.77000172932943,34795.72917,7258.153320333334,29.50666681925456,44.89239883348959,96.17666880289714,1.1305737098058066,11030.0625,0.7035,92.8,1780.5,67.33666737874348,70.94666544596355,51316.40716536329,61385677469.0,697287,48318140.198510624,7581447200.454808,0.8272,0.7163,548.0,20.24861872798297,61.0
Bitcoin,2021-12-05,49368.84766,-547.4873438,3362.962814950618,0.674,24.0,196.0,42.4,166.3566691080729,17.600000381469727,58.99000040690104,35011.38021,7313.266601666666,28.343333562215168,45.00833892674479,96.23333485921225,1.1305268208185832,1910.652344,0.6904,76.6,1779.0,68.41333262125652,72.01333363850911,50471.57283267101,37198201161.0,588178,52043857.44207013,3421960961.3978696,0.8343,0.745,363.0,20.983567675972793,74.0
Bitcoin,2021-12-06,50582.625,-790.6825781,3383.3572120970025,0.6314,36.0,262.0,46.8,166.22000122070312,17.440000534057617,56.209999084472656,35227.03125,7368.379883,27.18000030517578,45.12427902,96.29000091552734,1.13047993183136,3648.484375,0.69,104.2,1777.5,69.48999786376953,73.08000183105469,49746.40595829418,37707308001.0,701524,53085916.57636109,7568392055.448132,0.8337,0.7514,477.0,22.044168872591634,68.0
Bitcoin,2021-12-07,50700.08594,-998.7367969,3267.3297438222166,0.6324,41.0,161.0,50.0,166.80999755859375,17.020000457763672,48.150001525878906,35719.42969,7603.459961,21.88999938964844,45.83821487426758,96.37000274658205,1.128668189048767,1758.972656,0.6887,111.0,1782.5999755859375,72.05000305175781,75.44000244140625,49221.4289,33676814852.0,725368,49684990.70866684,6656838608.239965,0.8413,0.7417,340.0,22.38647137661246,63.0
Bitcoin,2021-12-08,50504.79688,-1199.415156,3205.762384888487,0.6434,37.0,125.0,43.4,166.89999389648438,16.479999542236328,45.220001220703125,35754.75,7650.870117,19.899999618530273,46.02127456665039,95.88999938964844,1.127650022506714,2405.386719,0.6949,106.0,1783.4000244140625,72.36000061035156,75.81999969482422,48587.62422824118,28479699446.0,660440,53150535.42389043,6017762761.471307,0.8467,0.7416,379.0,23.649423219726604,60.0
Bitcoin,2021-12-09,47672.12109,-1317.964531,3222.408821682166,0.6432,42.0,208.0,45.2,165.8800048828125,16.700000762939453,47.43000030517578,35754.69141,7510.180176,21.579999923706055,45.80159759521485,96.26999664,1.1345586776733398,3438.8125,0.6852,114.4,1774.5999755859375,70.94000244140625,74.41999816894531,47468.41167322094,29603577251.0,707394,50546267.60547939,7507375135.427462,0.8086,0.7344,414.0,26.062746095197515,86.0
Bitcoin,2021-12-10,47243.30469,-1386.835234,3205.919240669154,0.6419,39.666666666666664,230.0,44.2,166.5800018310547,15.350000381469728,46.22999954223633,35970.98828,7529.459961,18.690000534057617,45.83821487426758,96.0500030517578,1.1293309926986694,2991.554688,0.6642,100.0,1782.9000244140625,71.66999816894531,75.15000153,46571.051873771394,30966005122.0,716381,47537565.141738296,4646748174.122106,0.7974,0.7008,400.0,27.38158076419529,81.0
Bitcoin,2021-12-11,49362.50781,-1394.010547,3156.629529282072,0.6163,37.333333333333336,208.0,42.2,166.72000122070312,15.556667009989422,46.11333338419596,35864.308593333335,7462.306640666667,19.230000178019207,45.59590148925781,96.14000193277994,1.1299484570821126,2515.863281,0.6512,88.2,1784.0333658854167,71.54333241780598,74.89666748321615,46184.85608996341,25775869261.0,599422,46068658.14190287,4646748174.122106,0.7853,0.6448,282.0,27.313997247774168,60.0
Bitcoin,2021-12-12,50098.33594,-1393.396328,3073.9428218333524,0.6108,35.0,139.0,35.0,166.86000061035156,15.763333638509115,45.9966672261556,35757.628906666665,7395.153320333333,19.769999821980793,45.35358810424805,96.23000081380208,1.130565921465556,1999.015625,0.6532,87.4,1785.1667073567708,71.41666666666667,74.64333343643229,45851.38156031587,21939223599.0,567489,43658657.58972005,1275484167.4894624,0.7627,0.6468,322.0,27.56296773132428,60.0
Bitcoin,2021-12-13,46737.48047,-1402.119531,3162.2435019702557,0.6288,32.0,219.0,46.4,167.0,15.970000267028809,45.880001068115234,35650.94922,7328.0,20.309999465942383,45.11127471923828,96.31999969482422,1.131183385848999,4310.152344,0.6552,103.8,1786.300048828125,71.29000091552734,74.38999938964844,45089.544734865805,32166727776.0,690479,43671664.546457544,4853087723.234491,0.7494,0.6625,427.0,28.683413287592906,64.0
Bitcoin,2021-12-14,46612.63281,-1364.249062,3079.7191335259517,0.6359,37.0,219.0,48.4,165.44000244140625,16.40999984741211,54.75999832,35544.17969,7307.129883,21.88999938964844,45.00914383,96.56999969482422,1.1285407543182373,2006.902344,0.6425,119.6,1770.4000244140625,70.73000336,73.69999694824219,44366.48043098119,34638619079.0,684529,44651133.47405578,4698418162.0,0.7308,0.6619,365.0,29.86833601576308,46.0
Bitcoin,2021-12-15,48896.72266,-1294.253125,3064.119496756241,0.602,34.0,179.0,38.0,166.14999389648438,15.539999961853027,56.529998779296875,35927.42969,7445.669922,19.290000915527344,44.87916564941406,96.51000213623048,1.1261261701583862,2801.992188,0.644,112.6,1762.5999755859375,70.87000274658203,73.87999725341797,44196.74033293893,36541828520.0,707659,43208574.52487161,3686557930.0979056,0.7352,0.6606,268.0,29.14699382386313,69.0
Bitcoin,2021-12-16,47665.42578,-1283.997187,2980.660626452224,0.6166,32.0,154.0,33.8,168.16000366210938,15.220000267028809,49.970001220703125,35897.64063,7208.810059,20.56999969482422,44.93487548828125,96.04000091552734,1.1290758848190308,1895.695313,0.6313,145.0,1796.5999755859375,72.37999725341797,75.01999664,43750.89557435678,27268150947.0,664445,35647706.322254986,4310775515.150582,0.7317,0.6269,78.0,29.899894765086792,49.0
Bitcoin,2021-12-17,46202.14453,-1346.491406,2938.233416527065,0.6212,31.0,215.0,43.4,167.8000030517578,15.06999969482422,48.310001373291016,35365.44141,7188.72998,21.56999969482422,44.71205520629883,96.56999969482422,1.1334141492843628,2386.679688,0.637,111.8,1803.800048828125,70.86000061035156,73.51999664,43161.19946720317,32902725329.0,660755,45001267.21451994,4982379395.599065,0.7231,0.62,82.0,30.77591043720995,66.0
Bitcoin,2021-12-18,46848.77734,-1370.208047,2850.887223828703,0.6088,30.0,164.0,41.0,167.5633341471354,15.303333282470705,52.28666814219401,35221.014326666664,7145.776692333334,22.003333409882813,44.489237467447914,96.56333414713541,1.1303939421971638,1715.386719,0.6214,106.8,1800.433349609375,69.98333486023438,72.85332997333333,42993.01364959859,26098292690.0,616818,37344542.956068635,2953090166.838448,0.71,0.645,66.0,29.699343236018333,46.0
Bitcoin,2021-12-19,46707.01563,-1345.300547,2760.5889176623673,0.5946,29.0,130.0,27.2,167.32666524251303,15.536666870117188,56.263334911097004,35076.587243333335,7102.823404666667,22.436667124941405,44.26641972859701,96.55666859944661,1.1273737351099649,1586.710938,0.6324,87.4,1797.066650390625,69.10666911011718,72.18666330666667,43069.69842427046,25154053861.0,557914,44556197.850929074,1192663841.0107796,0.7064,0.6552,258.0,27.499516228070657,42.0
Bitcoin,2021-12-20,46880.27734,-1404.732734,2693.540434704341,0.5998,34.0,230.0,45.4,167.08999633789062,15.770000457763672,60.24000168,34932.16016,7059.870117,22.87000084,44.043601989746094,96.5500030517578,1.124353528022766,1821.910156,0.6252,95.4,1793.699951171875,68.23000336,71.51999664,43266.00697229272,30961902129.0,678671,42533811.43613241,5179702380.911862,0.7018,0.61,400.0,24.93846667654758,53.0
Bitcoin,2021-12-21,48936.61328,-1429.749375,2687.0121558861733,0.5988,39.0,130.0,33.2,167.02000427246094,15.420000076293944,52.310001373291016,35492.69922,7294.509766,21.010000228881836,44.78633117675781,96.48999786376952,1.127751708030701,2602.144531,0.6353,100.0,1787.9000244140625,71.12000274658203,73.98000336,43996.83662,27055803928.0,747663,48349569.819188565,5179702380.911862,0.6963,0.6302,374.0,20.475386780586383,68.0
Bitcoin,2021-12-22,48628.51172,-1433.307344,2573.2152496621607,0.599,43.0,135.0,29.6,168.58999633789062,14.93999958,46.0,35753.89063,7364.950195,18.62999916,44.99986649,96.08000183105467,1.128757357597351,1093.855469,0.6402,92.2,1801.5999755859375,72.76000213623047,75.29000091552734,44954.29689249613,24447979559.0,719298,45795454.37454408,4726284071.0,0.6961,0.637,508.0,15.087963595017897,54.0
Bitcoin,2021-12-23,50784.53906,-1369.43375,2622.735867989863,0.6195,47.0,114.0,33.8,168.97000122070312,14.619999885559082,43.709999084472656,35950.55859,7443.120117,17.959999084472656,45.231964111328125,96.01999664,1.1328877210617063,3266.503906,0.6426,92.2,1811.199951171875,73.79000091552734,76.84999847,45422.48687606845,28223878108.0,744101,47340546.68768851,6161478519.5308075,0.6951,0.621,506.0,12.619970989142091,49.0
Bitcoin,2021-12-24,50822.19531,-1278.398125,2528.221252419159,0.6149,51.0,105.0,32.4,169.06999969482422,14.824999809169311,43.677499771118164,36038.51367,7467.187622,17.889999389648438,45.28302574157715,96.03749656447266,1.132733702659607,1299.53125,0.6453,71.0,1810.4249572753906,74.23500061035156,77.28749847,45349.56615976192,24367912228.0,678663,49180777.12235141,6161478519.5308075,0.665,0.6024,425.0,13.233113925149256,55.0
Bitcoin,2021-12-25,50429.85938,-1203.540859,2414.769064746362,0.6337,55.0,95.0,37.8,169.1699981689453,15.029999732779542,43.64500045776367,36126.46875,7491.255127,17.81999969482422,45.33408737182617,96.05499648894532,1.1326311031977336,939.890625,0.6458,76.2,1809.6499633789062,74.68000030517578,77.72499847,45317.23197329598,19030650914.0,580922,47109105.267881535,5400013382.068076,0.6569,0.6102,301.0,13.569937149156278,53.0
Bitcoin,2021-12-26,50809.51563,-1176.544297,2354.662234228764,0.6335,59.0,87.0,38.2,169.2699966430664,15.234999656389771,43.61250114440918,36214.42383,7515.322632,17.75,45.385149002075195,96.07249641341797,1.1325285037358601,1573.273438,0.6399,87.2,1808.8749694824219,75.125,78.16249847,45300.15881328078,20964372926.0,574433,42660691.90296564,1467023519.278454,0.6706,0.6095,358.0,13.683651287334936,74.0
Bitcoin,2021-12-27,50640.41797,-1138.317891,2290.533458569567,0.6309,59.0,97.0,42.0,169.3699951171875,15.43999958,43.58000183105469,36302.37891,7539.390137,17.68000030517578,45.43621063232422,96.08999633789062,1.1324259042739868,1456.859375,0.6465,92.4,1808.0999755859375,75.56999969482422,78.59999847,45304.51731392481,24324345758.0,674082,47659524.97825829,4021079891.0736294,0.6694,0.6105,552.0,13.6542923,60.0
Bitcoin,2021-12-28,47588.85547,-1294.167188,2360.184528493169,0.632,63.0,186.0,38.8,168.63999938964844,15.06000042,41.22999954223633,36398.21094,7482.009766,17.540000915527344,45.28766250610352,96.1999969482422,1.1330032348632812,3265.648438,0.6386,103.6,1810.199951171875,75.98000336,78.94000244140625,45246.95268197821,33430376883.0,729388,43360200.30927323,4649088409.620785,0.6623,0.639,494.0,13.331349631767775,54.0
Bitcoin,2021-12-29,46444.71094,-1492.108828,2328.6174974400856,0.6311,64.0,158.0,42.4,168.58999633789062,15.130000114440918,40.24000168,36488.62891,7421.149902,16.950000762939453,45.08341979980469,95.93000030517578,1.131477714,1918.246094,0.6254,100.0,1805.0999755859375,76.55999755859375,79.23000336,45081.71287269693,30049226299.0,741024,43919738.49894784,6252375351.267551,0.6439,0.6334,350.0,13.777309015342585,47.0
Bitcoin,2021-12-30,47178.125,-1634.534609,2292.2628436050795,0.5997,61.0,144.0,39.8,169.8000030517578,14.770000457763672,40.20000076293945,36398.07813,7524.279785,17.329999923706055,45.599891662597656,95.97000122070312,1.1360150575637815,1819.652344,0.6071,114.2,1812.699951171875,76.98999786376953,79.31999969482422,45073.748841491215,26686491018.0,679386,35335901.07549222,4495058364.967323,0.6213,0.659,360.0,13.79767326605664,52.0
Bitcoin,2021-12-31,46306.44531,-1793.045625,2317.999370401146,0.5867,62.333333333333336,130.0,42.6,170.9600067138672,14.609999656677246,42.619998931884766,36338.30078,7422.0,17.219999313354492,45.37694549560547,95.66999816894533,1.132502794265747,2652.574219,0.619,105.2,1827.5,75.20999908447266,77.77999877929688,44830.15783927917,36974172400.0,703405,44744369.164881885,8132766321.979922,0.613,0.6593,350.0,14.217596856472012,66.0
Bitcoin,2022-01-01,47686.8125,-1868.696797,2262.344281443921,0.5925,63.666666666666664,117.0,25.8,170.08333841959634,14.853333155314127,40.936665852864586,36420.55338333333,7478.493326666667,17.013333002726238,45.48531977335612,95.85999806722006,1.1341171662012737,1538.828125,0.6251,75.6,1818.1333414713542,75.5,78.18000030619791,44808.27439906107,24582667004.0,512154,50149010.75444461,2251115696.6149817,0.6228,0.6566,311.0,13.843186585947928,49.0
Bitcoin,2022-01-02,47345.21875,-1811.623516,2173.924600626498,0.584,65.0,101.0,29.0,169.20667012532553,15.09666665395101,39.2533327738444,36502.805986666666,7534.986653333333,16.80666669209798,45.59369405110677,96.04999796549478,1.1357315381368003,1024.46875,0.6229,99.4,1808.7666829427083,75.79000091552734,78.58000183309896,44879.55598942625,27951569547.0,534857,48206934.99043735,1452133098.9064906,0.6024,0.6588,346.0,13.66466354820284,38.0
Bitcoin,2022-01-03,46458.11719,-1781.255625,2138.2701090638907,0.5956,66.0,145.0,41.4,168.3300018310547,15.34000015258789,37.56999969482422,36585.05859,7591.47998,16.600000381469727,45.70206832885742,96.23999786376952,1.1373459100723269,1674.761719,0.6134,102.0,1799.4000244140625,76.08000183105469,78.98000336,44856.54642904912,33071628362.0,630932,41960366.09,2876707531.398016,0.5922,0.6583,463.0,13.730322353497485,74.0
Bitcoin,2022-01-04,45897.57422,-1778.119453,2103.6852463628984,0.5927,52.0,132.0,33.2,169.57000732421875,15.329999923706056,39.47999954223633,36799.64844,7463.890137,16.90999984741211,45.544151306152344,96.29000091552734,1.1302244663238523,1654.082031,0.6054,124.2,1814.0,76.98999786376953,80.0,44583.54383181412,42494677905.0,680570,43285514.63649978,6318179076.7362385,0.5815,0.617,547.0,14.285754565840028,63.0
Bitcoin,2022-01-05,43569.00391,-1737.093984,2248.480887247691,0.5826,50.0,194.0,43.0,169.05999755859375,16.209999084472656,44.49000168,36407.10938,7218.25,19.729999542236328,44.801029205322266,96.19000244140624,1.1283625364303589,4130.824219,0.5971,118.8,1824.5999755859375,77.84999847,80.80000305175781,43868.75544330089,36851084859.0,698013,43723000.844989486,4120168493.174363,0.5796,0.6002,450.0,16.480344671175313,57.0
Bitcoin,2022-01-06,43160.92969,-1751.853047,2166.6736586942848,0.5761,51.0,350.0,95.8,166.99000549316406,15.869999885559082,36.86000061035156,36236.46875,7259.799805,19.61000061035156,45.005393981933594,96.25,1.1313496828079224,1103.179688,0.5817,112.2,1788.699951171875,79.45999908447266,81.98999786376953,43270.904162354265,30208048289.0,690161,40297229.196211085,6001701242.969664,0.5616,0.6088,450.0,18.403791521270534,66.0
Bitcoin,2022-01-07,41557.90234,-1717.051563,2160.7315670018356,0.5498,49.666666666666664,395.0,145.4,167.75,15.039999961853027,37.0,36231.66016,7216.390137,18.760000228881836,45.41410446166992,95.73999786376952,1.1296881437301636,2076.125,0.5684,101.0,1797.0,78.90000153,81.75,42267.367896258096,84196607520.0,667941,38347303.45149112,5738802120.501829,0.5423,0.5981,589.0,21.625185355984243,53.0
Bitcoin,2022-01-08,41733.94141,-1664.589844,2117.583888108847,0.5448,48.333333333333336,298.0,106.6,167.9199981689453,15.213333447902018,37.21666717529297,36177.39713666667,7219.4366863333335,18.97333335876465,45.41410446166992,95.82333119710285,1.1315907637278237,1556.664063,0.5611,92.2,1797.4666748046875,78.67666880666667,81.45666758219402,41458.00506002238,28066355845.0,591014,37777816.26905982,1793479669.1852405,0.5238,0.6146,434.0,24.118006383320232,51.0
Bitcoin,2022-01-09,41911.60156,-1667.095781,2061.0271148510724,0.5256,47.0,219.0,86.0,168.08999633789062,15.386666933951009,37.43333435058594,36123.13411333333,7222.483235666667,19.18666648864746,45.41410446166992,95.90666453043619,1.1334933837254841,1325.789063,0.5574,92.4,1797.933349609375,78.45333608333333,81.16333516438802,40768.232281956734,21294384372.0,568134,37068053.16263282,1714179077.4363954,0.5215,0.6115,393.0,26.12803818,72.0
Bitcoin,2022-01-10,41821.26172,-1673.435234,2085.447611,0.5283,55.0,309.0,122.4,168.25999450683594,15.56000042,37.650001525878906,36068.87109,7225.529785,19.399999618530273,45.41410446166992,95.98999786376952,1.1353960037231443,2402.914063,0.5567,103.4,1798.4000244140625,78.23000336,80.87000274658203,40109.23184943086,32104232331.0,672264,37634287.25433144,4284557316.178955,0.5106,0.5987,537.0,27.63091565629299,63.0
Bitcoin,2022-01-11,42735.85547,-1600.362266,2050.3015205858737,0.5286,59.0,217.0,97.6,170.2899932861328,15.210000038146973,34.310001373291016,36252.01953,7336.310059,18.40999984741211,46.463768005371094,95.62000274658205,1.1330417394638062,1593.402344,0.5616,108.2,1818.5999755859375,81.22000122070312,83.72000122070312,39685.87757477373,26327648900.0,694475,41815945.08734196,5047411626.824847,0.5027,0.591,450.0,28.363662849540777,52.0
Bitcoin,2022-01-12,43949.10156,-1565.077031,2018.5927624190256,0.5271,50.0,156.0,105.4,170.74000549316406,15.31999969482422,34.38999938964844,36290.32031,7427.75,17.62000084,47.23475646972656,95.0,1.1366478204727173,1606.378906,0.5544,107.0,1827.199951171875,82.63999938964844,84.66999816894531,39619.535711300014,33499938689.0,679922,37614100.691172846,4190460072.2756248,0.4855,0.5557,554.0,27.374779316275244,35.0
Bitcoin,2022-01-13,42591.57031,-1511.141406,2005.2203441212384,0.5373,52.0,157.0,97.6,170.16000366210938,15.170000076293944,37.11000061035156,36113.62109,7151.240234,20.309999465942383,46.56595230102539,94.79000091552734,1.144164800643921,1831.378906,0.5736,124.0,1821.199951171875,82.12000274658203,84.47000122070312,39478.52420415316,47691135082.0,695923,49600693.77700761,4128979408.8463817,0.486,0.5499,506.0,26.433087088483404,49.0
Bitcoin,2022-01-14,43099.69922,-1438.929141,1959.4239132911496,0.5498,51.75,132.0,88.8,169.6699981689453,14.729999542236328,41.18000030517578,35911.80859,7229.790039,19.190000534057617,46.54737473,95.16999816894533,1.1457115411758425,1364.070313,0.5554,130.4,1816.5,83.81999969482422,86.05999755859375,39478.50514,23577403399.0,688859,42691914.99399824,4033611360.880057,0.4528,0.5242,484.0,25.023429671864267,47.0
Bitcoin,2022-01-15,43177.39844,-1308.592187,1894.867685109639,0.5342,51.5,112.0,75.2,169.5999984741211,14.819999694824219,41.454999923706055,35775.97363,7185.602539,20.09000062942505,46.340692523635255,95.30999946670899,1.144164522488912,1055.636719,0.5569,100.2,1815.4500122070312,84.22249984741211,86.42249870300293,39684.394345183806,18371348298.0,619262,45035758.865415215,1544258174.202277,0.4342,0.529,415.0,22.61074872111519,36.0
Bitcoin,2022-01-16,43113.87891,-1271.5475,1812.790361619665,0.5389,51.25,139.0,76.0,169.52999877929688,14.90999984741211,41.72999954223633,35640.13867,7141.415039,20.99000072479248,46.13401031727051,95.45000076447266,1.1426175038019817,745.7851563,0.5599,92.6,1814.4000244140625,84.625,86.78499984741211,40054.28693581955,17902097845.0,569876,47466219.95913502,1212228816.9349115,0.4285,0.5303,441.0,19.438643840879102,66.0
Bitcoin,2022-01-17,42250.55078,-1299.106172,1790.381786682546,0.5393,51.0,149.0,101.0,169.45999908447266,15.0,42.0049991607666,35504.30371,7097.227539,21.890000820159912,45.92732811090576,95.59000206223632,1.1410704851150513,1499.070313,0.5528,85.6,1813.3500366210938,85.02750015258789,87.14750099182129,39960.90236,21690904261.0,638947,43763608.21850503,3617010045.4515376,0.4223,0.5291,512.0,18.76930129463771,42.0
Bitcoin,2022-01-18,42375.63281,-1333.947734,1744.082195,0.5381,48.0,179.0,94.8,169.38999938964844,15.09000015258789,42.279998779296875,35368.46875,7053.040039,22.790000915527344,45.720645904541016,95.73000336,1.1410574913024902,1142.1875,0.5412,94.6,1812.300048828125,85.43000030517578,87.51000213623047,39839.35652425027,22417209227.0,654446,36125898.01400663,3467788987.631183,0.429,0.5443,454.0,18.48310397531502,46.0
Bitcoin,2022-01-19,41744.32813,-1355.670078,1707.7470826497463,0.5265,40.0,169.0,87.2,172.0800018310547,15.640000343322754,42.75,35028.64844,6987.549805,23.850000381469727,45.91572189331055,95.51000213623048,1.1329647302627563,1235.390625,0.5537,116.4,1843.0999755859375,86.95999908447266,88.44000244140625,39760.03225234421,23091543258.0,663454,46790137.070109926,6283645420.733321,0.4194,0.5624,464.0,17.71629714662341,40.0
Bitcoin,2022-01-20,40680.41797,-1478.810938,1781.4936637997646,0.5283,29.0,206.0,104.4,171.64999389648438,15.09000015258789,41.150001525878906,34715.39063,6966.209961,25.59000015258789,46.18510055541992,95.73999786376952,1.1343399286270142,2740.199219,0.5479,132.6,1842.5,86.90000153,88.37999725341797,39481.56833413182,20382033940.0,683613,46535284.65994317,4889817377.076394,0.4401,0.5417,484.0,17.81818498904845,40.0
Bitcoin,2022-01-21,36457.31641,-1645.196953,2030.608513706924,0.5202,27.666666666666668,511.0,145.6,171.08999633789062,15.199999809265137,42.56999969482422,34265.37109,6594.720215,28.850000381469727,45.51628875732422,95.63999938964844,1.1313753128051758,5269.101563,0.5229,125.8,1831.800048828125,85.13999938964844,87.88999938964844,38381.68871,43011992031.0,721363,32978968.48306443,9008771355.0,0.4467,0.549,560.0,20.569029301129166,52.0
Bitcoin,2022-01-22,35030.25,-1716.59875,2052.6766555850013,0.5075,26.333333333333332,435.0,139.8,171.40333048502603,15.56666628519694,44.326666514078774,34298.41406,6574.720215,29.200000127156574,45.302642822265625,95.73333231608073,1.1322991847991943,2339.5625,0.497,109.0,1835.1000162760417,84.52999877929688,87.34999847309896,37096.93931,39714385405.0,662382,30110451.200228963,5255522709.505004,0.4689,0.5505,490.0,24.04259044254379,52.0
Bitcoin,2022-01-23,36276.80469,-1666.458047,2023.7957337575012,0.4535,25.0,310.0,99.4,171.71666463216147,15.933332761128744,46.083333333333336,34331.45703,6554.720215,29.549999872843426,45.08899688720703,95.82666524251303,1.133223056793213,1648.34375,0.4866,91.0,1838.3999837239583,83.91999816894531,86.80999755654948,36373.925103810165,26017975951.0,554355,31485076.13631871,2570198094.106021,0.472,0.5497,360.0,25.363600131583148,46.0
Bitcoin,2022-01-24,36654.32813,-1615.526484,2169.486105453394,0.4328,22.0,364.0,140.6,172.02999877929688,16.299999237060547,47.84000015258789,34364.5,6534.720215,29.899999618530273,44.87535095214844,95.91999816894533,1.1341469287872314,4063.460938,0.4938,110.0,1841.699951171875,83.30999755859375,86.26999664,35859.62815269618,41856658597.0,668850,33828656.38463798,7041455187.922009,0.4707,0.5347,484.0,25.901268546085426,49.0
Bitcoin,2022-01-25,36954.00391,-1557.110703,2133.4614282781517,0.4496,21.0,234.0,106.4,172.5800018310547,16.469999313354492,47.630001068115234,34297.73047,6393.200195,31.15999984741211,44.79174041748047,95.9499969482422,1.132413029670715,1665.140625,0.4993,111.0,1852.699951171875,85.59999847,88.19999694824219,35341.777120149905,26428189594.0,653685,35087221.533111915,4793129267.316919,0.4778,0.5381,383.0,27.026641310258075,49.0
Bitcoin,2022-01-26,36852.12109,-1433.66,2156.107319561855,0.4542,20.0,206.0,117.4,169.7899932861328,16.420000076293945,45.66999816894531,34168.08984,6376.660156,31.959999084472656,44.2251091,96.48999786376952,1.130454421043396,2450.503906,0.4913,128.6,1829.9000244140625,87.34999847,89.95999908447266,34868.73247025785,31324598034.0,648504,31353367.591352165,4724487375.564173,0.4734,0.5282,508.0,28.014254659363548,46.0
Bitcoin,2022-01-27,37138.23438,-1329.631328,2110.602723075294,0.4575,23.0,187.0,118.4,167.60000610351562,17.149999618530273,46.900001525878906,34160.78125,6279.490234,30.489999771118164,43.71421813964844,97.26000213623048,1.124353528022766,1519.042969,0.4888,178.6,1793.300048828125,86.61000061035156,89.33999633789062,34480.595841481394,25041426629.0,648622,30227465.24249586,5371981515.875196,0.4567,0.5115,480.0,28.99674588575693,61.0
Bitcoin,2022-01-28,37784.33203,-1268.909141,2084.257495087773,0.4554,25.333333333333332,151.0,94.2,167.10000610351562,17.12000084,47.74000168,34725.46875,6468.490234,27.65999984741211,43.92786407470703,97.26999664,1.1147029399871826,1741.769531,0.4916,156.8,1784.9000244140625,86.81999969482422,90.02999877929688,34220.01991308251,22238830523.0,680599,36132765.51223091,4157373396.2608657,0.4619,0.4369,409.0,29.453895472100356,46.0
Bitcoin,2022-01-29,38138.17969,-1196.72125,2018.9383213315032,0.4574,27.666666666666668,134.0,83.0,167.43000284830728,16.98000081431315,45.94333394470703,34860.93229333333,6594.093424333333,26.71666653951009,44.40779749647135,97.02666473184244,1.114881118138631,1169.789063,0.4914,149.8,1788.2666829427083,87.26333363988282,90.42333221435547,34029.98156115351,17194183075.0,595231,35684124.95720539,4795236874.619529,0.4557,0.4078,367.0,29.599873586729945,60.0
Bitcoin,2022-01-30,37917.60156,-1153.046953,1933.9162202542532,0.4666,30.0,120.0,73.2,167.75999959309897,16.840000788626302,44.146666209414064,34996.39583666667,6719.696614666666,25.773333231608074,44.887730918235675,96.7833328236849,1.1150592962900798,828.6289063,0.4954,109.8,1791.6333414713542,87.7066675849414,90.81666564941406,33838.20176473589,14643548444.0,553241,35525578.69076615,6463007676.0,0.4567,0.4334,385.0,29.72810635945844,37.0
Bitcoin,2022-01-31,38483.125,-1108.391875,1932.4713116646635,0.4701,30.0,178.0,91.4,168.08999633789062,16.700000762939453,42.349998474121094,35131.85938,6845.299805,24.829999923706055,45.36766434,96.54000091552734,1.1152374744415283,1913.6875,0.4955,120.0,1795.0,88.15000153,91.20999908447266,33766.86492282529,20734730465.0,671364,34119747.246724606,4888913631.257135,0.4707,0.4414,431.0,29.173167223382645,42.0
Bitcoin,2022-02-01,38743.27344,-1000.944766,1865.9711286886163,0.4682,27.0,153.0,108.2,168.22999572753906,16.5,41.310001373291016,35405.23828,6922.5,21.959999084472656,45.64633560180664,96.38999938964844,1.122964621,1001.46875,0.5026,151.4,1800.300048828125,88.19999694824219,89.16000366210938,33868.73823,20288500328.0,687763,37673152.98982954,8106321716.426824,0.4639,0.447,514.0,27.522181410614294,62.0
Bitcoin,2022-02-02,36952.98438,-996.3819531,1875.6793851215723,0.4737,26.0,155.0,87.6,168.83999633789062,15.65999984741211,41.86000061035156,35629.32813,6918.930176,22.09000015258789,45.57202148,95.94000244140624,1.1273956298828125,2001.886719,0.5046,127.2,1809.199951171875,88.26000213623047,89.47000122070312,33722.06640180222,19155189416.0,680004,36860308.934098706,2772975354.8362947,0.5014,0.4448,495.0,27.027398646809463,53.0
Bitcoin,2022-02-03,37154.60156,-1049.121875,1797.3496076128886,0.4772,27.0,151.0,72.6,168.60000610351562,16.010000228881836,42.150001525878906,35111.16016,6530.819824,24.350000381469727,45.08899688720703,95.37999725341795,1.1299946308135986,779.0625,0.4913,119.4,1803.0,90.26999664,91.11000061035156,33723.124141837325,18591534769.0,664854,34674721.34039274,3817962311.616864,0.4912,0.4487,410.0,25.69312095957068,77.0
Bitcoin,2022-02-04,41500.875,-943.5147656,1985.692939211968,0.453,27.0,156.0,134.0,168.86000061035156,15.529999732971191,43.880001068115234,35089.73828,6671.319824,23.219999313354492,45.20045852661133,95.48000336,1.143575907,4434.15625,0.4891,112.0,1806.5999755859375,92.30999755859376,93.26999664,33894.561563576586,29412210792.0,651781,31845046.91622716,4038621760.862401,0.4833,0.4631,536.0,24.42664121548726,51.0
Bitcoin,2022-02-05,41441.16406,-806.4301563,1901.6481868575415,0.4539,27.0,154.0,86.0,169.27666727701822,15.736666361490885,43.70000076293945,35090.20182333333,6628.273274666667,23.099999745686848,45.16949717203776,95.45333608333333,1.1442221802129313,809.0664063,0.5074,113.6,1811.2666422526042,91.97999827067058,93.07666524046874,34081.85474695561,19652846215.0,673249,31486890.20937454,3223821586.2602415,0.4649,0.4695,410.0,23.07321340898588,46.0
Bitcoin,2022-02-06,42412.43359,-735.2728906,1855.5218096712888,0.5032,27.0,94.0,68.6,169.6933339436849,15.94333299001058,43.52000045776367,35090.66536666667,6585.226725333333,22.980000178019203,45.138535817464195,95.42666880666667,1.1448684534258626,1255.878906,0.5277,102.4,1815.9333089192708,91.6499989827474,92.8833338409375,34062.347082381035,16142097334.0,569036,40981670.3,1779702571.4899004,0.4476,0.4679,351.0,23.21162416586008,32.0
Bitcoin,2022-02-07,43840.28516,-599.4145313,1912.5350397840537,0.5074,29.0,167.0,131.2,170.11000061035156,16.149999618530273,43.34000015258789,35091.12891,6542.180176,22.86000061035156,45.107574462890625,95.40000153,1.145514726638794,2653.707031,0.525,128.4,1820.5999755859375,91.31999969482422,92.69000244140624,33847.691230357064,28641855926.0,660755,37290363.04673385,5383799346.894287,0.4246,0.4766,629.0,24.658943051749088,57.0
Bitcoin,2022-02-08,44118.44531,-419.80875,1953.4990547994785,0.5164,32.0,138.0,98.6,170.6300048828125,15.859999656677246,41.25999832,35462.78125,6670.97998,21.440000534057617,45.544151306152344,95.63999938964844,1.1442956924438477,2486.03125,0.5409,141.4,1826.5999755859375,89.36000061035156,90.77999877929688,33558.518483349675,33079398868.0,685310,43425193.84147107,5859754859.502207,0.4174,0.48,544.0,26.689812903557048,53.0
Bitcoin,2022-02-09,44338.79688,-388.4740625,1920.737124545944,0.5328,32.0,110.0,63.0,171.2100067138672,15.630000114440918,39.400001525878906,35768.05859,6833.790039,19.959999084472656,46.25940704345703,95.48999786376952,1.142126202583313,1494.832031,0.5295,150.6,1835.199951171875,89.66000366210938,91.5500030517578,33242.84007295794,23245887300.0,663348,39687367.62188171,3696031097.5932536,0.3737,0.4463,315.0,29.127199699614476,48.0
Bitcoin,2022-02-10,43565.11328,-394.5224219,1944.8532785962336,0.535,29.0,130.0,51.2,170.55999755859375,15.920000076293944,43.810001373291016,35241.58984,6686.220215,23.90999984741211,45.95287322998047,95.5500030517578,1.142152190208435,2258.363281,0.533,148.0,1836.199951171875,89.87999725341797,91.41000366210938,33370.97160432786,32142048537.0,673697,41628004.65890094,5445221748.908677,0.377,0.4485,90.0,30.021132915227188,59.0
Bitcoin,2022-02-11,42407.9375,-473.3275781,1927.0989707500744,0.5368,27.666666666666668,113.0,42.4,173.80999755859375,17.809999465942383,47.439998626708984,34738.05859,6459.640137,27.36000061035156,45.256195068359375,96.08000183105467,1.1415525674819946,1696.292969,0.5345,122.0,1840.800048828125,93.09999847,94.44000244140624,33925.58771999981,26954925781.0,664971,39575264.28538539,6311800630.988444,0.4027,0.5187,59.0,28.804475474323212,49.0
Bitcoin,2022-02-12,42244.46875,-587.5475,1870.8759415893544,0.5273,26.333333333333332,103.0,27.8,174.12000020345053,18.18999989827474,47.903333028157554,34680.76302,6471.906738333333,27.68333371480306,45.150919596354164,96.17666880289713,1.139870285987854,1139.976563,0.5463,112.6,1849.86669921875,93.88666534149088,95.12000274760416,34334.24257245137,18152390304.0,604018,50024190.99933506,2253577642.102851,0.4218,0.5255,45.0,28.036945346209873,26.0
Bitcoin,2022-02-13,42197.51563,-696.9577344,1790.2500372794009,0.5124,25.0,92.0,27.2,174.43000284830728,18.570000330607098,48.36666742960612,34623.467450000004,6484.173339666667,28.006666819254555,45.04564412434896,96.27333577473959,1.1381880044937134,742.1132813,0.5357,106.2,1858.933349609375,94.67333221298178,95.80000305380207,34740.58745598963,14741589015.0,590527,42217994.28383549,1353922240.451119,0.4282,0.5388,84.0,27.20112315634919,38.0
Bitcoin,2022-02-14,42586.91797,-769.4533594,1740.5050569380148,0.5096,28.0,85.0,38.6,174.74000549316406,18.950000762939453,48.83000183105469,34566.17188,6496.439941,28.329999923706055,44.94036865234375,96.37000274658205,1.1365057229995728,1093.820313,0.5348,121.8,1868.0,95.45999908447266,96.48000336,35142.97471704016,20827783012.0,630477,40840022.97,3738130873.146192,0.4171,0.5618,58.0,26.415529971586583,24.0
Bitcoin,2022-02-15,44575.20313,-789.4896875,1771.6249524245852,0.5091,30.0,110.0,42.2,173.0800018310547,17.700000762939453,48.36000061035156,34988.83984,6706.359863,25.700000762939453,45.91572189331055,95.98999786376952,1.1306334733963013,2176.183594,0.545,193.4,1854.800048828125,92.06999969482422,93.27999877929688,35520.56777269581,22721659051.0,680501,48533029.98841528,5996275894.199901,0.3964,0.5655,50.0,26.20787675315605,36.0
Bitcoin,2022-02-16,43961.85938,-694.4975781,1725.1935942156863,0.5135,29.0,93.0,44.2,174.86000061035156,18.06999969482422,49.380001068115234,34934.26953,6694.180176,24.290000915527344,46.250125885009766,95.6999969482422,1.1356796026229858,1121.585938,0.5466,154.6,1870.199951171875,93.66000366210938,94.80999755859376,35990.06864549621,19792547657.0,677777,43917652.26947889,3802128926.759299,0.3864,0.5687,47.0,25.368307970997677,39.0
Bitcoin,2022-02-17,40538.01172,-641.0770312,1879.365592,0.5335,30.0,138.0,39.8,177.25,19.790000915527344,53.13999938964844,34312.03125,6485.810059,28.11000061035156,45.71136093139648,95.8000030517578,1.1375269889831543,3883.601563,0.5395,179.0,1900.699951171875,91.76000213623048,92.97000122070312,36356.71050338716,26246662813.0,665429,42514659.43399647,3727008285.934386,0.3802,0.5564,69.0,24.176595611407993,36.0
Bitcoin,2022-02-18,40030.97656,-619.373125,1837.3777036859744,0.5279,29.5,165.0,46.6,177.1199951171875,18.540000915527344,52.00999832,34079.17969,6342.529785,27.75,45.256195068359375,96.04000091552734,1.1366478204727173,1291.535156,0.5046,168.2,1898.5999755859375,91.06999969482422,93.54000091552734,36630.12569122668,23310007704.0,672505,34237766.888329044,4086558916.785429,0.3483,0.5366,40.0,23.258800528322467,42.0
Bitcoin,2022-02-19,40122.15625,-578.6069531,1756.5521757441188,0.4875,29.0,115.0,35.2,177.21249771118164,18.387500762939453,51.53499889258789,33958.537112499995,6304.5048827499995,28.014999866485596,45.09596061706543,96.03750038146973,1.1350055535634358,705.8203125,0.5,137.6,1900.4749755859375,91.38999938861816,94.36499977111816,36973.353762467115,13736557863.0,573700,37609546.79569337,1623004423.9240787,0.3249,0.5333,53.0,22.075863151971863,40.0
Bitcoin,2022-02-20,38431.37891,-642.4113281,1774.608716762396,0.4801,28.5,163.0,37.0,177.30500030517578,18.235000610351562,51.059999465175785,33837.894535,6266.4799805,28.27999973297119,44.935726165771484,96.03499984741211,1.1333632866541545,2007.078125,0.4938,120.2,1902.3499755859375,91.70999908241211,95.18999862670898,36963.77313760232,18340576452.0,549160,35174070.58003432,1468226673.0557508,0.3148,0.5335,62.0,22.11089306957684,38.0
Bitcoin,2022-02-21,37075.28125,-775.2701563,1822.419589672225,0.48,28.0,217.0,47.8,177.39750289916992,18.082500457763672,50.58500003776367,33717.2519575,6228.45507825,28.544999599456787,44.77549171447754,96.03249931335449,1.131721019744873,2443.960938,0.4724,141.0,1904.2249755859375,92.02999877620606,96.0149974822998,36625.523212989865,29280402798.0,615656,30026576.03530867,4035714191.610417,0.3076,0.5405,45.0,23.38429467793796,48.0
Bitcoin,2022-02-22,38286.02734,-820.5779688,1825.8840386242089,0.4603,21.0,221.0,43.6,177.49000549316406,17.93000030517578,50.11000061035156,33596.60938,6190.430176,28.809999465942383,44.615257263183594,96.02999877929688,1.1309658288955688,1870.921875,0.4772,142.6,1906.0999755859375,92.34999847,96.83999633789062,36910.90096336523,25493150450.0,647191,36863634.739900105,3543912810.2535915,0.2967,0.5684,65.0,22.293728282869655,41.0
Bitcoin,2022-02-23,37296.57031,-849.6550781,1832.6479019367653,0.4409,22.0,154.0,36.4,178.2899932861328,17.690000534057617,50.50999832,33131.76172,6003.560059,31.020000457763672,44.095062255859375,96.19000244140624,1.132913351,1920.578125,0.4784,135.8,1909.199951171875,92.09999847,96.83999633789062,36944.56151129251,21849073843.0,622682,36162771.65050291,3017861449.2149425,0.2906,0.5615,53.0,22.162058947342203,35.0
Bitcoin,2022-02-24,38332.60938,-830.6971875,2023.860272780568,0.4545,32.0,282.0,61.2,177.13999938964844,18.12000084,49.040000915527344,33223.82813,6212.850098,30.31999969482422,43.18474197387695,97.13999938964844,1.1305694580078125,4509.621094,0.4619,145.8,1925.0999755859375,92.80999755859376,99.08000183105467,36577.20114,46383802093.0,676575,30647564.869713254,6195394916.861324,0.2916,0.5069,65.0,23.25652647074044,48.0
Bitcoin,2022-02-25,39214.21875,-724.5227344,1987.7974296355271,0.4423,31.333333333333332,116.0,41.2,176.5500030517578,18.399999618530273,49.5,34058.75,6275.97998,27.59000015258789,43.98359298706055,96.62000274658205,1.11906898,1518.980469,0.4657,130.6,1886.5,91.58999633789062,97.93000030517578,36373.57040885629,26545599159.0,687447,33004416.88059454,5331044431.493843,0.2735,0.4974,77.0,23.766382320272125,27.0
Bitcoin,2022-02-26,39105.14844,-568.1790625,1938.869934661561,0.4542,30.666666666666668,75.0,26.4,177.16000366210938,19.25666618347168,50.5,34003.36718666667,6291.0600583333335,28.44333330790202,43.79162089029948,96.65000152587892,1.118747790509847,1302.8125,0.4704,107.8,1890.8000081380208,92.96666463216145,98.94999949137369,36149.58283649194,17467554129.0,582374,33937773.77919107,2407133265.9638343,0.2952,0.4982,54.0,24.147152471427844,24.0
Bitcoin,2022-02-27,37709.78516,-485.2203906,1979.662428167878,0.4665,30.0,86.0,23.0,177.77000427246094,20.113332748413086,51.5,33947.98437333333,6306.140136666667,29.296666463216145,43.599648793538414,96.68000030517578,1.118426601019694,2509.964844,0.4712,128.6,1895.1000162760417,94.3433329264323,99.96999867757161,35797.53396205474,23450127612.0,583361,33197207.97966266,1844114530.6029348,0.304,0.4713,58.0,24.55165446168642,19.0
Bitcoin,2022-02-28,43193.23438,-287.5676562,2284.132410977315,0.4624,24.0,151.0,52.0,178.3800048828125,20.969999313354492,52.5,33892.60156,6321.220215,30.149999618530273,43.407676696777344,96.70999908447266,1.118105411529541,6242.242188,0.4733,154.2,1899.4000244140625,95.72000122070312,100.98999786376952,35858.512143635264,35690014104.0,702483,38215480.803591736,6046602126.393123,0.3035,0.4448,96.0,24.053331508709167,42.0
Bitcoin,2022-03-01,44354.63672,-132.1722656,2252.481211978936,0.4441,21.0,137.0,58.0,181.6199951171875,22.700000762939453,61.43000030517578,33294.94922,6298.709961,33.31999969482422,42.83175277709961,97.41000366210938,1.1215918064117432,1841.015625,0.5221,152.4,1942.4000244140625,103.41000366210938,104.97000122070312,35856.98748294773,32479047645.0,722863,45022611.37564055,6893627293.511368,0.4193,0.4653,92.0,24.064231035018818,59.0
Bitcoin,2022-03-02,43924.11719,-29.4728125,2209.0701655875832,0.5098,22.0,105.0,34.0,179.72999572753906,21.850000381469727,61.529998779296875,33891.35156,6342.990234,30.739999771118164,42.90606689453125,97.38999938964844,1.1132758855819702,1644.726563,0.5243,114.6,1920.9000244140625,110.5999984741211,112.93000030517578,35831.58751219436,29183112630.0,731603,38804384.27420314,5450897868.437432,0.4364,0.4488,84.0,24.266246636368106,52.0
Bitcoin,2022-03-03,42451.78906,-10.36398437,2201.7671626884703,0.5218,21.0,98.0,32.2,180.8000030517578,22.940000534057617,64.37000274658203,33794.66016,6193.990234,30.479999542236328,42.30228805541992,97.79000091552734,1.1112345457077026,2106.828125,0.5283,113.0,1934.4000244140625,107.66999816894533,110.45999908447266,35830.857352076615,24967782593.0,701198,40853667.55342594,4573611315.379651,0.4467,0.4666,52.0,24.2792756,49.0
Bitcoin,2022-03-04,39137.60547,1.0398437500043656,2306.9099099964365,0.5171,19.666666666666668,121.0,31.8,183.67999267578125,26.290000915527344,77.29000091552734,33614.80078,6064.450195,31.979999542236328,41.44768905639648,98.65000153,1.1066844463348389,3673.765625,0.513,107.0,1965.0999755859375,115.68000030517578,118.11000061035156,35673.89703791328,28516271427.0,675228,36333926.06318503,5677847228.457849,0.4415,0.4852,63.0,24.38007371405876,44.0
Bitcoin,2022-03-05,39400.58594,-98.57507813,2198.5092579431193,0.4996,18.333333333333332,99.0,26.4,184.58999633789062,27.416667302449543,77.83000183105469,33348.99349,5975.203450333333,33.46999994913737,40.930600484212235,98.86333465850912,1.1002739667892456,789.3007813,0.4842,64.8,1974.6999918619792,116.92000071207683,119.81000010172527,35561.54315496256,16975917450.0,594977,31045143.393329486,1614301923.4661283,0.4405,0.4805,58.0,24.328474846417222,21.0
Bitcoin,2022-03-06,38419.98438,-244.3908594,2143.510549786468,0.4585,17.0,121.0,21.0,185.49999999999997,28.543333689371746,78.37000274658203,33083.1862,5885.9567056666665,34.960000356038414,40.41351191202799,99.07666778701822,1.0938634872436523,1428.527344,0.4799,80.8,1984.3000081380208,118.16000111897786,121.50999959309895,35373.75206,19745229902.0,555454,32347699.625522234,1221415770.8337605,0.4337,0.4554,57.0,24.352250554998793,30.0
Bitcoin,2022-03-07,38062.03906,-369.1928906,2145.4043274802916,0.4614,18.0,154.0,34.2,186.41000366210935,29.670000076293945,78.91000366210938,32817.37891,5796.709961,36.45000076293945,39.89642333984375,99.29000091552734,1.087453007698059,2170.023438,0.4895,104.6,1993.9000244140625,119.4000015258789,123.20999908447266,35378.88215519654,28546143503.0,648259,35836828.333603054,4567257671.422741,0.423,0.5469,78.0,22.894837539774844,36.0
Bitcoin,2022-03-08,38737.26953,-409.5122656,2088.379353195985,0.4484,21.0,132.0,22.8,191.5099945068359,31.700000762939453,75.81999969482422,32632.64063,5780.160156,35.130001068115234,40.02647018432617,99.05999755859376,1.0865312814712524,1347.054688,0.4782,114.4,2040.0999755859375,123.6999969482422,127.9800033569336,35481.151528960414,25776583476.0,659214,36210238.39567659,3918673432.206394,0.3324,0.5639,63.0,21.21388522118126,35.0
Bitcoin,2022-03-09,41982.92578,-348.2871094,2207.750694039129,0.4447,20.0,121.0,41.6,185.82000732421875,28.010000228881836,73.25,33286.25,6038.890137,32.45000076293945,41.15973281860352,97.97000122070312,1.0898232460021973,3759.578125,0.4794,126.8,1985.9000244140625,108.6999969482422,111.13999938964844,35449.44103006259,32284121034.0,702360,36284340.42352956,6199177258.927656,0.3157,0.5583,65.0,21.69821553802832,40.0
Bitcoin,2022-03-10,39437.46094,-320.4421875,2276.6102984827626,0.4514,19.0,141.0,25.8,186.3999938964844,26.079999923706055,67.33999633789062,33174.07031,5912.930176,30.229999542236328,40.38874053955078,98.51000213623048,1.107382893562317,3171.785156,0.4959,99.8,1998.0999755859375,106.0199966430664,109.33000183105467,35419.370128264534,31078064711.0,687025,36518474.15193781,4863647840.941094,0.326,0.5348,64.0,21.716410039361456,37.0
Bitcoin,2022-03-11,38794.97266,-263.0028125,2237.869998144708,0.4902,19.333333333333332,143.0,32.4,185.08999633789065,24.729999542236328,68.01000213623047,32944.19141,5663.52002,30.75,39.54343795776367,99.12000274658205,1.1013944149017334,1734.246094,0.4744,151.6,1982.699951171875,109.33000183105467,112.66999816894533,35338.14795263638,26364890465.0,659116,34515891.55,5267029596.149032,0.3152,0.4788,94.0,21.827677335514863,68.0
Bitcoin,2022-03-12,38904.01172,-113.0321094,2116.3123197058003,0.4596,19.666666666666668,95.0,29.2,184.15999857584637,24.513333002726238,67.14666748046875,32944.54036666667,5590.343424666667,31.09000015258789,39.22451527850912,99.10000101725262,1.0986651976903279,536.0625,0.4737,117.0,1974.9999593098958,107.22333526611328,110.74666595458986,35383.921846585654,14616450657.0,592255,38434246.099250704,1419859005.3521538,0.3075,0.4836,78.0,21.703108219386927,61.0
Bitcoin,2022-03-13,37849.66406,13.621796875006112,2070.9476562446716,0.4509,20.0,112.0,28.6,183.2300008138021,24.296666463216145,66.28333282470703,32944.88932333333,5517.166829333333,31.43000030517578,38.905592599254554,99.07999928792319,1.0959359804789226,1481.207031,0.4675,136.0,1967.2999674479167,105.11666870117188,108.82333374023438,35504.245176700926,17300745310.0,554544,37950813.21329494,1439995804.8020916,0.3058,0.4661,111.0,21.271160597735634,83.0
Bitcoin,2022-03-14,39666.75391,89.27492187499593,2070.291796870052,0.4519,23.0,137.0,31.4,182.3000030517578,24.079999923706055,65.41999816894531,32945.23828,5443.990234,31.770000457763672,38.58666992,99.05999755859376,1.093206763267517,2061.765625,0.4635,157.8,1959.5999755859375,103.01000213623048,106.9000015258789,35625.08756744364,24322159070.0,658358,37379620.92665644,3127649162.2382407,0.3051,0.4617,101.0,20.973922879042178,94.0
Bitcoin,2022-03-15,39338.78516,189.10140624999624,2028.4436662900484,0.4368,25.0,147.0,30.0,178.88999938964844,23.799999237060547,63.619998931884766,33544.33984,5614.560059,29.829999923706055,38.64239501953125,99.06999969482422,1.0943193435668943,1484.417969,0.4673,136.2,1928.5,96.44000244140624,99.91000366210938,35879.93114927764,23934000868.0,679170,34327601.17776097,3536984794.924745,0.301,0.472,102.0,20.154687041209353,80.0
Bitcoin,2022-03-16,41143.92969,310.6088281249977,2058.062366465759,0.4594,29.0,146.0,35.0,180.00999450683594,22.510000228881836,59.349998474121094,34063.10156,6186.419922,26.670000076293945,41.75423049926758,98.37999725341795,1.0969363451004028,2443.105469,0.4829,149.2,1908.0,95.04000091552734,98.01999664,36053.19646,39616916192.0,721364,39891546.92008823,4560772406.0,0.3047,0.5267,109.0,19.920606507447484,86.0
Bitcoin,2022-03-17,40951.37891,343.66007812500175,1955.676773325348,0.4552,37.0,118.0,34.0,180.88999938964844,22.229999542236328,67.77999877929688,34480.76172,6224.169922,25.670000076293945,41.54058074951172,98.01000213623048,1.1021955013275146,624.6640625,0.4877,123.4,1942.0999755859375,102.9800033569336,106.63999938964844,36140.23532664823,22009601093.0,743399,41116830.88643309,6626010100.0,0.2944,0.4851,117.0,19.87658680475966,72.0
Bitcoin,2022-03-18,41801.15625,380.5302343749936,1951.2246935342516,0.4757,38.0,112.0,33.8,179.3000030517578,22.0,69.08999633789062,34754.92969,6434.22998,23.87000084,42.13507843017578,98.23000336,1.1099518537521362,1893.347656,0.4861,127.2,1928.199951171875,104.6999969482422,107.93000030517578,36240.37835735245,34421564942.0,700248,36959271.78465093,5901502528.208304,0.3238,0.4731,102.0,19.982194665674452,80.0
Bitcoin,2022-03-19,42190.65234,400.8576562500021,1862.8434096210908,0.4735,39.0,91.0,27.4,179.7566680908203,21.963333129882812,69.65333048502605,34687.61588666667,6420.386718333333,23.756667455548502,41.9183349609375,98.32000224,1.1080724000930786,713.8867188,0.4917,120.2,1928.3332926432292,107.17333221435548,110.4933344523112,36560.22228838097,19664853187.0,638704,40889732.80176486,2228834886.153519,0.2883,0.4752,99.0,19.398379956078877,90.0
Bitcoin,2022-03-20,41247.82422,409.36140624999825,1818.0978982195843,0.4831,40.0,92.0,31.4,180.2133331298828,21.92666625976563,70.21666463216145,34620.30208333333,6406.543456666667,23.643334071097005,41.70159149169922,98.41000112,1.106192946434021,1236.40625,0.4912,79.4,1928.4666341145833,109.64666748046876,113.05666859944662,36643.673558305054,20127946682.0,572086,40348467.97910728,1286402952.141647,0.2918,0.4545,82.0,18.550210372587735,47.0
Bitcoin,2022-03-21,41077.99609,388.7707812500011,1744.4028474538995,0.4867,44.0,98.0,26.8,180.6699981689453,21.88999938964844,70.77999877929688,34552.98828,6392.700195,23.530000686645508,41.48484802246094,98.5,1.1043134927749634,786.3671875,0.489,129.0,1928.5999755859375,112.12000274658205,115.62000274658205,36927.937258525206,24615543271.0,663684,39709506.74,6292318394.145836,0.2897,0.4871,81.0,16.39787282,38.0
Bitcoin,2022-03-22,42358.80859,384.2992968749968,1775.2616284393353,0.4755,45.0,100.0,27.0,179.36000061035156,20.579999923706055,69.55999755859375,34807.46094,6625.990234,22.940000534057617,42.23725509643555,98.48999786376952,1.101722002029419,2176.425781,0.4863,118.0,1920.699951171875,111.76000213623048,115.4800033569336,37143.182852751605,32004652376.0,681184,39888938.43880881,4455877254.227707,0.2951,0.4821,74.0,14.96768617410678,64.0
Bitcoin,2022-03-23,42892.95703,374.0345312500067,1721.028654979383,0.4722,47.0,99.0,27.0,181.80999755859375,23.40999984741211,72.58999633789062,34358.5,6581.189941,23.56999969482422,41.95858383178711,98.62000274658205,1.1029735803604126,1016.0,0.495,138.6,1936.5999755859375,114.93000030517578,121.5999984741211,37092.312499151325,25242943069.0,671738,38783180.02,3963031462.550204,0.2955,0.5111,95.0,15.322569039000165,52.0
Bitcoin,2022-03-24,43960.93359,426.0671093749989,1698.504565784427,0.4869,49.0,108.0,28.2,183.1300048828125,24.06999969482422,69.13999938964844,34707.94141,6683.759766,21.670000076293945,42.181522369384766,98.79000091552734,1.1006306409835815,1405.691406,0.4991,154.2,1961.5999755859375,112.33999633789062,119.02999877929688,36961.38147075698,31042992291.0,677148,39187876.825965054,4246198423.515624,0.2919,0.5091,79.0,17.072691286837077,68.0
Bitcoin,2022-03-25,44348.73047,507.7567968750009,1669.5547418891108,0.4902,49.666666666666664,119.0,34.4,182.3800048828125,24.68000030517578,68.91000366210938,34861.23828,6650.040039,20.809999465942383,41.84711456298828,98.80999755859376,1.1009578704833984,1293.207031,0.5109,160.6,1953.800048828125,113.9000015258789,120.6500015258789,36843.702596270334,30574413034.0,752938,43756450.86032028,7477966817.127208,0.284,0.5228,74.0,18.764673587682125,63.0
Bitcoin,2022-03-26,44500.82813,504.5479687499974,1590.9953072006028,0.5035,50.333333333333336,85.0,22.2,181.2733357747396,24.18666712443034,68.2866694132487,34892.78906333333,6694.826660000001,20.416666030628257,41.89355977532552,98.90333048502605,1.1000349521636963,569.7226563,0.5185,112.6,1949.0666910807292,111.25333404541016,117.92666880289714,36945.86823491612,16950455995.0,611979,45600899.41748508,1885491262.0,0.2992,0.5284,77.0,19.61105982823473,53.0
Bitcoin,2022-03-27,46820.49219,534.6208594,1648.0852071327026,0.5068,51.0,100.0,43.6,180.16666666666666,23.693333943684895,67.66333516438802,34924.33984666667,6739.613281,20.023332595314127,41.94000498766276,98.99666341145834,1.0991120338439941,2390.253906,0.5082,107.8,1944.3333333333333,108.6066665649414,115.20333607991536,36867.530139832976,28160889722.0,589872,37615484.28724999,4081241680.3127346,0.2947,0.5138,220.0,21.897609630791752,69.0
Bitcoin,2022-03-28,47128.00391,545.9385937499974,1630.1243218017953,0.508,53.0,136.0,109.6,179.05999755859375,23.200000762939453,67.04000091552734,34955.89063,6784.399902,19.62999916,41.9864502,99.08999633789062,1.098189115524292,1396.632813,0.5307,118.0,1939.5999755859375,105.95999908447266,112.4800033569336,36821.37673104224,36362175703.0,720718,47542865.06,7054190211.628341,0.2977,0.5098,666.0,23.905054592491755,60.0
Bitcoin,2022-03-29,47465.73047,478.2885156249977,1579.5334104230956,0.5313,52.0,106.0,77.0,179.13999938964844,21.280000686645508,62.459999084472656,35294.19141,6881.850098,18.899999618530273,42.70171356201172,98.40000153,1.099384307861328,921.8515625,0.5375,141.8,1912.0,104.23999786376952,110.2300033569336,36521.397784355315,31397059069.0,706611,45330581.00512871,7432137463.165101,0.3277,0.5307,411.0,26.477163712452423,63.0
Bitcoin,2022-03-30,47062.66406,393.2903125000011,1531.6337025357316,0.5351,58.0,68.0,54.0,180.5800018310547,21.079999923706055,61.040000915527344,35228.80859,6790.779785,19.329999923706055,42.58095169067383,97.79000091552734,1.1091516017913818,908.9375,0.5341,114.2,1933.5,107.81999969482422,113.4499969482422,36644.44958493632,29333883962.0,662686,40379135.25749871,5223175410.299848,0.3382,0.5358,258.0,27.455307955969676,65.0
Bitcoin,2022-03-31,45538.67578,357.28882812500524,1573.7661724438935,0.5368,59.0,96.0,90.4,180.6499938964844,20.25,57.65999984741211,34678.35156,6594.319824,20.559999465942383,41.94001007080078,98.30999755859376,1.116183519363403,2121.488281,0.5345,120.2,1949.199951171875,100.27999877929688,107.91000366210938,37093.05338592149,33327427106.0,711182,41070779.19109971,7725089743.268827,0.3416,0.5545,524.0,26.71857797959789,60.0
Bitcoin,2022-04-01,46281.64453,304.0328906249997,1619.4329860193295,0.5324,59.666666666666664,118.0,97.6,179.5,19.079999923706055,54.36000061035156,34818.26953,6645.149902,19.62999916,42.63668441772461,98.62999725341795,1.1072357892990112,2213.101563,0.5292,122.0,1919.0999755859375,99.26999664,104.38999938964844,37567.157317480225,38162644287.0,738464,40957428.26029431,6420672356.962391,0.3412,0.5581,501.0,26.002981332811913,56.0
Bitcoin,2022-04-02,45868.94922,278.9417187500003,1592.742739250092,0.5151,60.333333333333336,75.0,89.6,179.78999837239584,19.1266663869222,54.34333419799805,34852.80599,6737.029947666667,19.276666004941408,42.8874880472819,98.74999745686847,1.1063999334971109,1245.769531,0.5257,99.6,1922.4666341145833,100.60666401976563,105.43666585286458,38421.37801111654,29336594194.0,660755,40410667.775713935,2491811084.6347647,0.3239,0.5605,534.0,23.683749682703336,51.0
Bitcoin,2022-04-03,46453.56641,290.6147656250032,1598.9304788572283,0.5217,61.0,61.0,77.0,180.07999674479166,19.173332850138348,54.32666778564453,34887.34245,6828.909993333334,18.92333284988281,43.13829167683919,98.869997660319,1.1055640776952107,1679.371094,0.5306,74.6,1925.8332926432292,101.94333139953125,106.48333231608073,38946.00633345877,25414397610.0,585946,40719203.40116903,2061001713.0147855,0.3217,0.5925,474.0,22.65704960215841,37.0
Bitcoin,2022-04-04,46622.67578,320.2335937500029,1595.8121187602833,0.5176,48.0,99.0,90.2,180.3699951171875,19.219999313354492,54.310001373291016,34921.87891,6920.790039,18.56999969482422,43.38909530639648,98.98999786376952,1.1047282218933103,1555.273438,0.5407,109.0,1929.199951171875,103.27999877929688,107.52999877929688,39650.65539148077,32499785455.0,691360,46006388.36749984,4927607024.269423,0.3198,0.5977,537.0,20.93319362106963,63.0
Bitcoin,2022-04-05,45555.99219,355.6175000000003,1593.3492553666915,0.522,46.0,91.0,84.4,179.24000549316406,18.469999313354492,53.79999923706055,34641.17969,6693.600098,21.030000686645508,42.59023666381836,99.47000122070312,1.0975863933563232,1561.332031,0.5353,121.4,1922.9000244140625,101.95999908447266,106.63999938964844,40074.90202837173,29640604055.0,692888,43133876.22847358,4109973025.185322,0.3126,0.6001,517.0,19.91431665657727,81.0
Bitcoin,2022-04-06,43206.73828,273.91757812500146,1648.255670161928,0.5235,46.0,145.0,101.6,179.66000366210938,18.87999916,53.150001525878906,34496.51172,6461.890137,22.100000381469727,42.03289413452149,99.59999847,1.090643286705017,2350.402344,0.5276,145.8,1918.4000244140625,96.23000336,101.06999969482422,40448.141081763126,39393395788.0,666088,42945671.125871725,4973307102.4678755,0.3043,0.5949,488.0,18.69645860702756,70.0
Bitcoin,2022-04-07,43503.84766,195.5371094,1599.1511914896475,0.5125,46.0,116.0,89.2,180.33999633789065,18.43000030517578,54.22999954223633,34583.57031,6413.149902,21.549999237060547,41.698490142822266,99.75,1.0898232460021973,960.7929688,0.5072,131.4,1933.800048828125,96.02999877929688,100.58000183105467,40700.67982466451,26101973106.0,677721,38455362.05837601,4397281337.2992325,0.3026,0.5726,393.0,17.91191478523905,35.0
Bitcoin,2022-04-08,42287.66406,146.34820312500233,1607.763997008244,0.4854,45.333333333333336,101.0,102.6,181.47000122070312,18.37000084,53.13999938964844,34721.12109,6300.120117,21.15999984741211,41.735652923583984,99.8000030517578,1.0864840745925903,1719.730469,0.5004,117.0,1941.5999755859375,98.26000213623048,102.77999877929688,40717.50680573701,27215995394.0,685851,37320148.66696341,3214336086.8389087,0.2787,0.582,486.0,17.856396898474067,33.0
Bitcoin,2022-04-09,42782.13672,112.86820312499913,1536.0353186505124,0.4877,44.666666666666664,89.0,57.2,181.7699991861979,18.663333893333334,53.6966667175293,34583.440103333334,6236.486816333334,22.23000017827474,41.56225713238932,99.8433354695638,1.0871542692184448,603.5625,0.4998,90.2,1942.5,96.93666839599611,101.34666697286458,41010.130017484815,16050772496.0,597681,40940631.083559595,2025819116.5886805,0.2597,0.5774,300.0,16.86163447299757,46.0
Bitcoin,2022-04-10,42207.67188,95.19703124999796,1523.1165012469044,0.4716,44.0,97.0,85.2,182.06999715169272,18.956666946666665,54.253334045410156,34445.75911666667,6172.853515666667,23.30000050913737,41.38886134119466,99.88666788736978,1.0878244638442993,1355.171875,0.4943,84.0,1943.4000244140625,95.61333465576172,99.91333516643229,41261.40405713406,17654475582.0,551596,37708697.08826943,1859650890.1898177,0.2494,0.5842,459.0,15.97161905266092,67.0
Bitcoin,2022-04-11,39521.90234,144.3767968750035,1632.288983300697,0.4762,43.0,212.0,117.8,182.3699951171875,19.25,54.810001373291016,34308.07813,6109.220215,24.37000084,41.21546555,99.93000030517578,1.0884946584701538,3051.53125,0.4861,102.6,1944.300048828125,94.29000091552734,98.48000336,40556.77070350053,33949912166.0,684991,35801153.76,5145118168.094051,0.2452,0.5869,488.0,18.540334743445285,64.0
Bitcoin,2022-04-12,40127.18359,214.57507812500265,1603.5010425292187,0.4707,43.0,182.0,115.4,183.77000427246097,19.37000084,55.25,34220.35938,6068.0,24.260000228881836,41.085418701171875,100.29000091552734,1.087795972824097,1229.257813,0.4736,117.2,1972.0999755859375,100.5999984741211,104.63999938964844,40020.88687343277,30991500854.0,683425,38608644.81354976,3550344586.310289,0.2197,0.5728,412.0,20.382316576255626,56.0
Bitcoin,2022-04-13,41166.73047,237.1960937499971,1611.630153330703,0.4374,41.0,117.0,116.8,184.6499938964844,18.700000762939453,51.20000076293945,34564.58984,6192.879883,21.81999969482422,41.62418365478515,99.87999725341795,1.0826143026351929,1717.308594,0.4659,115.0,1981.0,104.25,108.77999877929688,39649.749109377786,27691105228.0,682050,35934245.390805714,3702852305.151144,0.2271,0.5372,417.0,21.488356017882847,54.0
Bitcoin,2022-04-14,39935.51563,234.95179687500055,1621.923312021367,0.4436,40.5,117.0,114.0,184.0399932861328,17.709999084472656,53.380001068115234,34451.23047,5997.290039,22.700000762939453,41.085418701171875,100.31999969482422,1.089656949043274,1755.734375,0.4697,114.0,1970.9000244140625,106.9499969482422,111.6999969482422,39043.351628711775,24342001973.0,673582,35605625.47699982,6126220619.5982895,0.2188,0.5412,433.0,23.340967047599147,71.0
Bitcoin,2022-04-15,40553.46484,237.65859374999857,1559.706691519841,0.4556,40.0,108.0,101.4,184.1824951171875,18.049999237060547,52.77000045776367,34441.345705,6001.102539,22.567500591278076,41.050583839416504,100.43499946594238,1.0820988416671753,750.890625,0.4711,89.6,1973.9000244140625,107.26499748229982,112.064998626709,38610.16600686147,21756855753.0,666824,40084844.38845567,2508777341.1963906,0.23,0.5201,355.0,24.51744176817359,49.0
Bitcoin,2022-04-16,40424.48438,240.05343749999884,1487.9600640005665,0.4401,39.5,89.0,73.0,184.3249969482422,18.389999389648438,52.15999984741211,34431.460940000004,6004.915039,22.4350004196167,41.01574897766113,100.54999923706055,1.0819077094395955,555.2539063,0.4628,87.0,1976.9000244140625,107.57999801635744,112.4300003051758,38237.93512102281,16833150693.0,600335,34087053.88136647,1777062284.075025,0.2218,0.5273,323.0,24.93696531854647,48.0
Bitcoin,2022-04-17,39716.95313,191.25148437499593,1449.522347375526,0.4469,39.0,95.0,68.2,184.46749877929688,18.729999542236328,51.54999923706055,34421.576175,6008.727539,22.302500247955322,40.98091411590576,100.66499900817871,1.0817165772120159,949.8320313,0.4734,90.0,1979.9000244140625,107.89499855041504,112.79500198364258,37846.46722843434,19087633042.0,557466,41812904.43432423,1246709618.6163137,0.2234,0.5206,396.0,25.24687577642301,39.0
Bitcoin,2022-04-18,40826.21484,195.9660156250029,1509.5656730094172,0.4451,42.0,158.0,127.6,184.61000061035156,19.06999969482422,50.939998626708984,34411.69141,6012.540039,22.170000076293945,40.94607925415039,100.77999877929688,1.081525444984436,2290.128906,0.4524,136.8,1982.9000244140625,108.20999908447266,113.16000366210938,37762.427946153286,33705182072.0,631282,33554776.284819625,3262749299.0192986,0.2161,0.4754,467.0,24.288201811593485,66.0
Bitcoin,2022-04-19,41502.75,109.3774218749968,1477.0487052944588,0.4355,41.0,74.0,122.8,181.82000732421875,18.190000534057617,50.34000015258789,34911.19922,6121.160156,21.37000084,40.741722106933594,100.95999908447266,1.0781787633895874,1054.328125,0.4543,152.0,1955.699951171875,102.55999755859376,107.25,37800.66400094723,25303206547.0,697163,32209953.668280136,3752455855.7969346,0.2093,0.4844,444.0,22.96528075,53.0
Bitcoin,2022-04-20,41374.37891,5.355156249999709,1454.7740209877118,0.4484,40.0,109.0,138.6,182.7100067138672,18.149999618530273,52.22999954223633,35160.78906,5743.390137,20.31999969482422,40.500205993652344,100.38999938964844,1.0794472694396973,1165.203125,0.4762,137.0,1952.300048828125,102.75,106.8000030517578,37740.129761442266,27819532341.0,703937,41826936.375276946,5390335872.441646,0.2116,0.5021,551.0,22.382769576537065,61.0
Bitcoin,2022-04-21,40527.36328,-86.78523437,1552.986869935018,0.4558,32.0,105.0,149.2,182.05999755859375,18.219999313354492,49.86000061035156,34792.76172,5583.310059,22.68000030517578,39.71992492675781,100.58000183105467,1.0849870443344116,2829.753906,0.4755,117.6,1944.9000244140625,103.79000091552734,108.33000183105467,37714.27491494572,35372786395.0,710624,44502886.442155205,9221622580.084011,0.2106,0.4807,575.0,21.294547694909824,73.0
Bitcoin,2022-04-22,39740.32031,-153.2507031,1546.5120823503737,0.454,31.333333333333332,136.0,139.0,180.2899932861328,18.969999313354492,51.150001525878906,33811.39844,5472.089844,28.209999084472656,39.36694336,101.22000122070312,1.0835175514221191,1462.339844,0.4557,111.2,1931.0,102.06999969482422,106.6500015258789,37617.151399991104,28011716745.0,671463,34361884.54129586,3034892219.620398,0.2049,0.491,381.0,20.45123782540579,48.0
Bitcoin,2022-04-23,39486.73047,-208.5967969,1477.7366657539185,0.4421,30.666666666666668,81.0,90.4,179.20999654134116,19.13666598002116,51.720001220703125,33890.75260666666,5488.756510666667,27.81333287556966,39.27095794719401,101.39666748046875,1.08271320660909,583.65625,0.4614,94.6,1918.3999837239583,100.8933334350586,105.20666758219402,37693.93426886128,16138021249.0,613940,40745768.893821314,1324626784.014653,0.2076,0.4895,339.0,18.576525831370308,35.0
Bitcoin,2022-04-24,39469.29297,-173.4129687,1415.925955253639,0.4327,30.0,102.0,115.8,178.12999979654947,19.303332646687824,52.290000915527344,33970.10677333333,5505.423177333333,27.416666666666668,39.17497253438802,101.57333374023438,1.0819088617960613,612.3867188,0.4605,93.6,1905.7999674479167,99.71666717529297,103.76333363850911,38015.55326148337,17964398167.0,581643,42636545.76,1742817144.3961651,0.2073,0.4767,349.0,15.43996416471994,40.0
Bitcoin,2022-04-25,40458.30859,-73.04132813,1468.6008870212358,0.4302,20.0,178.0,212.8,177.0500030517578,19.469999313354492,52.86000061035156,34049.46094,5522.089844,27.020000457763672,39.07898712158203,101.75,1.0811045169830322,2153.375,0.4595,106.8,1893.199951171875,98.54000091552734,102.31999969482422,38458.80813915816,35445730570.0,680074,40289919.57795723,3754783006.1736846,0.2028,0.4957,533.0,12.125622392791808,38.0
Bitcoin,2022-04-26,38117.46094,-3.9978125,1565.7655558054337,0.4287,19.0,166.0,162.6,177.32000732421875,19.229999542236328,53.56999969482422,33240.17969,5246.220215,33.52000045776367,38.22439956665039,102.3000030517578,1.0714209079742432,2828.90625,0.4555,110.0,1901.4000244140625,101.6999969482422,104.98999786376952,38142.91738778714,34569088416.0,689345,35239242.86,4582894825.063292,0.2165,0.5066,439.0,12.50341115612335,39.0
Bitcoin,2022-04-27,39241.12109,60.30859375,1553.9684067300454,0.4398,23.0,138.0,165.2,175.97999572753906,19.15999984741211,53.380001068115234,33301.92969,5261.910156,31.600000381469727,38.670265197753906,102.9499969482422,1.0643619298934937,1400.605469,0.4552,138.6,1885.9000244140625,102.0199966430664,105.31999969482422,38210.95762619118,30981015184.0,697020,42682531.77661201,4169765279.274275,0.2125,0.5049,371.0,11.179815771765249,64.0
Bitcoin,2022-04-28,39773.82813,9.144140625001455,1537.8308754457564,0.4092,18.0,139.0,191.4,176.92999267578125,19.0,51.939998626708984,33916.39063,5513.620117,29.989999771118164,39.22760772705078,103.62000274658205,1.0555092096328735,1328.042969,0.4408,127.6,1888.699951171875,105.36000061035156,107.58999633789062,38227.56706,33903704907.0,697124,33133353.767992403,4742383660.078528,0.1974,0.4883,436.0,10.509268451580926,41.0
Bitcoin,2022-04-29,38609.82422,-8.782734375,1545.966839699631,0.4232,17.666666666666668,146.0,134.0,176.91000366210938,19.829999923706055,53.099998474121094,32977.21094,5348.649902,33.400001525878906,39.36694336,102.95999908447266,1.050420165061951,1651.734375,0.4465,122.0,1909.300048828125,104.69000244140624,109.33999633789062,38205.277603679766,30882994649.0,729033,37250318.228731774,4937991047.844668,0.1674,0.4762,447.0,9.635485603,48.0
Bitcoin,2022-04-30,37714.875,-71.15117187,1512.202746238943,0.4292,17.333333333333332,143.0,87.2,175.8166707356771,19.906666437784832,53.449999491373696,33005.30729333333,5402.9799803333335,33.0466677347819,39.34836705567383,103.21999867757161,1.051478942235311,1073.269531,0.4383,96.8,1893.4667154947917,104.8500010172526,108.75333150227864,37950.4467,23895713731.0,684282,37031311.35450528,1835325492.470826,0.1625,0.4734,364.0,9.840993355,37.0
Bitcoin,2022-05-01,38469.09375,-80.95796875,1478.621858114733,0.4143,17.0,181.0,64.8,174.72333780924478,19.983332951863606,53.800000508626304,33033.403646666666,5457.310058666667,32.6933339436849,39.32979075134766,103.47999827067056,1.0525377194086711,1042.070313,0.4364,86.4,1877.6333821614583,105.00999959309897,108.16666666666666,37804.33207826033,27002760110.0,625556,40525650.90483759,1690042804.5955746,0.1464,0.4721,131.0,10.322980500078405,31.0
Bitcoin,2022-05-02,38529.32813,-77.44171875,1438.6067365529664,0.4022,30.0,157.0,81.4,173.6300048828125,20.059999465942383,54.150001525878906,33061.5,5511.640137,32.34000015258789,39.31121444702149,103.73999786376952,1.0535964965820312,918.4101563,0.4418,128.4,1861.800048828125,105.16999816894533,107.58000183105467,37649.15060173428,32922642426.0,687096,39108990.57072583,4705106674.739815,0.1688,0.4887,77.0,10.72221913323168,56.0
Bitcoin,2022-05-03,37750.45313,-71.58578125,1410.4473267991832,0.4112,22.0,166.0,65.4,174.08999633789062,19.709999084472656,54.040000915527344,33128.78906,5517.759766,29.25,39.59917068481445,103.47000122070312,1.0509058237075806,1044.375,0.4349,99.8,1868.800048828125,102.41000366210938,104.97000122070312,37403.436464262275,27326943244.0,692327,36261069.13022227,5567418515.404906,0.1818,0.4467,54.0,11.146634583153377,33.0
Bitcoin,2022-05-04,39698.37109,-47.84132813,1464.764705242099,0.412,17.0,177.0,93.2,175.8000030517578,18.809999465942383,53.150001525878906,34061.05859,5705.430176,25.420000076293945,40.02647018432617,102.58999633789062,1.052853226661682,2170.890625,0.4347,131.6,1867.0,107.80999755859376,110.13999938964844,37396.13387411348,36754404490.0,615048,35874583.44265635,5527403781.564573,0.189,0.4673,78.0,11.126968567067204,40.0
Bitcoin,2022-05-05,36575.14063,-117.6151563,1641.0504852248057,0.4004,16.0,237.0,162.6,175.1300048828125,19.36000061035156,54.720001220703125,32997.96875,5338.569824,31.200000762939453,38.54950714111328,103.75,1.0622477531433103,3932.765625,0.4457,116.2,1874.0,108.26000213623048,110.9000015258789,36881.92676323897,43106256317.0,778504,38641030.35769125,7042747167.161246,0.1922,0.4765,53.0,12.78359275893959,37.0
Bitcoin,2022-05-06,36040.92188,-207.1259375,1605.4202050301767,0.4244,14.0,245.0,159.2,175.4199981689453,18.709999084472656,54.81999969482422,32899.37109,5230.620117,30.190000534057617,38.02003479003906,103.66000366210938,1.0539740324020386,1142.226563,0.4197,121.8,1881.199951171875,109.7699966430664,112.38999938964844,36318.019240844245,37795577489.0,723743,33183643.797513314,6460559731.289358,0.1894,0.4566,55.0,14.61477402974558,44.0
Bitcoin,2022-05-07,35501.95313,-346.7032813,1575.683159135164,0.3833,12.0,218.0,93.8,174.57333374023438,19.303332646687824,55.846666971842446,32681.480466666668,5134.063476333334,31.71000035603841,37.65466562906901,103.65666961669922,1.0537224213282268,1189.101563,0.4095,76.4,1873.1666259765625,107.54332987467448,110.24000040690103,35703.94556520024,24375896406.0,609656,32602912.26993024,2176974949.927244,0.1913,0.4402,48.0,16.76370829051314,43.0
Bitcoin,2022-05-08,34059.26563,-471.005,1579.132687946938,0.3766,10.0,306.0,112.2,173.72666931152344,19.896666208902996,56.87333424886068,32463.58984333333,5037.506835666667,33.2300001780192,37.28929646809896,103.65333557128906,1.0534708102544148,1623.976563,0.4078,79.4,1865.13330078125,105.31666310628255,108.09000142415364,34844.33230757852,36763041910.0,597305,33974516.54944232,4391326158.686935,0.1828,0.4539,59.0,19.60914746847102,37.0
Bitcoin,2022-05-09,30296.95313,-697.2141406,1746.7032883614424,0.3687,10.0,497.0,158.0,172.8800048828125,20.489999771118164,57.900001525878906,32245.69922,4940.950195,34.75,36.923927307128906,103.6500015258789,1.053219199180603,3925.121094,0.3884,91.8,1857.0999755859375,103.08999633789062,105.94000244140624,33038.10651341164,63355494961.0,705421,32281111.722359955,14932580725.77122,0.1656,0.4564,86.0,26.442928463393716,57.0
Bitcoin,2022-05-10,31022.90625,-806.9401562,1811.3320434338395,0.3478,8.0,424.0,133.2,171.4199981689453,20.020000457763672,56.060001373291016,32160.74023,5011.120117,32.99000168,37.10041809082031,103.91999816894533,1.056579828262329,2651.505859,0.3578,96.0,1839.9000244140625,99.76000213623048,102.45999908447266,31895.395338168248,59811038817.0,714602,30465538.023188937,10996659378.460312,0.1796,0.4411,101.0,30.136623475170783,47.0
Bitcoin,2022-05-11,28936.35547,-977.1800781,1956.450346134994,0.2924,6.0,356.0,89.6,172.82000732421875,20.260000228881836,53.43000030517578,31834.10938,4802.160156,32.560001373291016,36.84032440185547,103.8499984741211,1.0532968044281006,3842.988281,0.354,92.8,1852.5999755859375,105.70999908447266,107.51000213623048,30359.21326773172,70388855818.0,694927,28343738.79165118,12212415420.468674,0.1813,0.4756,147.0,35.78352393099827,73.0
Bitcoin,2022-05-12,29047.75195,-1128.100117,2079.700265607494,0.3006,11.0,450.0,149.0,170.1699981689453,21.510000228881836,52.709999084472656,31730.30078,4787.649902,31.770000457763672,36.59881591796875,104.8499984741211,1.051248312,3681.949219,0.3299,95.6,1823.800048828125,106.12999725341795,107.4499969482422,29114.86095787433,66989173272.0,730516,24910276.04431027,12591985211.029486,0.2132,0.4184,198.0,40.20382254272735,43.0
Bitcoin,2022-05-13,29283.10352,-1259.028984,2084.1840077962447,0.2642,12.0,218.0,123.0,168.7899932861328,21.200000762939453,51.220001220703125,32196.66016,5048.819824,28.87000084,37.61131668,104.55999755859376,1.0379581451416016,2142.472656,0.3346,78.8,1807.4000244140625,110.48999786376952,111.5500030517578,28119.298050003497,42841124537.0,727914,29699309.994814295,6761962664.734929,0.2147,0.4098,257.0,43.476523807748016,47.0
Bitcoin,2022-05-14,30101.26563,-1324.960859,2041.7346199625845,0.2679,13.0,213.0,99.6,169.32666015625,21.18666712443034,51.4433339436849,32205.58008,5026.246582,28.403333664451498,37.561775206914064,104.43666585286459,1.0386598507563274,1489.892578,0.3347,83.6,1809.433349609375,111.72666422526041,112.44666798909503,27435.49351153187,28579868620.0,725013,26686030.01263232,4499178550.730882,0.2327,0.3993,262.0,45.265654307087786,78.0
Bitcoin,2022-05-15,31305.11328,-1387.773359,2023.0715165277568,0.272,14.0,213.0,66.2,169.8633270263672,21.173333485921223,51.666666666666664,32214.5,5003.67334,27.936666488902993,37.512233733828126,104.31333414713541,1.039361556371053,1780.451172,0.3337,91.2,1811.4666748046875,112.96333058675131,113.34333292643228,27127.28509476916,25835372065.0,599841,24578778.358040173,2364626051.315557,0.2432,0.3696,225.0,45.003568104744794,62.0
Bitcoin,2022-05-16,29862.91797,-1458.475781,2025.2419104364883,0.2844,15.0,297.0,66.4,170.39999389648438,21.15999984741211,51.88999938964844,32223.41992,4981.100098,27.469999313354492,37.46269226074219,104.19000244140624,1.0400632619857788,2053.457031,0.3496,124.0,1813.5,114.1999969482422,114.23999786376952,26547.14760450896,32613897286.0,663779,31772670.37384658,5806992357.103736,0.2378,0.2899,97.0,46.50847463656127,55.0
Bitcoin,2022-05-17,30425.85742,-1515.614609,1960.8808811195963,0.3023,9.0,290.0,61.2,169.3300018310547,20.049999237060547,50.34000015258789,32654.58984,5155.049805,26.100000381469727,38.38230895996094,103.36000061035156,1.0438958406448364,1124.1875,0.3362,128.2,1818.199951171875,112.4000015258789,111.93000030517578,26208.47811962269,29101473475.0,683798,28397876.91141622,5663926191.593393,0.2284,0.3042,71.0,46.51083138564779,59.0
Bitcoin,2022-05-18,28720.27148,-1596.967187,1956.421197646768,0.2811,12.0,296.0,62.4,169.4199981689453,19.690000534057617,51.88999938964844,31490.07031,4872.189941,30.959999084472656,37.46269226074219,103.80999755859376,1.0547856092453003,1898.445313,0.3213,117.0,1815.9000244140625,109.58999633789062,109.11000061035156,25760.35319240621,31285268319.0,646333,25306893.23674115,4686908961.0082655,0.2062,0.2517,66.0,46.65354772468128,52.0
Bitcoin,2022-05-19,30314.33398,-1646.984492,1939.6623174577132,0.2898,11.0,297.0,60.4,171.91000366210938,20.25,51.15999984741211,31253.13086,4892.509766,29.350000381469727,38.05718994140625,102.72000122070312,1.0472739934921265,1721.796875,0.3016,159.2,1841.199951171875,112.20999908447266,112.04000091552734,25575.873249585613,33773447707.0,662000,23435982.235559683,5002474733.237197,0.169,0.2597,84.0,45.84866682407671,76.0
Bitcoin,2022-05-20,29200.74023,-1709.828906,1934.7843729071624,0.2618,11.0,289.0,70.8,172.02999877929688,19.309999465942383,50.720001220703125,31261.90039,4845.950195,29.43000030517578,38.21509933,103.1500015258789,1.057898759841919,1871.371094,0.3072,118.0,1841.800048828125,113.2300033569336,112.5500030517578,25260.16782214892,30749382605.0,668605,24396025.31830604,4929623686.819292,0.131,0.2676,58.0,45.77289163669154,63.0
Bitcoin,2022-05-21,29432.22656,-1707.665781,1836.6908183691507,0.2864,12.0,211.0,38.4,172.29666646321616,19.416666030628257,50.02333450317383,31468.01367,4870.696777,29.113333384195965,38.311086015735675,102.7933349609375,1.0575931469599407,561.4746094,0.305,96.2,1843.800048828125,112.25000254313152,112.84000142415364,25158.72282200251,17274840442.0,579268,25484061.476900727,1464248134.8857603,0.1053,0.2862,41.0,44.243806515852974,39.0
Bitcoin,2022-05-22,30323.72266,-1684.527383,1787.689884,0.269,13.0,220.0,42.8,172.5633341471354,19.523332595314127,49.32666778564453,31674.126949999998,4895.443359,28.796666463216145,38.40707270147136,102.43666839599608,1.0572875340779624,1150.677734,0.3006,79.0,1845.800048828125,111.27000172932942,113.12999979654948,25304.291297929864,21631532270.0,535873,23009314.62947053,1693623105.044759,0.0794,0.3137,47.0,41.32744208507811,60.0
Bitcoin,2022-05-23,29098.91016,-1656.711328,1775.3567057143443,0.2721,11.0,290.0,50.4,172.8300018310547,19.62999916,48.630001068115234,31880.24023,4920.189941,28.479999542236328,38.50305938720703,102.08000183105467,1.056981921195984,1615.025391,0.3178,101.4,1847.800048828125,110.29000091552734,113.41999816894533,25347.25940798453,31483454557.0,638912,30625921.205748186,4939484942.570603,0.0748,0.2825,58.0,38.87271089544161,69.0
Bitcoin,2022-05-24,29655.58594,-1661.086523,1719.100199949034,0.2869,13.0,289.0,55.4,174.1300048828125,19.12999916,47.040000915527344,31928.61914,4695.589844,29.450000762939453,37.83425521850586,101.86000061035156,1.0682048797607422,987.765625,0.2963,98.8,1865.0999755859375,109.7699966430664,113.55999755859376,26115.359560592653,26616506245.0,600094,22433703.218245413,4517108862.027523,0.0937,0.2967,61.0,31.297570015040716,54.0
Bitcoin,2022-05-25,29562.36133,-1654.20043,1651.5098954883888,0.2659,17.0,213.0,53.4,173.0800018310547,18.270000457763672,46.75999832,32120.2793,4788.859863,28.37000084,38.02003479003906,102.05999755859376,1.0736525058746338,772.8359375,0.3037,100.2,1846.199951171875,110.33000183105467,114.02999877929688,26478.430251956936,27525063551.0,700322,27361186.722105965,3514350504.7282414,0.0855,0.2547,50.0,26.992787453806876,69.0
Bitcoin,2022-05-26,29267.22461,-1596.002344,1645.8487533999323,0.275,21.0,344.0,55.6,172.75999450683594,17.809999465942383,46.029998779296875,32637.18945,5065.879883,27.5,38.614532470703125,101.83000183105467,1.0686614513397217,1572.253906,0.3075,103.2,1847.4000244140625,114.08999633789062,117.4000015258789,26943.996387905307,36774325352.0,653373,26482376.46347083,4044772416.690988,0.0923,0.2936,57.0,21.981111363551083,77.0
Bitcoin,2022-05-27,28627.57422,-1582.623281,1601.1688480231514,0.2736,21.0,363.0,66.2,172.85000610351562,17.5,47.91999816894531,33212.96094,5225.419922,25.719999313354492,39.06040573120117,101.66999816894533,1.0732953548431396,1020.330078,0.2992,103.6,1851.300048828125,115.06999969482422,119.43000030517578,27547.427320638733,36582005748.0,688580,25425348.715936277,4870838399.668383,0.0916,0.2682,51.0,15.903880046618143,89.0
Bitcoin,2022-05-28,28814.90039,-1504.98543,1505.3949291911408,0.2692,21.0,236.0,41.6,172.42250442504883,17.422500133514404,48.39499855041504,33157.2509775,5234.6949465,25.837499618530273,39.19741916656494,101.689998626709,1.0732454458872478,260.3339844,0.2975,84.4,1849.1500244140625,114.96999931335449,120.28249931335449,28174.673476179694,35519577634.0,576357,27065998.546294738,1523894827.3321545,0.0888,0.2734,33.0,10.047733969832262,81.0
Bitcoin,2022-05-29,29445.95703,-1432.367227,1446.6602467489165,0.2567,21.0,150.0,37.8,171.99500274658203,17.34500026702881,48.869998931884766,33101.541015,5243.969971,25.954999923706055,39.33443260192871,101.70999908447267,1.073195536931356,656.9023438,0.3032,81.0,1847.0,114.86999893188477,121.1349983215332,28158.36149773415,18093886409.0,530365,27414129.73763885,1417152774.2209327,0.0876,0.2963,53.0,9.885018344388568,61.0
Bitcoin,2022-05-30,31726.39063,-1322.120234,1532.3315572489937,0.2638,26.0,235.0,51.8,171.56750106811523,17.267500400543213,49.34499931335449,33045.8310525,5253.2449955,26.072500228881836,39.47144603729248,101.72999954223633,1.073145627975464,2646.058594,0.3102,80.6,1844.8499755859375,114.76999855041505,121.98749732971191,28035.38455218974,39277993274.0,644720,29800801.818885755,3565732409.560262,0.0875,0.2654,55.0,10.939807177346957,69.0
Bitcoin,2022-05-31,31792.31055,-1197.921797,1491.7156591865655,0.27,25.0,189.0,54.8,171.13999938964844,17.190000534057617,49.81999969482422,32990.12109,5262.52002,26.190000534057617,39.60845947265625,101.75,1.0773539543151855,963.7089844,0.3274,77.2,1842.699951171875,114.66999816894533,122.83999633789062,27968.09506205857,33538210634.0,685567,29372134.95779295,5263021003.393884,0.0848,0.2799,57.0,12.297347131514314,68.0
Bitcoin,2022-06-01,29799.08008,-1106.958398,1560.5714882178825,0.3069,28.0,231.0,52.2,172.22999572753906,16.940000534057617,49.13999938964844,32813.23047,5214.180176,25.690000534057617,39.32978439331055,102.5500030517578,1.0734105110168457,2455.697266,0.3286,70.8,1843.300048828125,115.26000213623048,116.29000091552734,28038.41233015865,41135817341.0,683372,27036571.02,6314626333.189133,0.1291,0.2785,59.0,12.062340049999175,77.0
Bitcoin,2022-06-02,30467.48828,-1051.487969,1517.104188836248,0.308,27.0,182.0,42.0,174.35000610351562,17.12999916,47.79999923706055,33248.28125,5413.620117,24.719999313354492,40.00788879394531,101.7699966430664,1.0654165744781494,952.0292969,0.3082,81.4,1866.5,116.87000274658205,117.61000061035156,28096.61911321659,29083562061.0,664442,24078261.13086094,3618792850.877635,0.1317,0.2728,38.0,12.04522034,51.0
Bitcoin,2022-06-03,29704.39063,-989.386875,1498.5500112854447,0.2756,27.0,217.0,44.2,172.5800018310547,16.510000228881836,46.22999954223633,32899.69922,5209.97998,24.790000915527344,39.35765457,102.13999938964844,1.0751069784164429,1257.345703,0.3168,110.2,1845.4000244140625,118.87000274658205,119.72000122070312,28077.460467427663,26175547452.0,678027,27375084.123566274,4251283075.0981903,0.1519,0.2548,36.0,12.048634347120585,55.0
Bitcoin,2022-06-04,29832.91406,-994.1722656,1422.264910032913,0.2864,28.0,193.0,37.6,172.32667032877603,16.609999974568684,46.78666687011719,32905.059896666666,5239.136718333333,24.883333841959637,39.428869883333334,102.24000040690103,1.074272871017456,430.5585938,0.3105,75.8,1843.3333333333333,118.74666849772136,119.6500015258789,28127.24462558306,16588370958.0,569230,26568669.47749069,1757094779.0007696,0.1456,0.2662,28.0,11.25034829250097,51.0
Bitcoin,2022-06-05,29906.66211,-1049.936875,1359.4813394502048,0.2723,29.0,174.0,42.0,172.0733388264974,16.709999720255535,47.34333419799805,32910.42057333334,5268.293456666667,24.976666768391926,39.50008519666667,102.34000142415364,1.0734387636184692,543.2949219,0.3145,71.8,1841.2666422526042,118.62333424886069,119.5800018310547,28129.014727997535,17264085441.0,538083,27875286.504213616,1540123226.9928355,0.1523,0.2761,54.0,11.252321525768153,48.0
Bitcoin,2022-06-06,31370.67188,-1010.30043,1390.882923,0.2741,31.0,163.0,42.8,171.82000732421875,16.809999465942383,47.900001525878906,32915.78125,5297.450195,25.06999969482422,39.57130051,102.44000244140624,1.0726046562194824,1799.103516,0.3259,96.6,1839.199951171875,118.5,119.51000213623048,28059.869220029297,31947336829.0,652057,30106422.182860665,5095285504.0,0.1539,0.3319,50.0,12.014239481408994,58.0
Bitcoin,2022-06-07,31155.47852,-989.7303125,1447.1055717867837,0.2758,32.0,241.0,46.2,172.94000244140625,16.639999389648438,45.880001068115234,33180.14063,5368.370117,24.020000457763672,39.69205856323242,102.31999969482422,1.0691413879394531,2178.0,0.3414,122.4,1847.5,119.41000366210938,120.56999969482422,28175.174977788956,40770974039.0,648390,30734883.340573177,4259209247.746276,0.1483,0.3336,77.0,12.00850338228986,56.0
Bitcoin,2022-06-08,30214.35547,-1010.875703,1437.261395900228,0.2983,31.0,220.0,44.0,172.77999877929688,16.040000915527344,44.369998931884766,32910.89844,5464.399902,23.959999084472656,39.90570831298828,102.54000091552734,1.0698620080947876,1309.287109,0.3384,108.8,1851.9000244140625,122.11000061035156,123.58000183105467,28173.422005590503,30242059107.0,656376,34287068.16,3082029799.7370043,0.1288,0.2862,54.0,11.988844986024228,74.0
Bitcoin,2022-06-09,30111.99805,-1021.712305,1376.674504898426,0.2955,28.0,172.0,30.8,172.22999572753906,16.290000915527344,43.869998931884766,32272.78906,5236.930176,26.09000015258789,38.96141434,103.22000122070312,1.071765422821045,589.0449219,0.3185,103.4,1848.800048828125,121.51000213623048,123.06999969482422,28253.437826452093,21692004719.0,661923,27926688.309601095,4372610134.024386,0.1145,0.3043,58.0,11.74107866649734,48.0
Bitcoin,2022-06-10,29083.80469,-1040.227031,1368.8879052181817,0.2798,28.0,257.0,41.8,174.5399932861328,17.579999923706055,42.91999816894531,31392.78906,5051.25,27.75,38.530487060546875,104.1500015258789,1.0619205236434937,1267.662109,0.3111,90.8,1871.5,120.66999816894533,122.01000213623048,28206.64942261207,29867476527.0,669839,27700978.41636606,4046793102.9396834,0.1119,0.2839,33.0,11.943691720866122,54.0
Bitcoin,2022-06-11,28360.81055,-1100.891602,1354.3747066311685,0.2768,22.5,288.0,44.8,173.00332641601562,18.666666666666668,44.46666590372721,31100.772783333334,4941.869954333333,29.84000015258789,38.080824534098305,104.46000162760416,1.0576132535934448,1165.703125,0.3024,77.8,1857.0,120.75666554768881,122.09666697184245,27980.137611655147,27246574439.0,589547,28151998.79332919,2694837263.3840175,0.0964,0.2877,41.0,12.84153495564316,52.0
Bitcoin,2022-06-12,26762.64844,-1161.958516,1381.9220211128709,0.2598,17.0,385.0,70.0,171.46665954589844,19.753333409627277,46.01333363850912,30808.756506666665,4832.489908666666,31.93000030517578,37.63116200764974,104.77000172932942,1.053305983543396,1740.037109,0.2785,74.2,1842.5,120.8433329264323,122.18333180745444,27444.05653004504,34163220274.0,557721,22570359.738649923,3659361988.800708,0.0891,0.2909,45.0,15.707374019481287,62.0
Bitcoin,2022-06-13,22487.38867,-1275.828711,1615.6655932655228,0.2473,17.0,584.0,101.8,169.92999267578125,20.84000015258789,47.560001373291016,30516.74023,4723.109863,34.02000045776367,37.18149948120117,105.08000183105467,1.0489987134933472,4654.332031,0.2563,95.2,1828.0,120.93000030517578,122.2699966430664,25475.068398407788,68204556440.0,708381,21082032.12089888,12462579881.445564,0.0862,0.3253,60.0,26.845808838565155,87.0
Bitcoin,2022-06-14,22206.79297,-1415.611406,1647.9846803536998,0.2195,20.0,541.0,97.0,168.57000732421875,21.989999771118164,46.630001068115234,30364.83008,4816.189941,32.689998626708984,37.69673538208008,105.5199966430664,1.0415147542953491,2068.132813,0.2157,105.4,1809.5,118.93000030517578,121.16999816894533,24009.703783682748,50913575242.0,717234,20795095.681292698,10990569683.083328,0.1269,0.3223,72.0,34.7403267,94.0
Bitcoin,2022-06-15,22572.83984,-1497.632656,1706.2925547480784,0.1281,13.0,499.0,97.0,170.77000427246094,19.399999618530273,47.040000915527344,30668.5293,4992.600098,29.62000084,38.193241119384766,105.16000366210938,1.0440592765808103,2464.294922,0.2103,109.6,1815.300048828125,115.30999755859376,118.51000213623048,22940.671218546297,54912007015.0,732637,22563087.38,9897143640.083742,0.1518,0.2998,68.0,40.25838573076654,62.0
Bitcoin,2022-06-16,20381.65039,-1647.231875,1770.3927517303584,0.1225,14.0,422.0,102.4,172.69000244140625,20.649999618530273,46.27000045776367,29927.07031,4750.560059,32.95000076293945,37.022239685058594,103.62999725341795,1.0456204414367676,2603.695313,0.1917,135.4,1845.699951171875,117.58999633789062,119.80999755859376,21479.28797772462,31183975654.0,662185,16428520.670604495,7109991512.203534,0.1742,0.2965,42.0,48.25613831098444,73.0
Bitcoin,2022-06-17,20471.48242,-1778.797148,1709.4213386603328,0.1323,14.0,313.0,70.4,171.27000427246094,20.280000686645508,49.189998626708984,29888.7793,4819.689941,31.12999916,37.16276550292969,104.6999969482422,1.0546854734420776,916.7929688,0.1592,94.0,1835.5999755859375,109.55999755859376,113.12000274658205,20263.945861245735,27132421514.0,663831,14401300.628939329,7921356377.946116,0.1733,0.2719,36.0,54.70101244670222,53.0
Bitcoin,2022-06-18,19017.64258,-1831.002695,1803.563955095309,0.0809,14.0,326.0,47.6,171.11000442504883,19.770000457763672,48.53249931335449,30049.146975,4852.62499975,30.894999503514406,37.31265354219727,104.63499832153322,1.052837570508321,3027.417969,0.1683,28.6,1835.3499755859375,109.83249855041505,113.50250244140626,18863.56224213997,42009436760.0,654430,19163215.151645448,8496328973.902106,0.1864,0.2538,34.0,62.16559207390514,16.0
Bitcoin,2022-06-19,20553.27148,-1809.204453,1861.6429527224295,0.0846,14.0,260.0,38.4,170.95000457763672,19.260000228881836,47.875,30209.514649999997,4885.5600585,30.659999847028807,37.46254158146484,104.56999969482422,1.0509896675745647,2616.669922,0.1373,25.6,1835.0999755859375,110.10499954223634,113.88500213623048,18058.38138161182,35329942625.0,548972,16242774.013369894,3068667429.006106,0.1899,0.2119,41.0,65.29971168597926,9.0
Bitcoin,2022-06-20,20599.53711,-1855.703164,1816.1079092243992,0.048,19.0,212.0,39.4,170.7900047302246,18.75,47.21750068664551,30369.882325,4918.49511725,30.425000190543212,37.61242962073242,104.50500106811523,1.049141764640808,1224.152344,0.1396,38.4,1834.8499755859375,110.37750053405762,114.26750183105469,17413.00371832978,30818458597.0,605998,17360898.517726563,3817198453.166467,0.191,0.0698,44.0,67.34488554540505,10.0
Bitcoin,2022-06-21,20710.59766,-1834.888359,1772.4978018690852,0.085,21.0,130.0,33.2,170.6300048828125,18.239999771118164,46.560001373291016,30530.25,4951.430176,30.190000534057617,37.76231766,104.44000244140624,1.0520778894424438,1205.566406,0.1494,44.2,1834.5999755859375,110.6500015258789,114.6500015258789,16801.44367418949,28970212744.0,647716,20006142.935754426,4422516356.572248,0.1666,0.0668,25.0,69.74929019704959,9.0
Bitcoin,2022-06-22,19987.0293,-1804.109922,1716.4388070927218,0.0868,22.0,180.0,30.2,171.30999755859375,18.290000915527344,48.99000168,30483.13086,4943.339844,28.950000762939453,37.08782196044922,104.1999969482422,1.053263545036316,987.671875,0.1405,43.8,1834.300048828125,106.19000244140624,111.73999786376952,16205.636914910656,28574793478.0,639691,16701527.504797904,4390329667.811968,0.156,0.0874,33.0,71.76344646899074,14.0
Bitcoin,2022-06-23,21085.87695,-1784.516172,1678.524930246813,0.0895,27.0,156.0,27.2,170.25999450683594,18.649999618530273,48.58000183105469,30677.35938,5039.009766,29.049999237060547,37.20023727416992,104.43000030517578,1.0564124584197998,1185.644531,0.1306,43.2,1825.699951171875,104.2699966430664,110.0500030517578,15838.799587683918,26188097173.0,633984,20024451.814883567,3082609509.484813,0.1257,0.0029,54.0,72.49228560657835,10.0
Bitcoin,2022-06-24,21231.65625,-1748.153789,1608.302167372041,0.0726,27.0,136.0,21.2,170.08999633789062,17.920000076293945,46.99000168,31500.67969,5266.279785,27.229999542236328,38.08082962036133,104.19000244140624,1.052011489868164,695.40625,0.1346,32.6,1826.5,107.62000274658205,113.12000274658205,15583.052072973196,24957784918.0,650157,17574926.41878236,4160260072.480788,0.1148,0.0126,40.0,72.34127011,13.0
Bitcoin,2022-06-25,21502.33789,-1681.534336,1533.1611643454664,0.0989,27.5,103.0,19.6,170.02666219075522,17.906666437529296,46.99000168,31479.873050000002,5257.163248666667,27.136666615804035,38.096441904703774,104.10666910807291,1.0535454352696736,556.328125,0.1453,27.2,1824.6333414713542,108.27000172932944,113.77666727701823,15453.32338616364,18372538715.0,557791,20329812.478044495,1389427160.3704894,0.0892,-8.33995881500682e-05,47.0,71.18684690482576,13.0
Bitcoin,2022-06-26,21027.29492,-1614.652891,1478.467872472576,0.1035,28.0,114.0,19.4,169.96332804361978,17.89333279876465,46.99000168,31459.06641,5248.046712333333,27.043333689371746,38.112054189046226,104.02333577473956,1.0550793806711833,767.4550781,0.1359,30.2,1822.7666829427083,108.92000071207683,114.43333180745444,15555.514817620398,18027170497.0,528289,18725062.505838733,858032632.7980884,0.0184,0.0183,22.0,67.47856598116952,9.0
Bitcoin,2022-06-27,20735.47852,-1525.860156,1434.140926224535,0.1072,26.0,153.0,28.4,169.89999389648438,17.87999916,46.99000168,31438.25977,5238.930176,26.950000762939453,38.12766647338867,103.94000244140624,1.0566133260726929,857.890625,0.1269,44.4,1820.9000244140625,109.56999969482422,115.08999633789062,15788.63338,20965695707.0,621986,18196705.11645031,4634269413.105559,0.0001395803619160807,0.0225,39.0,62.43974015101848,15.0
Bitcoin,2022-06-28,20280.63477,-1353.936641,1398.5316692174254,0.0977,25.0,160.0,28.0,169.6199951171875,17.950000762939453,46.59000015258789,30946.99023,5042.899902,28.36000061035156,37.89347076416016,104.51000213623048,1.0580891370773315,935.6113281,0.1254,41.6,1817.5,111.76000213623048,117.9800033569336,16034.759908895718,21381535161.0,624229,19472210.904391408,2917809496.024267,0.0064,0.0289,34.0,57.20567002895723,15.0
Bitcoin,2022-06-29,20104.02344,-1265.444609,1329.0912095858237,0.0901,22.0,191.0,26.4,169.49000549316406,18.079999923706055,48.56999969482422,31029.31055,5033.930176,28.15999984741211,37.74357986450195,105.11000061035156,1.0523545742034912,426.3652344,0.1151,40.6,1813.699951171875,109.77999877929688,116.26000213623048,16512.316004231026,23552740328.0,654949,19294230.33796317,4029772477.070063,-0.0004567273865065946,0.0016,47.0,49.60186929955836,14.0
Bitcoin,2022-06-30,19784.72656,-1157.705508,1334.977830776122,0.0781,24.0,236.0,37.2,168.4600067138672,19.61000061035156,48.900001525878906,30775.42969,4935.390137,28.709999084472656,37.56558609008789,104.69000244140624,1.044659138,1411.503906,0.1212,132.4,1804.0999755859375,105.76000213623048,114.80999755859376,17068.03119680998,26267239923.0,699397,20986948.239193022,4201108881.3462367,0.0006490707880989488,0.0475,37.0,41.17728131239431,6.0
Bitcoin,2022-07-01,19269.36719,-1063.780039,1350.9767636224703,0.0735,24.0,186.0,38.2,168.32000732421875,20.170000076293945,49.400001525878906,31097.25977,4980.72998,26.700000762939453,37.33138656616211,105.13999938964844,1.0477677583694458,1558.962891,0.1022,70.4,1798.9000244140625,108.43000030517578,111.62999725341795,17827.434537654728,30767551159.0,714094,16732216.515797788,4546355473.617748,0.0231,0.0563,41.0,30.526529454880407,14.0
Bitcoin,2022-07-02,19242.25586,-998.12125,1279.097424479794,0.0546,24.0,108.0,25.6,167.42750549316406,20.460000038146973,50.20250129699707,31064.899905000002,5018.18249475,26.910000801086426,37.258785247802734,105.47999954223633,1.0463101069132488,344.6660156,0.0968,31.6,1789.6250305175781,106.19750022888184,109.41499710083006,18703.365893460912,18100418740.0,614214,16848775.516847175,1297140271.5816472,0.0183,0.0626,47.0,18.96401121975776,6.0
Bitcoin,2022-07-03,19297.07617,-1013.878672,1229.970348,0.0547,24.0,84.0,30.2,166.53500366210938,20.75,51.005001068115234,31032.54004,5055.635009500001,27.1200008392334,37.18618392944336,105.81999969482422,1.0448524554570515,591.3183594,0.1003,31.8,1780.3500366210938,103.96500015258789,107.19999694824217,18647.34486577533,16390821947.0,548190,18764021.978929583,1321981862.8392267,0.0115,0.047,41.0,18.10200099709743,8.0
Bitcoin,2022-07-04,20231.26172,-1016.978047,1227.5211549883172,0.0518,23.0,132.0,33.2,165.6425018310547,21.039999961853027,51.8075008392334,31000.180175,5093.087524250001,27.33000087738037,37.113582611083984,106.15999984741211,1.0433948040008545,1195.681641,0.0977,42.6,1771.0750427246094,101.73250007629395,104.9849967956543,18719.37805597923,21594638208.0,610225,17710446.53341544,1972142139.0050864,0.0181,0.0354,40.0,16.51537985086345,6.0
Bitcoin,2022-07-05,20190.11523,-1027.401523,1232.2863849891517,0.0528,22.0,195.0,42.8,164.75,21.329999923706055,52.61000061035156,30967.82031,5130.540039,27.540000915527344,37.04098129272461,106.5,1.0433186292648315,1294.234375,0.0956,43.8,1761.800048828125,99.5,102.7699966430664,18924.703005981977,26715546990.0,616343,15144619.104130743,2225404516.1830726,0.0003463033383358516,0.0159,26.0,13.413376320229348,15.0
Bitcoin,2022-07-06,20548.24609,-1029.386055,1199.410041641712,0.0765,22.0,210.0,49.4,162.13999938964844,21.90999984741211,54.66999816894531,31037.67969,5131.27002,26.729999542236328,36.81615067,107.0999984741211,1.0257673263549805,772.0175781,0.1019,84.0,1734.9000244140625,98.52999877929688,100.69000244140624,18928.738513717308,24598943708.0,687966,16778177.282876246,3265960864.0146112,0.0002443460605273118,0.009,61.0,13.450192300863764,48.0
Bitcoin,2022-07-07,21637.58789,-970.2227734,1219.1459594262326,0.0756,27.0,199.0,53.4,162.22999572753906,20.5,52.869998931884766,31384.55078,5282.459961,26.079999923706055,37.55622100830078,107.12999725341795,1.0186411142349243,1475.712891,0.123,83.4,1737.9000244140625,102.7300033569336,104.6500015258789,18867.231967510164,25814972520.0,691644,20869123.26443965,3226941641.1462502,0.0122,0.0005242382243327293,58.0,14.58906678803818,40.0
Bitcoin,2022-07-08,21731.11719,-925.8033203,1207.5989824136443,0.0844,31.0,290.0,64.4,162.3000030517578,19.40999984741211,52.099998474121094,31338.15039,5270.680176,24.63999938964844,37.55622100830078,107.01000213623048,1.0169836282730105,1057.488281,0.1334,77.8,1740.5999755859375,104.79000091552734,107.0199966430664,19019.54326573242,49899834488.0,682201,20610085.030495834,3453731278.290496,-0.02968737477800032,0.030015696145522186,77.0,14.330036977528303,56.0
Bitcoin,2022-07-09,21592.20703,-856.4969531,1152.1406008573128,0.1099,30.666666666666668,168.0,50.6,162.00999959309897,19.513333002726238,52.43333180745443,31283.380206666665,5191.196777333334,25.149999618530277,37.22209676106771,107.34666697184245,1.0168595711390178,431.1816406,0.131,68.4,1737.066650390625,104.55666605631511,107.04666392008464,18994.348748303622,29641127858.0,576270,18735674.272919107,2217461123.425512,-0.03067607346834056,0.031003895715449425,44.0,15.044948047214282,47.0
Bitcoin,2022-07-10,20860.44922,-834.4764453,1131.6365568228618,0.1134,30.333333333333332,176.0,41.4,161.7199961344401,19.616666158040363,52.76666514078776,31228.610023333335,5111.713378666666,25.65999984741211,36.88797251383463,107.68333180745444,1.0167355140050254,863.9570313,0.1351,66.6,1733.5333251953125,104.32333119710286,107.07333119710286,19001.19083996426,28688807249.0,523353,20789681.39197659,1077713609.741559,0.0044,9.843532611297778e-06,32.0,15.095765903070593,44.0
Bitcoin,2022-07-11,19970.55664,-843.9875391,1117.656099639086,0.1079,30.0,244.0,38.0,161.42999267578125,19.719999313354492,53.099998474121094,31173.83984,5032.22998,26.170000076293945,36.55384826660156,108.0199966430664,1.0166114568710327,931.8144531,0.1103,94.6,1730.0,104.08999633789062,107.0999984741211,18945.84589097515,24150249025.0,590261,16078738.285628876,3083629594.645349,0.00013805988989412654,0.0207,54.0,15.301813094795117,35.0
Bitcoin,2022-07-12,19323.91406,-897.8337891,1090.317383,0.0901,30.0,200.0,39.2,160.8300018310547,19.780000686645508,54.400001525878906,30981.33008,4981.529785,27.290000915527344,36.41332244873047,108.06999969482422,1.004752516746521,734.9140625,0.1061,84.4,1723.300048828125,95.83999633789062,99.48999786376952,18842.974985980232,25810220018.0,657668,19253095.52638239,2693606547.083132,0.0011,0.0197,55.0,16.007318113653046,58.0
Bitcoin,2022-07-13,20212.07422,-915.0396875,1099.8018274630383,0.0689,27.0,254.0,53.0,161.60000610351562,18.36000061035156,51.75999832,30772.78906,4995.060059,26.81999969482422,36.329010009765625,107.95999908447266,1.0033109188079834,1223.099609,0.0824,97.4,1734.199951171875,96.3000030517578,99.56999969482422,18819.505748023646,33042430345.0,597185,13928315.139691427,2383177233.7305536,0.0023,0.0366,58.0,15.843666262786046,52.0
Bitcoin,2022-07-14,20569.91992,-942.7178516,1099.8614625549642,0.0527,26.0,234.0,51.8,159.3300018310547,19.600000381469727,53.029998779296875,30630.16992,4957.299805,26.399999618530273,36.00114059448242,108.54000091552734,1.0032706260681152,1100.636719,0.1039,94.4,1704.5,95.77999877929688,99.09999847,18826.0338,31158743333.0,685931,16308882.031267503,3350075175.695963,0.00014857786152522312,0.0794,55.0,15.48108046005994,52.0
Bitcoin,2022-07-15,20836.32813,-939.9002344,1074.2459395599667,0.073,33.0,183.0,47.8,159.00999450683594,19.270000457763672,51.77000045776367,31288.25977,5049.879883,24.229999542236328,36.18849563598633,108.05999755859376,1.0025665760040283,741.2441406,0.1188,77.4,1702.4000244140625,97.58999633789062,101.16000366210938,18859.981728461225,25905575359.0,661194,18967211.435173094,3883871138.0040417,0.0001450473402754282,0.0859,52.0,14.846188961991553,47.0
Bitcoin,2022-07-16,21190.31641,-881.5820703,1068.6216481181834,0.0825,33.666666666666664,162.0,47.4,159.05999755859375,19.320000330607098,51.06666692097982,31216.37630666667,5050.849935,24.586666107177734,36.272806803385414,107.82999928792319,1.0049216747283936,995.5058594,0.1269,75.6,1704.6666666666667,99.25999704996745,102.86333465576172,18852.421660490538,24302954056.0,577967,19644545.69899658,1392874214.3324618,0.00023985717979624344,0.0785,54.0,14.99443034085026,27.0
Bitcoin,2022-07-17,20779.34375,-846.7932813,1051.038740216885,0.089,34.333333333333336,193.0,41.4,159.11000061035156,19.37000020345052,50.36333338419596,31144.492843333333,5051.819987,24.94333267211914,36.35711797078451,107.60000101725262,1.0072767734527588,822.4609375,0.1169,71.2,1706.9333089192708,100.92999776204427,104.56666564941406,18852.457969392577,22927802083.0,519659,17327703.097352717,1903059654.775057,-0.00016492227199055298,0.0494,41.0,15.01398154241718,32.0
Bitcoin,2022-07-18,22485.68945,-797.1283984,1108.3709339960358,0.0973,35.0,315.0,68.6,159.16000366210938,19.420000076293945,49.65999984741211,31072.60938,5052.790039,25.299999237060547,36.441429138183594,107.37000274658205,1.009631872177124,1851.121094,0.1159,79.2,1709.199951171875,102.5999984741211,106.2699966430664,18710.926026791258,39974475562.0,611990,18303796.242508292,3392335964.2140756,0.00013304542073178105,0.017,61.0,17.390500827833428,64.0
Bitcoin,2022-07-19,23389.43359,-784.0187109,1170.8841987552476,0.0883,39.0,242.0,76.0,159.5399932861328,18.62999916,48.77000045776367,31827.05078,5223.930176,24.5,37.04098129272461,106.68000030517578,1.0145177841186523,1983.556641,0.1388,90.2,1710.0,104.22000122070312,107.3499984741211,18485.67852397397,48765202697.0,682638,19972141.11,4686873167.751223,-0.05248375881421863,0.052802112959014436,54.0,21.023482137278563,57.0
Bitcoin,2022-07-20,23231.73242,-786.6123437,1172.0259803173726,0.1222,44.0,319.0,76.0,158.0399932861328,19.260000228881836,47.540000915527344,31874.83984,5340.029785,23.87999916,36.88172531,107.08000183105467,1.0231330394744873,1186.869141,0.1537,86.4,1699.5,102.26000213623048,106.91999816894533,18427.41088257124,42932549127.0,642244,19141473.222768992,3376687092.8781495,0.0259,0.0255,49.0,23.063871315376865,53.0
Bitcoin,2022-07-21,23164.62891,-770.5562109,1156.6793980179175,0.1452,48.0,309.0,68.4,160.27000427246094,18.709999084472656,51.099998474121094,32036.90039,5464.220215,23.11000061035156,37.30328369140625,106.91000366210938,1.0182781219482422,957.1738281,0.1645,97.4,1712.699951171875,96.34999847,103.86000061035156,18529.838937514483,33631012204.0,686329,20768206.558513064,6542475947.197537,0.0453,0.0426,54.0,23.72858183987223,62.0
Bitcoin,2022-07-22,22714.97852,-764.8952734,1150.3817066416375,0.1429,42.0,180.0,41.2,160.6699981689453,18.299999237060547,47.84000015258789,31899.28906,5303.509766,23.030000686645508,36.92856216430664,106.7300033569336,1.0221081972122192,1068.511719,0.1626,69.0,1727.0999755859375,94.6999969482422,103.1999969482422,18740.621489045945,31421555646.0,650694,19591278.209783018,2968088068.9026737,0.0732,0.0569,38.0,23.18374245427055,43.0
Bitcoin,2022-07-23,22465.47852,-770.4681641,1137.8044976850922,0.1398,42.0,202.0,41.8,160.52333068847656,18.299999237060547,47.87999979654948,31929.53906,5289.4431970000005,23.14000066121419,36.97228113810221,106.64667002360027,1.0214131673177083,974.3007813,0.1675,56.0,1724.3999837239583,95.36666361490887,103.84999847412111,19003.320129767333,24021799169.0,572761,21918540.32658128,1605649425.5929158,0.0806,0.071,41.0,22.035204946804303,29.0
Bitcoin,2022-07-24,22609.16406,-748.2040234,1104.1871842343712,0.1298,42.0,147.0,49.0,160.3766632080078,18.299999237060547,47.91999944051107,31959.78906,5275.376628,23.250000635782875,37.01600011189779,106.56333669026692,1.0207181374231973,667.1621094,0.1628,74.6,1721.6999918619792,96.03333028157553,104.5,19121.306608026152,23565495303.0,531268,22447659.673061103,986955946.3014324,0.0769,0.0568,43.0,21.921671449152385,61.0
Bitcoin,2022-07-25,21361.70117,-747.8916797,1117.2794221908448,0.1247,42.0,234.0,67.2,160.22999572753906,18.299999237060547,47.959999084472656,31990.03906,5261.310059,23.36000061035156,37.05971908569336,106.4800033569336,1.0200231075286863,1287.478516,0.1596,70.4,1719.0,96.6999969482422,105.1500015258789,19253.56278598409,35574561406.0,629329,20068081.035220552,2240841200.856595,0.0699,0.1118,60.0,21.177744485360986,37.0
Bitcoin,2022-07-26,21239.75391,-817.8210156,1079.2512324361417,0.1281,42.0,254.0,72.8,160.0399932861328,18.059999465942383,47.810001373291016,31761.53906,5126.680176,24.690000534057617,36.769309997558594,107.19000244140624,1.022494912147522,584.3046875,0.1542,75.4,1717.699951171875,94.98000336,104.4000015258789,19328.344061678567,28624673855.0,655695,21346601.625572704,2529268854.929778,0.0685,0.1491,40.0,20.770971667148903,43.0
Bitcoin,2022-07-27,22930.54883,-827.2694141,1138.9991912799887,0.102,46.0,165.0,65.2,161.6699981689453,17.389999389648438,48.99000168,32197.58984,5398.290039,23.239999771118164,37.45317077636719,106.4499969482422,1.0129557847976685,1915.722656,0.1506,82.8,1719.0999755859375,97.26000213623048,106.62000274658205,19315.43715545879,31758955233.0,644191,22439607.328241665,2043786368.0,0.0317,0.1458,40.0,21.425906702274336,36.0
Bitcoin,2022-07-28,23843.88672,-809.9005469,1156.799611768918,0.094,48.0,196.0,69.8,163.63999938964844,16.84000015258789,47.16999816894531,32529.63086,5405.819824,22.329999923706055,37.61242676,106.3499984741211,1.0209290981292725,1388.205078,0.1627,84.2,1750.300048828125,96.41999816894533,107.13999938964844,19228.224352486715,40212386158.0,697022,21195787.991195064,3762271329.737062,0.0268,0.1427,65.0,23.096062414070612,58.0
Bitcoin,2022-07-29,23804.63281,-791.5728516,1132.2863024461385,0.1326,52.0,202.0,74.0,164.10000610351562,16.489999771118164,46.189998626708984,32845.12891,5467.220215,21.329999923706055,37.4344368,105.9000015258789,1.0192328691482544,813.6132813,0.1756,73.4,1762.9000244140625,98.62000274658205,110.01000213623048,19184.18030412697,35887249746.0,708268,22164587.54094538,3110903345.2298684,0.00011389797975358551,0.129,73.0,24.39487961507131,54.0
Bitcoin,2022-07-30,23656.20703,-729.2255859,1122.2710141017712,0.1524,54.333333333333336,199.0,45.8,164.41000366210938,16.833333333333332,47.449999491373696,32829.55208666666,5467.356771,21.833333333333332,37.32826614506836,105.75,1.0197635094324748,992.0722656,0.1687,59.2,1764.933349609375,97.04333496093751,106.68333435058595,19253.72498076698,28148218301.0,601643,19669633.42707722,1279164246.4561443,-0.00038612237838986374,0.1218,35.0,24.878690931682858,39.0
Bitcoin,2022-07-31,23336.89648,-627.0855078,1102.5330454605732,0.1543,56.666666666666664,177.0,32.2,164.72000122070312,17.176666895548504,48.710000356038414,32813.975263333334,5467.493327,22.336666742960613,37.22209549013672,105.59999847412111,1.020294149716695,845.9394531,0.1756,51.6,1766.9666748046875,95.46666717529297,103.3566665649414,19527.310748811953,23553591896.0,561055,22797365.36119284,1438862646.8271215,0.00031439782808195815,0.1278,59.0,23.739507647767216,32.0
Bitcoin,2022-08-01,23314.19922,-531.5558984,1064.7799875258895,0.1471,59.0,194.0,74.2,165.02999877929688,17.520000457763672,49.970001220703125,32798.39844,5467.629883,22.84000015258789,37.11592483520508,105.4499969482422,1.0208247900009155,573.9902344,0.1598,70.8,1769.0,93.88999938964844,100.02999877929688,20028.798688192077,25849159141.0,635502,20057094.21660737,2648018548.7209826,0.00021336373977076661,0.0879,58.0,20.82625649294983,35.0
Bitcoin,2022-08-02,22978.11719,-394.3319531,1039.0783477918974,0.1411,57.0,143.0,74.8,164.0500030517578,17.34000015258789,52.77000045776367,32396.16992,5456.919922,23.93000030517578,36.93793487548828,106.23999786376952,1.0261356830596924,704.9570313,0.1643,73.2,1771.0999755859375,94.41999816894533,100.54000091552734,20373.71445074357,28389250717.0,663588,22887535.789081786,2412379200.6057954,0.0003106818603145767,0.0761,44.0,18.861253233964224,30.0
Bitcoin,2022-08-03,22846.50781,-255.3903516,1024.2023553156905,0.1402,60.0,128.0,90.8,164.4499969482422,16.760000228881836,50.119998931884766,32812.5,5621.160156,21.950000762939453,37.22833633422851,106.51000213623048,1.015568733215332,830.8144531,0.1624,70.2,1758.0,90.66000366210938,96.77999877929688,20677.12802887907,26288169966.0,693063,21334680.69864296,2835680869.9736896,0.00012047260739489474,0.1372,30.0,17.08922253,30.0
Bitcoin,2022-08-04,22630.95703,-145.6760547,1001.9242294895696,0.1333,61.0,163.0,77.6,167.1699981689453,16.950000762939453,55.13999938964844,32726.82031,5683.0,21.440000534057617,37.49064254760742,105.69000244140624,1.015764594078064,712.3085938,0.1563,67.4,1788.5,88.54000091552734,94.12000274658205,20946.146535638396,25120229769.0,695558,19247521.080682665,2162588110.938917,2.6281383686876936e-05,0.1677,49.0,15.441954690853182,18.0
Bitcoin,2022-08-05,23289.31445,12.95550781250131,988.2618124278144,0.1282,63.0,129.0,98.2,165.2899932861328,16.37000084,48.75999832,32803.46875,5566.75,21.149999618530273,37.52811813354492,106.62000274658205,1.024779200553894,810.6503906,0.1629,54.4,1772.9000244140625,89.01000213623047,94.91999816894533,21178.19565729372,28881249043.0,687443,22040552.556791432,2233455342.127898,0.00032620376995251554,0.1713,41.0,14.256159201592189,19.0
Bitcoin,2022-08-06,22961.2793,131.72042968749884,943.7633403347564,0.1238,63.333333333333336,91.0,53.2,165.75666300455728,16.500000636293944,47.973332721959636,32813.158853333334,5556.586588666667,21.196666717529297,37.54373041788737,106.56000264485678,1.0222151676813762,365.2832031,0.1716,50.4,1777.5333658854167,89.59333546956381,95.49666595596355,21578.618919912213,15978259885.0,610889,23640706.63329386,861842752.5742803,0.00041935160008199635,0.1607,42.0,11.64536023340655,19.0
Bitcoin,2022-08-07,23175.89063,205.07082031249956,909.5268963822738,0.137,63.666666666666664,122.0,33.8,166.22333272298178,16.63000043258789,47.18666712391927,32822.84895666667,5546.423177333333,21.24333381652832,37.55934270222982,106.5000025431315,1.0196511348088582,464.453125,0.1683,49.4,1782.1667073567708,90.17666880289714,96.07333374298177,21623.43490182291,15886817043.0,522072,23450786.345573597,1123561072.3019843,-0.00017989083462011113,0.1522,36.0,11.538024275013736,24.0
Bitcoin,2022-08-08,23809.48633,257.4008203125013,917.9748915,0.1312,64.0,106.0,127.0,166.69000244140625,16.760000228881836,46.400001525878906,32832.53906,5536.259766,21.290000915527344,37.574954986572266,106.44000244140624,1.0170871019363403,1027.142578,0.1653,61.4,1786.800048828125,90.76000213623048,96.65000153,21604.323323394987,28575544847.0,652517,22072627.08704081,2294099110.488635,-0.0005811629067570268,0.1514,42.0,11.876774853618068,38.0
Bitcoin,2022-08-09,23164.31836,307.53410156250175,917.8777731402004,0.1342,64.0,134.0,87.4,167.1999969482422,16.690000534057617,46.22999954223633,32774.41016,5476.970215,21.770000457763672,37.4344368,106.37000274658205,1.0197629928588867,916.6152344,0.1695,77.2,1794.0,90.5,96.30999755859376,21603.24239024882,23555719219.0,646055,21500771.45078992,2572928084.4797115,0.000413056505383258,0.1416,34.0,11.858576604915203,23.0
Bitcoin,2022-08-10,23947.64258,314.1217187500006,949.1646844337574,0.1477,65.0,147.0,115.2,166.77999877929688,16.270000457763672,46.560001373291016,33309.51172,5678.209961,19.739999771118164,37.902835845947266,105.1999969482422,1.0208144187927246,1355.894531,0.166,65.0,1795.5999755859375,91.93000030517578,97.40000153,21578.16156643947,32837431722.0,663480,22048657.03270651,3582463514.5152545,-8.359814131464471e-05,0.1343,52.0,12.39683100583012,38.0
Bitcoin,2022-08-11,23957.5293,343.7357812500013,947.1981221527748,0.1342,65.0,183.0,103.8,166.33999633789062,15.81000042,45.369998931884766,33336.67188,5647.029785,20.200000762939453,38.05272293,105.08999633789062,1.0300782918930054,921.6328125,0.17,82.8,1789.699951171875,94.33999633789062,99.59999847,21588.736588655433,37127036580.0,725127,21798985.531577673,2882199944.243624,0.0005095316211548573,0.1286,64.0,12.81043744575327,44.0
Bitcoin,2022-08-12,24402.81836,326.90964843750044,933.4911692,0.1495,68.0,147.0,60.0,167.8699951171875,15.220000267028809,44.0,33761.05078,5778.709961,19.530000686645508,38.455543518066406,105.62999725341795,1.0316723585128784,755.3007813,0.1798,63.0,1798.5999755859375,92.08999633789062,98.15000153,21604.052994873044,27265804688.0,703328,23487535.545446858,2439184815.0623903,-0.0004893599958407657,0.1495,47.0,13.461008656300235,33.0
Bitcoin,2022-08-13,24424.06836,325.6335937499971,903.5229104914232,0.1493,67.33333333333333,97.0,38.6,167.1499989827474,15.270000139872232,44.87666702270508,33811.51432333333,5789.583333333333,19.670000712076824,38.39621225992838,105.93666585286456,1.0296618938446045,513.9355469,0.1778,55.4,1792.8666585286458,91.19666544596355,97.13333384333333,21624.619088751424,22987346289.0,613804,21597981.286947653,1386200465.2578113,-0.00029308253292370523,0.141,42.0,14.012071656643716,42.0
Bitcoin,2022-08-14,24319.33398,330.67789062500015,893.8894381,0.1585,66.66666666666667,123.0,36.8,166.43000284830728,15.320000012715658,45.753334045410156,33861.97786666667,5800.4567056666665,19.810000737508137,38.33688100179037,106.24333445231119,1.0276514291763306,768.6542969,0.1766,56.4,1787.1333414713542,90.30333455403645,96.11666615666667,21960.21387440193,22994133555.0,551189,20561929.591036644,982849307.8036118,0.00030748782487954873,0.1463,31.0,12.319254088108533,26.0
Bitcoin,2022-08-15,24136.97266,328.1305468749997,922.5983677355892,0.1587,66.0,153.0,77.0,165.7100067138672,15.369999885559082,46.630001068115234,33912.44141,5811.330078,19.950000762939453,38.277549743652344,106.5500030517578,1.0256409645080566,1295.814453,0.1821,54.8,1781.4000244140625,89.41000366210938,95.09999847,22466.153686484555,35123501685.0,620533,22246761.581903823,2486543315.2726755,-0.0002906012573500316,0.1673,46.0,9.176525522719825,36.0
Bitcoin,2022-08-16,23883.29102,311.6767968749991,892.0496282991186,0.156,67.0,126.0,71.8,165.4199981689453,15.270000457763672,50.25,34152.01172,5771.549805,19.690000534057617,38.268184661865234,106.5,1.0161981582641602,494.9160156,0.1779,57.0,1773.199951171875,86.52999877929688,92.33999633789062,22543.010261983283,27753685646.0,677726,22451185.11887194,2698602541.9688473,0.0003084367171183322,0.1481,29.0,8.910314122,24.0
Bitcoin,2022-08-17,23335.99805,306.4452343749981,911.4535890009672,0.1509,67.0,130.0,79.2,164.35000610351562,15.31999969482422,51.54999923706055,33980.32031,5678.660156,19.899999618530273,38.10893249511719,106.56999969482422,1.0170663595199585,1163.705078,0.1671,57.4,1760.300048828125,88.11000061035156,93.65000153,22518.434843895226,30931623076.0,648642,19823143.47206977,2992025085.763491,-0.00018546376495875982,0.1715,28.0,8.912964632,23.0
Bitcoin,2022-08-18,23212.73828,304.7712890625007,873.9376518,0.146,66.0,119.0,45.2,163.9199981689453,15.359999656677246,47.40999984741211,33999.03906,5689.640137,19.559999465942383,37.89347076416016,107.4800033569336,1.0180189609527588,386.2304688,0.1669,60.6,1755.300048828125,90.5,96.58999633789062,22483.74801264829,23747613147.0,685923,21426691.80720861,2417721838.724551,-0.0002830325599736394,0.172,40.0,8.967435424,18.0
Bitcoin,2022-08-19,20877.55273,270.2878906250007,978.9753084051708,0.1344,63.0,270.0,77.2,162.72000122070312,15.90999984741211,50.34000015258789,33706.73828,5565.350098,20.600000381469727,37.378231048583984,108.16999816894533,1.0089900493621826,2344.464844,0.1717,52.2,1747.5999755859375,90.76999664,96.72000122070312,21834.731330405277,40509610260.0,736405,24646037.773745745,3627489929.561274,0.0003184658155812592,0.1862,39.0,13.38032345008896,27.0
Bitcoin,2022-08-20,21166.06055,246.02820312499895,944.3396557958728,0.1315,62.0,191.0,63.6,162.36000061035156,16.12999979654948,50.43999989827474,33492.36198,5514.900065333333,21.666666666666668,37.26893742879232,108.46333312988281,1.0071674982706706,494.0761719,0.1318,57.4,1743.066650390625,90.58999888,96.64000193380208,21447.463148665607,27595671000.0,597278,19906048.078724258,946263990.6468556,0.00023984131587162505,0.1871,51.0,15.83603050325316,17.0
Bitcoin,2022-08-21,21534.12109,228.9092578125019,917.2902830604534,0.0786,61.0,163.0,53.0,162.0,16.349999745686848,50.539999643961586,33277.98568,5464.450032666667,22.733332951863606,37.15964380900065,108.75666809082031,1.0053449471791585,565.6484375,0.1284,38.0,1738.5333251953125,90.41000112,96.56000264690104,21205.888689026604,23102307723.0,549247,19658711.446938902,729684429.3867124,-0.00016258700770421797,0.1836,39.0,17.211886734917805,18.0
Bitcoin,2022-08-22,21398.9082,209.8386328125016,894.2650843,0.084,60.0,214.0,76.6,161.63999938964844,16.56999969482422,50.63999938964844,33063.60938,5414.0,23.799999237060547,37.050350189208984,109.0500030517578,1.0035223960876465,592.2792969,0.1318,53.8,1734.0,90.23000336,96.48000336,20978.288118058503,31666498758.0,629040,20049502.855463784,2363547456.2653685,3.321346022117089e-05,0.1766,36.0,18.556266294347605,33.0
Bitcoin,2022-08-23,21528.08789,173.60085937500116,879.7507534743194,0.0932,57.0,203.0,73.2,162.77000427246094,15.800000190734863,47.349998474121094,32909.58984,5426.189941,24.11000061035156,37.24707794189453,108.62000274658205,0.9939467906951904,691.0644531,0.1407,66.8,1746.800048828125,93.73999786376952,100.22000122070312,20804.05972426865,31878280659.0,641154,23241671.09599258,1933412558.3110597,-0.025752876341341935,0.1698,49.0,19.548759454087396,37.0
Bitcoin,2022-08-24,21395.01953,175.84242187499694,858.9164363,0.087,57.0,164.0,53.4,163.25,15.899999618530272,48.33000183105469,32969.23047,5478.310059,22.81999969482422,37.23770904541016,108.68000030517578,0.9966909885406494,588.0703125,0.1303,56.4,1747.800048828125,94.88999938964844,101.22000122070312,20633.67297765117,31962253368.0,649399,19789812.78474593,1805257439.5020325,0.013275811068155396,0.153,38.0,20.54571566610447,18.0
Bitcoin,2022-08-25,21600.9043,158.96171875000073,828.0792131360203,0.0921,58.0,184.0,36.6,163.75,15.56999969482422,48.779998779296875,33291.78125,5645.97998,21.780000686645508,38.04335021972656,108.47000122070312,0.9969095587730408,427.1953125,0.1343,54.0,1757.699951171875,92.51999664,99.33999633789062,20477.622860207633,31028679593.0,656808,21711435.86,2158452625.428465,-0.0022896831071292922,0.1492,30.0,21.24668813957264,18.0
Bitcoin,2022-08-26,20260.01953,85.57304687500073,883.6039680013046,0.0892,55.0,280.0,46.2,161.75999450683594,15.420000076293944,47.08000183105469,32283.40039,5405.330078,25.559999465942383,37.48127746582031,108.8000030517578,0.9971283078193665,1605.425781,0.1299,63.8,1736.0999755859375,93.05999755859376,100.98999786376952,20082.662577732222,42326789564.0,686060,23607458.78269579,2261441431.608619,0.05069973146601531,0.068,46.0,23.65482847341497,30.0
Bitcoin,2022-08-27,20041.73828,9.748828125000728,852.6502526529972,0.0927,54.666666666666664,277.0,52.0,161.79332987467447,15.62000020345052,47.2966677347819,32221.930336666665,5386.810058666667,25.776666005452473,37.403210957845054,108.81333414713541,0.9960414768795777,450.2519531,0.1007,42.0,1736.2666422526042,94.37666575113934,102.35666402180989,19683.392890863724,30116729776.0,605125,18417353.53906328,1378816166.8416512,0.023614747579642992,0.0773,49.0,25.963391564256455,28.0
Bitcoin,2022-08-28,19616.81445,-55.69554688,829.0495370617117,0.0602,54.333333333333336,160.0,41.4,161.82666524251303,15.820000330607096,47.51333363850912,32160.460283333334,5368.290039333333,25.993332544962566,37.32514444986979,108.82666524251302,0.9949546459397888,522.2402344,0.1012,45.8,1736.4333089192708,95.6933339436849,103.72333017985025,19253.070729344818,24366810591.0,547812,20531551.535323694,846944690.4889036,0.006075529925161971,0.0926,51.0,28.17580018,31.0
Bitcoin,2022-08-29,20297.99414,-91.04273437,823.8801225840895,0.0549,54.0,188.0,59.0,161.86000061035156,16.020000457763672,47.72999954223633,32098.99023,5349.77002,26.209999084472656,37.24707794189453,108.83999633789062,0.993867815,756.6777344,0.0943,57.2,1736.5999755859375,97.01000213623048,105.08999633789062,19001.32901236707,32637854078.0,641513,19815545.48503768,2049485398.247319,-0.001627383469790744,0.0835,49.0,29.33102037022948,25.0
Bitcoin,2022-08-30,19796.80859,-115.5708594,831.1032499887973,0.0452,49.0,184.0,53.6,160.50999450683594,16.520000457763672,49.74000168,31790.86914,5240.529785,26.209999084472656,36.80678176879883,108.7699966430664,1.0014019012451172,925.0039063,0.1036,61.4,1723.199951171875,91.63999938964844,99.30999755859376,18720.657721240612,34483360283.0,660170,20898311.567606837,3088297716.030527,0.016162804921216634,0.0925,45.0,30.270002640822906,21.0
Bitcoin,2022-08-31,20049.76367,-73.5025,816.3231350342403,0.06,52.0,158.0,64.0,159.27000427246094,17.020000457763672,52.11000061035156,31510.42969,5257.310059,25.87000084,36.93793487548828,108.6999969482422,1.0025062561035156,621.4082031,0.0935,71.8,1712.800048828125,89.55000305175781,96.48999786376952,18535.116144466443,33225232872.0,652024,18973801.675528973,3158897967.281669,0.011249207871029732,0.0887,48.0,30.450439513890732,22.0
Bitcoin,2022-09-01,20127.14063,-41.41359375,796.9016165,0.0485,49.0,192.0,60.0,157.8699951171875,17.799999237060547,53.900001525878906,31656.41992,5256.569824,25.559999465942383,36.64752578735352,109.69000244140624,1.003905177116394,544.421875,0.0923,58.0,1696.5999755859375,86.61000061035156,92.36000061035156,18454.47325573157,30182031010.0,685449,17519322.333246782,2826592302.0,0.023441445096798574,0.095,43.0,29.52119095548677,20.0
Bitcoin,2022-09-02,19969.77148,-13.90871094,781.8945534542684,0.0533,42.0,184.0,45.6,159.25999450683594,16.87999916,53.900001525878906,31318.43945,5156.180176,25.469999313354492,36.310279846191406,109.52999877929688,0.99523288,586.8027344,0.084,54.2,1709.800048828125,86.87000274658203,93.01999664,18420.81109,29123998928.0,710783,16573004.97125154,2841992710.129957,0.06625981455931851,0.0438,41.0,28.06344752875116,38.0
Bitcoin,2022-09-03,19832.08789,-22.74441406,750.2345351271778,0.055,41.5,149.0,29.6,159.02749633789062,17.079999446293947,52.92500114440918,31275.1547825,5136.8476565,25.829999446868896,36.202548027038574,109.69999885559082,0.9938028454010519,338.6542969,0.0885,51.4,1707.4500427246094,86.87250137329102,92.97249793776368,18432.714855244823,23613051457.0,641511,18503841.81010828,879894659.7350976,0.04898349113124789,0.0361,27.0,26.131802856352415,22.0
Bitcoin,2022-09-04,19986.71289,-43.34152344,722.5658573948793,0.0508,41.0,130.0,33.4,158.7949981689453,17.279999732587893,51.95000076293945,31231.870115,5117.515136999999,26.1899995803833,36.09481620788574,109.86999893188477,0.9923728108021037,362.8730469,0.0929,59.6,1705.1000366210938,86.875,92.92499923552734,18530.39705,25245861652.0,541540,21001414.01336134,1061944387.4621816,0.036872319351369975,0.0206,45.0,23.48284737545574,26.0
Bitcoin,2022-09-05,19812.37109,-77.19796875,696.5335305,0.0468,40.5,177.0,50.8,158.5625,17.480000018881835,50.97500038146973,31188.5854475,5098.1826175,26.549999713897705,35.98708438873291,110.03999900817871,0.9909427762031556,358.1132813,0.0912,54.2,1702.7500305175781,86.87749862670898,92.87750053329101,18665.154346822885,28813460025.0,628765,19217857.628245473,2108564796.6818683,0.040377805733982364,0.0453,32.0,20.45857234056281,16.0
Bitcoin,2022-09-06,18837.66797,-148.4597266,743.5738252218604,0.0505,40.0,273.0,62.2,158.3300018310547,17.68000030517578,50.0,31145.30078,5078.850098,26.90999984741211,35.87935256958008,110.20999908447266,0.9952229857444764,1355.097656,0.0798,42.6,1700.4000244140625,86.87999725341797,92.83000183105467,18620.11497,43403978910.0,657784,17711313.57191243,3297609882.0,0.0587707121000674,0.028,43.0,18.933129575421745,30.0
Bitcoin,2022-09-07,19290.32422,-218.4389453,746.3689147149418,0.0461,39.0,225.0,58.8,159.94000244140625,16.770000457763672,53.31999969482422,31581.2793,5201.569824,24.63999938964844,36.19786071777344,109.83999633789062,0.98979514837265,782.7050781,0.0693,61.6,1715.300048828125,81.94000244140625,88.0,18770.01699686201,35239757134.0,676262,17522524.68,2541455673.941922,0.013144639455003437,0.0366,39.0,15.718197186074374,29.0
Bitcoin,2022-09-08,19329.83398,-276.3921094,717.3880435745888,0.0211,40.0,142.0,39.4,158.97999572753906,16.399999618530273,51.290000915527344,31774.51953,5205.240234,23.61000061035156,36.00114059448242,109.70999908447266,0.9995701909065248,340.6367188,0.0659,67.0,1708.0,83.54000091552734,89.15000153,18649.02446,32194477850.0,685564,15580902.145009369,2474305281.4342155,0.0535103967232235,0.0404,62.0,16.20789264430339,26.0
Bitcoin,2022-09-09,21381.15234,-287.9895703,818.177988,0.0326,43.0,155.0,55.4,159.82000732421875,15.90999984741211,48.84000015258789,32151.71094,5347.459961,22.790000915527344,36.53511047363281,109.0,1.0012015104293823,2128.447266,0.0816,65.6,1716.199951171875,86.79000091552734,92.83999633789062,18634.479871289113,48469528171.0,753468,19406879.308704853,3189528071.2113605,0.022698713616748245,0.0346,65.0,16.44850726253413,36.0
Bitcoin,2022-09-10,21680.53906,-289.3389062,801.9904698902066,0.033,44.333333333333336,170.0,38.0,160.09000651041666,15.869999885559082,47.27666727701823,32228.25390666667,5373.939941333333,23.150000890351563,36.716225941975914,108.77666727701822,1.0031812191009521,591.5527344,0.1152,55.6,1720.1666259765625,87.12000020345052,93.22666422526042,18619.169056262537,36913738894.0,646199,21254611.329074144,1198401082.0638466,0.08814139087894385,0.0286,29.0,16.66542305626739,21.0
Bitcoin,2022-09-11,21769.25586,-230.3029297,770.6773950319775,0.0833,45.666666666666664,178.0,41.8,160.3600056966146,15.829999923706055,45.71333440144857,32304.796873333333,5400.419921666667,23.51000086517578,36.89734141031901,108.55333455403645,1.005160927772522,363.6074219,0.1354,91.8,1724.13330078125,87.4499994913737,93.6133321126302,18583.281989329647,34493951963.0,607174,25190836.06469254,1050210815.9310844,0.06048540291376858,0.035,55.0,17.185451866976383,76.0
Bitcoin,2022-09-12,22370.44922,-153.0950391,775.2922351189791,0.0912,47.0,178.0,51.0,160.6300048828125,15.789999961853027,44.150001525878906,32381.33984,5426.899902,23.87000084,37.07845687866211,108.33000183105467,1.0071406364440918,835.2851563,0.1269,70.0,1728.0999755859375,87.77999877929688,94.0,18477.545558155263,50212088965.0,665425,21457966.189803272,2667188471.304402,0.08172741989353183,0.0284,46.0,18.601445906830804,29.0
Bitcoin,2022-09-13,20296.70703,-96.35695312,906.4249605122662,0.0913,36.0,309.0,60.0,158.5399932861328,16.93000030517578,44.810001373291016,31104.9707,5070.919922,27.270000457763672,35.93555832,109.81999969482422,1.0129557847976685,2611.150391,0.1185,79.2,1705.0,87.30999755859375,93.16999816894533,18481.630145956395,51091116622.0,663498,18880378.13599022,3305786865.7575417,-0.044384752320080545,0.0870761298036179,53.0,18.07093850775732,30.0
Bitcoin,2022-09-14,20241.08984,-80.66070313,889.8092267256758,0.1054,41.0,281.0,66.8,157.92999267578125,17.170000076293945,45.619998931884766,31135.08984,5111.089844,26.15999984741211,36.113548278808594,109.66000366210938,0.9982032775878906,673.8046875,0.0877,53.6,1696.5,88.48000336,94.09999847,18510.659702085763,37872380889.0,687667,16390122.367911557,2626909249.0787134,0.07216216726468105,0.0085,41.0,17.173361852655823,24.0
Bitcoin,2022-09-15,19701.21094,-124.5586719,874.9251134327704,0.0529,40.0,245.0,59.2,154.97999572753906,19.65999984741211,46.630001068115234,30961.82031,5083.620117,26.270000457763672,35.729461669921875,109.73999786376952,0.9984025359153748,681.4316406,0.0904,64.6,1665.4000244140625,85.09999847,90.83999633789062,18466.41622047862,36389011503.0,700513,18722547.16017402,2092789197.2823944,0.07488135592243256,0.0101,44.0,17.358335604938556,31.0
Bitcoin,2022-09-16,19772.58398,-192.0602734,846.0413720715012,0.0547,35.0,249.0,47.0,155.83999633789062,18.309999465942383,47.439998626708984,30822.41992,5050.209961,26.299999237060547,35.401588439941406,109.76000213623048,0.9988313317298888,470.5527344,0.0829,77.8,1671.699951171875,85.11000061035156,91.34999847,18443.549616028093,30123362273.0,706574,16155813.96987422,1962561324.8198807,0.019638353484857374,0.0914,32.0,17.46301592907971,30.0
Bitcoin,2022-09-17,20127.57617,-260.8271094,813.4632216110368,0.0406,35.333333333333336,142.0,46.2,155.87999979654947,18.329999923961587,47.209999084472656,30888.173176666667,5072.110025999999,26.119999567667644,35.43905893961588,109.75333404541016,0.9999658664067586,385.4980469,0.1029,68.2,1669.8666178385417,85.31666819356771,91.56666564666666,18489.38567738556,24957448100.0,641808,22046267.351943973,1089606552.5209684,-0.017907367799451623,0.1042,42.0,17.24033792008702,19.0
Bitcoin,2022-09-18,19419.50586,-324.26125,808.2218475227485,0.0414,35.666666666666664,213.0,46.8,155.92000325520834,18.350000381980795,46.97999954223633,30953.926433333334,5094.010091,25.93999989827474,35.47652943929037,109.74666595458984,1.0011004010836284,739.7421875,0.1002,56.4,1668.0332845052083,85.52333577678385,91.78333282333334,18410.27308935016,31254779144.0,556563,19614731.42557514,807694675.0,0.010797799816851028,0.1049,36.0,17.626422630326186,24.0
Bitcoin,2022-09-19,19544.12891,-380.1433203,839.7175805,0.0507,36.0,312.0,74.8,155.9600067138672,18.37000084,46.75,31019.67969,5115.910156,25.760000228881836,35.513999938964844,109.73999786376952,1.002234935760498,1249.162109,0.0837,54.0,1666.199951171875,85.73000336,92.0,18383.132872600763,40177002624.0,631537,15916507.708788954,2970259317.4220386,-0.011057360518773096,0.1272,39.0,17.781249383845772,35.0
Bitcoin,2022-09-20,18890.78906,-404.0247656,836.0950357,0.0328,36.0,260.0,76.8,155.07000732421875,18.59000015258789,48.22999954223633,30706.23047,5072.180176,27.15999984741211,35.31727219,110.22000122070312,1.0029587745666504,789.0019531,0.0822,75.2,1659.699951171875,84.44999694824219,90.62000274658205,18239.648414628748,36791346508.0,650202,18547287.27541817,2717351706.3375545,0.03348658098358287,0.0474,37.0,18.68276068316569,27.0
Bitcoin,2022-09-21,18547.40039,-411.2130469,875.253705,0.0359,27.0,231.0,71.0,155.7899932861328,18.479999542236328,48.650001525878906,30183.7793,4942.560059,27.989999771118164,34.727088928222656,110.63999938964844,0.997078538,1384.316406,0.0669,72.6,1664.5999755859375,82.94000244140625,89.83000183105469,18039.764022296717,46363793975.0,632611,17044371.760123417,2239450838.1861763,0.016034314147155143,0.0515,38.0,19.962955165371955,29.0
Bitcoin,2022-09-22,19413.55078,-406.3310547,887.1154660489859,0.0177,24.0,162.0,57.6,155.6999969482422,17.93000030517578,47.099998474121094,30076.67969,4890.080078,27.350000381469727,34.55846024,111.3499984741211,0.983071506,1041.318359,0.0534,70.8,1670.800048828125,83.48999786376953,90.45999908447266,17993.436328344713,41135767926.0,614742,15405709.406264087,2210473679.639026,0.025603684112540326,0.0302,37.0,20.175750971543895,22.0
Bitcoin,2022-09-23,19297.63867,-388.2633984,884.2585856615584,0.0075,21.0,181.0,46.8,153.00999450683594,19.420000076293945,50.81999969482422,29590.41016,4788.779785,29.920000076293945,33.70598220825195,113.19000244140624,0.9841550588607788,847.1191406,0.0704,60.4,1645.300048828125,78.73999786376953,86.15000153,17943.86303,38896078052.0,689899,16388196.049952148,2446313226.405114,0.05788122088288214,0.0322,38.0,20.431401620339937,20.0
Bitcoin,2022-09-24,18937.01172,-399.4541016,853.1131621321614,0.0314,19.666666666666668,113.0,26.8,152.41666158040366,19.700000127156574,52.77333323160807,29480.54362333333,4781.376464666667,30.69999949086263,33.56858571370443,113.49333445231119,0.9791008035738525,448.2226563,0.0765,50.8,1637.9667154947917,78.0633316040039,85.45333353953124,17840.854383979473,26149643168.0,588364,17641158.57969013,699317517.3886788,0.029064697092105685,0.0478,39.0,20.992132049498753,16.0
Bitcoin,2022-09-25,18802.09766,-394.1695313,823.4810556852213,0.0289,18.333333333333332,119.0,26.4,151.82332865397134,19.980000178019207,54.72666676839193,29370.677086666667,4773.973144333333,31.479998905431316,33.4311892191569,113.79666646321614,0.9740465482869263,438.2636719,0.0673,45.4,1630.6333821614583,77.38666534423828,84.7566655490625,17733.124583224268,23359966112.0,574037,18123081.63232435,817600603.2540488,0.032907467662181056,0.0193,32.0,21.621006652520823,18.0
Bitcoin,2022-09-26,19222.67188,-384.6195703,804.2029724666342,0.018,17.0,227.0,57.6,151.22999572753906,20.260000228881836,56.68000030517578,29260.81055,4766.569824,32.25999832,33.293792724609375,114.0999984741211,0.968992293,553.5878906,0.067,70.0,1623.300048828125,76.70999908447266,84.05999755859375,17783.479702475604,44148798321.0,614435,18586164.08,1851841537.4975584,0.02127857038866221,0.0254,37.0,21.28750910792652,61.0
Bitcoin,2022-09-27,19110.54688,-409.9392188,848.3875536743745,0.0142,16.0,198.0,52.2,151.5399932861328,19.260000228881836,55.88999938964844,29134.99023,4766.959961,32.599998474121094,33.256317138671875,114.11000061035156,0.9623712301254272,1422.787109,0.0609,89.6,1626.699951171875,78.5,86.26999664,17762.695574026373,58571439619.0,648681,16499416.47586462,3180479746.7654586,-0.028166122581863573,-0.007989840461658668,65.0,21.41571652516612,76.0
Bitcoin,2022-09-28,19426.7207,-418.0248047,868.8632194833478,0.0248,17.0,189.0,40.8,154.69000244140625,19.270000457763672,55.02000045776367,29683.74023,4913.5,30.18000030517578,33.54672622680664,112.5999984741211,0.959619164466858,1135.046875,0.0718,74.2,1660.4000244140625,82.15000153,89.31999969482422,17772.247617321937,53071298734.0,620268,18194817.839215636,2710524700.147913,-0.049250676634607804,-0.013814862182435897,54.0,21.363183317643113,53.0
Bitcoin,2022-09-29,19573.05078,-418.4705859,854.2952830470373,0.022,13.0,198.0,36.4,154.66000366210938,19.780000686645508,54.40999984741211,29225.60938,4747.25,31.84000015258789,32.79728698730469,112.25,0.9708172082901,664.9121094,0.0758,100.4,1658.5,81.23000336,88.48999786376953,17790.92587320777,41037843771.0,652313,17625877.85463125,4122653170.856394,0.052599370337779616,0.0206,73.0,20.359240298325705,68.0
Bitcoin,2022-09-30,19431.78906,-425.8017578,853.5732985436774,0.0308,16.0,199.0,40.0,154.6699981689453,19.520000457763672,55.689998626708984,28725.50977,4692.330078,31.62000084,32.67550277709961,112.12000274658205,0.9829555749893188,844.1875,0.0877,92.8,1662.4000244140625,79.48999786376953,87.95999908447266,17866.885878835496,43975248085.0,717755,20961626.892611515,3332833908.4582715,0.03477704909415291,0.0171,81.0,18.56230002855988,43.0
Bitcoin,2022-10-01,19312.0957,-448.5518359,809.7517961923432,0.0328,17.333333333333332,146.0,29.6,155.92332967122397,19.77666727701823,55.87333297780599,28980.636723333333,4712.866699,31.11333402048991,32.853495279947914,111.99666849772136,0.9817266662915548,240.0722656,0.0883,66.8,1672.5666910807292,80.86999766031902,88.25999959309895,18006.855468729478,18719537670.0,627906,22356100.356481753,1129631640.2910287,-0.07059490766227927,-0.006575103724006409,34.0,15.99305977569106,41.0
Bitcoin,2022-10-02,19044.10742,-462.1722656,780.4614893214615,0.0298,18.666666666666668,140.0,42.4,157.1766611735026,20.033334096272785,56.056667328902996,29235.76367666667,4733.403319999999,30.606667200979818,33.031487782796226,111.87333424886069,0.9804977575937907,399.6875,0.0764,72.4,1682.7333577473958,82.24999745686848,88.56000010172527,18495.562266746132,20765955327.0,570649,19049496.73083795,798931959.4859155,0.0018443433417011934,-0.0023135077780040564,42.0,9.379259223817538,44.0
Bitcoin,2022-10-03,19623.58008,-481.3353906,769.5939833877857,0.0263,20.0,169.0,53.4,158.42999267578125,20.290000915527344,56.24000168,29490.89063,4753.939941,30.100000381469727,33.20948028564453,111.75,0.9792688488960266,628.3164063,0.0743,97.4,1692.9000244140625,83.62999725341797,88.86000061035156,18550.766142548444,30484729489.0,656236,18822692.57300482,2248298045.0180764,0.00013482863803004896,0.012,32.0,8.478143616842027,52.0
Bitcoin,2022-10-04,20336.84375,-469.8461328,775.801835,0.0182,27.0,132.0,36.4,160.6999969482422,19.549999237060547,59.50999832,30316.32031,4902.120117,29.06999969482422,34.29616165161133,110.06999969482422,0.983206868171692,856.5039063,0.0878,89.8,1721.0999755859375,86.51999664,91.8000030517578,18534.494365404174,35887278685.0,655477,20497223.57467133,2313129003.749914,2.7698207549942122e-05,0.0085,51.0,8.693417323478299,64.0
Bitcoin,2022-10-05,20160.7168,-453.7828125,759.0979372068152,0.034,29.0,120.0,33.2,159.80999755859375,19.690000534057617,54.20000076293945,30273.86914,4877.970215,28.549999237060547,34.31489944458008,111.06999969482422,0.998432457,541.9472656,0.1059,63.2,1711.4000244140625,87.76000213623047,93.37000274658205,18500.19742164112,33223790572.0,644568,22220525.211607706,2788889389.996888,0.00042165469196397964,0.024,44.0,9.273565560419774,27.0
Bitcoin,2022-10-06,19955.44336,-419.5794531,741.1841336563284,0.0516,23.0,163.0,35.0,159.6300048828125,19.670000076293945,53.38999938964844,29926.93945,4863.970215,30.520000457763672,34.108802795410156,112.26000213623048,0.9910998940467834,508.3046875,0.0994,56.6,1711.699951171875,88.44999694824219,94.41999816894533,18490.83974501923,34711412966.0,677796,20238932.999599468,2029020482.0,0.0001250034656168908,0.0278,34.0,9.459838249,24.0
Bitcoin,2022-10-07,19546.84961,-385.2980078,734.3347647344478,0.0467,19.0,163.0,27.2,157.8800048828125,19.65999984741211,53.63999938964844,29296.78906,4639.22998,31.36000061035156,33.39684295654297,112.8000030517578,0.9789045453071594,645.2929688,0.0997,55.2,1700.5,92.63999938964844,97.91999816894533,18519.656515833936,29227315390.0,675013,21329735.82923857,2979008361.5673966,-7.450627644189911e-05,0.024,36.0,8.876967161488114,16.0
Bitcoin,2022-10-08,19416.56836,-320.6026172,703.4737994,0.0412,19.0,87.0,22.2,157.0800018310547,19.953333536783855,52.8999989827474,29265.486326666665,4621.196614333333,31.723333994547524,33.240708669026695,112.91333516438802,0.9771034518877666,302.28125,0.0931,38.2,1689.433349609375,92.13666534423828,97.3433329264323,18519.53578908574,16437423167.0,610636,21693311.538908795,891595342.2797585,-0.0004706116795976101,0.0188,32.0,8.876764586120837,19.0
Bitcoin,2022-10-09,19446.42578,-278.9927344,667.0313349304678,0.0304,19.0,90.0,31.6,156.27999877929688,20.246667226155598,52.15999857584635,29234.183593333335,4603.163248666667,32.086667378743485,33.084574381510414,113.02666727701822,0.9753023584683737,193.2792969,0.0829,50.6,1678.36669921875,91.63333129882811,96.76666768391927,18517.336436977163,16837262532.0,553851,19801812.92339956,700741117.6826907,0.00033054138557242485,0.0061,27.0,8.851278048158632,26.0
Bitcoin,2022-10-10,19141.48438,-252.3939844,648.8496882390058,0.027,19.0,197.0,36.6,155.47999572753906,20.540000915527344,51.41999816894531,29202.88086,4585.129883,32.45000076293945,32.92844009399414,113.13999938964844,0.9735012650489808,412.4882813,0.089,52.6,1667.300048828125,91.12999725341795,96.19000244140624,18551.482213494757,27425022774.0,619704,20456350.29360484,1310563231.2162657,3.275386434997696e-05,0.0325,42.0,8.622615775128203,16.0
Bitcoin,2022-10-11,19051.41797,-231.7326953,625.1002406415768,0.027,16.0,157.0,33.2,155.16000366210938,20.59000015258789,51.91999816894531,29239.18945,4449.279785,33.630001068115234,32.403831481933594,113.22000122070312,0.9710057377815248,316.3574219,0.0836,65.8,1678.699951171875,89.34999847,94.29000091552734,18652.549149252332,28711532910.0,635320,19592269.92610003,2173820182.1836033,0.0002398487929234916,0.0611,19.0,7.829802658176677,15.0
Bitcoin,2022-10-12,19157.44531,-205.8277734,592.8388953278927,0.0195,15.0,116.0,31.0,155.99000549316406,20.399999618530273,51.52000045776367,29210.84961,4457.950195,33.56999969482422,32.44130325317383,113.31999969482422,0.9700167775154114,173.4414063,0.0729,69.6,1670.300048828125,87.26999664,92.4499969482422,18631.656713027827,24950173846.0,646003,16543247.306288252,2086811717.5881877,0.00014161299495596413,0.054,31.0,7.918344907897241,18.0
Bitcoin,2022-10-13,19382.9043,-216.8503906,631.4579641884003,0.0162,19.0,238.0,43.0,154.91000366210938,20.06999969482422,50.52000045776367,30038.7207,4550.569824,31.940000534057617,32.53498458862305,112.36000061035156,0.9707984328269958,1133.505859,0.0771,69.4,1670.0,89.11000061035156,94.56999969482422,18637.288571111247,44219840004.0,691476,17339850.420349475,2403635798.2811112,0.0004390674355799207,0.046,46.0,7.902499016374247,27.0
Bitcoin,2022-10-14,19185.65625,-230.7626562,641.6208439785145,0.0191,16.0,155.0,26.4,152.97999572753906,20.06999969482422,50.29999923706055,29634.83008,4375.100098,32.02000045776367,32.047847747802734,113.30999755859376,0.975134015,773.7382813,0.0842,53.8,1641.699951171875,85.61000061035156,91.62999725341795,18672.69304293777,38452356727.0,694651,19349674.895805754,2335762972.911618,-6.622688721069636e-05,0.0292,47.0,7.660812108208449,15.0
Bitcoin,2022-10-15,19067.63477,-206.7576172,609.5972848104063,0.0248,18.333333333333332,117.0,22.8,153.1266632080078,20.03333282470703,50.289999643961586,29818.49349,4445.550130333333,31.803333918509114,32.34137852986654,112.8866653442383,0.9747351606666667,193.2910156,0.0796,50.4,1646.7999674479167,85.56000010172527,91.62666575113931,18721.688028698947,16192235532.0,612380,18603429.731474027,946841174.6741695,0.00013566945817955478,0.0245,43.0,7.287911938,23.0
Bitcoin,2022-10-16,19268.09375,-175.2807031,589.0523894668058,0.0191,20.666666666666668,104.0,24.2,153.27333068847656,19.996665954589844,50.28000005086263,30002.156899999998,4516.000162666667,31.586667379254557,32.634909311930336,112.46333312988281,0.9743363063333333,320.6894531,0.075,45.6,1651.8999837239583,85.50999959309895,91.62333424886069,18726.342623130884,17988916650.0,558957,17640377.301598247,699358774.9119637,0.00023740704673586022,0.025,67.0,7.262528423622706,23.0
Bitcoin,2022-10-17,19550.75781,-129.1889844,580.0107009334625,0.0159,23.0,117.0,28.4,153.4199981689453,19.959999084472656,50.27000045776367,30185.82031,4586.450195,31.37000084,32.92844009399414,112.04000091552734,0.973937452,462.46875,0.08,61.4,1657.0,85.45999908447266,91.62000274658205,18762.509747181328,27472552998.0,613662,18438405.724884216,2043650927.987136,-0.0003662369312654734,0.0137,36.0,7.108772340523128,16.0
Bitcoin,2022-10-18,19334.41602,-108.2182422,575.883123,0.0207,28.0,174.0,37.4,153.75,19.190000534057617,49.119998931884766,30523.80078,4597.839844,30.5,32.937808990478516,112.12999725341795,0.9846396446228028,522.2246094,0.0807,66.0,1649.0,82.81999969482422,90.02999877929688,18755.99879,30580012344.0,615413,17605946.973579727,2990446419.475771,-0.0002685437976476801,0.0089,41.0,7.129953183465412,35.0
Bitcoin,2022-10-19,19139.53516,-73.05875,550.5149367264295,0.0281,29.0,145.0,28.8,151.69000244140625,19.40999984741211,47.779998779296875,30423.81055,4590.779785,30.760000228881836,32.33825684,112.9800033569336,0.9863878488540648,220.7285156,0.0825,73.0,1627.5,85.55000305175781,92.41000366210938,18724.115145437067,22425387184.0,612805,18709672.39499181,2197621700.887798,0.0003337613831301822,0.0149,42.0,7.242993871710047,23.0
Bitcoin,2022-10-20,19053.74023,-69.13152344,535.7453151298988,0.0222,39.0,141.0,34.6,151.4499969482422,19.229999542236328,47.97999954223633,30333.58984,4561.879883,29.979999542236328,32.54435348510742,112.87999725341795,0.9766482710838318,343.7402344,0.0774,65.6,1630.800048828125,85.98000336,92.37999725341795,18686.601643572365,24493974420.0,633545,17832142.511155218,1790440267.6969273,-0.0004624949942907963,0.0249,36.0,7.441827657130748,20.0
Bitcoin,2022-10-21,19172.46875,-72.75207031,530.7930827991918,0.0164,43.0,150.0,30.8,154.14999389648438,19.049999237060547,47.189998626708984,31082.56055,4663.850098,29.690000534057617,33.040855407714844,112.01000213623048,0.9778899550437928,466.4140625,0.08,56.2,1651.0,85.05000305175781,93.5,18673.344188968127,32459287866.0,671089,18823653.62509549,1556397811.0604718,3.6570491547649464e-05,0.0162,21.0,7.509201564346263,22.0
Bitcoin,2022-10-22,19208.18945,-86.66257813,501.1524496528209,0.0135,44.333333333333336,85.0,18.6,153.98332722981772,19.22666613260905,47.38666534423828,31221.58008,4634.159993666666,29.74333381652832,32.62241872151693,112.00333404541016,0.9805961648623149,115.8242188,0.0732,48.8,1650.2333170572917,84.89333597819011,93.42000071207683,18694.262058945344,16104440957.0,598580,16486650.382671945,986726492.5600872,-6.349092876234419e-05,0.0116,49.0,7.375025429253304,18.0
Bitcoin,2022-10-23,19567.00781,-72.69261719,502.6740659722622,0.017,45.666666666666664,95.0,28.4,153.81666056315103,19.40333302815755,47.58333206176758,31360.599609999997,4604.469889333333,29.796667098999023,32.203982035319015,111.99666595458984,0.9833023746808371,522.4550781,0.0849,47.4,1649.4666341145833,84.73666890462239,93.34000142415366,18694.390886120014,22128794335.0,582380,18817002.899194233,863875132.0819517,0.00033528554130085597,0.0199,35.0,7.345622548624606,19.0
Bitcoin,2022-10-24,19345.57227,-72.36996094,494.11168849210065,0.0176,47.0,118.0,28.0,153.64999389648438,19.579999923706055,47.779998779296875,31499.61914,4574.779785,29.850000381469727,31.785545349121097,111.98999786376952,0.9860085844993592,382.8007813,0.0834,60.2,1648.699951171875,84.58000183105469,93.26000213623048,18786.524243201853,30202235805.0,629949,16704131.75423753,1942021342.2147148,3.492670702109901e-05,0.0331,23.0,5.900438887339017,33.0
Bitcoin,2022-10-25,20095.85742,-46.77976563,536.4583424390935,0.0267,51.0,175.0,34.0,154.0,19.329999923706055,47.29999923706055,31836.74023,4699.52002,28.459999084472656,32.047847747802734,110.9499969482422,0.9886503219604492,1086.964844,0.0763,55.6,1652.800048828125,85.31999969482422,93.51999664,18801.101259222833,47761524910.0,601629,15262936.713037344,2029922329.8604708,0.00033688499348139,0.0235,41.0,5.717283280327488,24.0
Bitcoin,2022-10-26,20770.44141,10.969140625002185,559.7125735595154,0.0206,53.0,196.0,36.6,154.97999572753906,18.670000076293945,48.58000183105469,31839.10938,4604.72998,27.280000686645508,32.57245635986328,109.6999969482422,0.9963731169700624,862.0175781,0.1031,67.4,1664.0,87.91000366210938,95.69000244140624,18602.49443971531,58895950537.0,683262,20391787.49715678,4840001389.030845,0.000325604512342037,0.0149,35.0,8.173486564018187,31.0
Bitcoin,2022-10-27,20285.83594,46.11101562499971,562.4953808052643,0.0396,54.0,158.0,27.2,154.74000549316406,18.510000228881836,49.02000045776367,32033.2793,4416.569824,27.38999938964844,32.31951904296875,110.58999633789062,1.009193778038025,598.671875,0.1051,55.2,1660.699951171875,89.08000183105469,96.95999908447266,18550.670829874096,49625110402.0,648360,17781054.472137854,2744026771.367125,-0.0002797989417311908,0.0109,42.0,9.071619296281446,25.0
Bitcoin,2022-10-28,20595.35156,76.72296875000029,567.9537185602454,0.0568,57.0,141.0,27.4,153.16000366210938,18.010000228881836,47.810001373291016,32861.80078,4471.740234,25.75,32.12279510498047,110.66999816894533,0.9967803955078124,638.9121094,0.1118,48.8,1639.5999755859375,87.90000153,95.76999664,18474.365679719565,43994715910.0,679257,20657842.562491424,2120803275.9058769,-0.00037635062685381637,0.0171,25.0,10.43194828737357,27.0
Bitcoin,2022-10-29,20818.47656,78.29226562499753,557.5220355,0.0437,59.333333333333336,115.0,28.0,152.74333699544272,18.09666697184245,47.67666753133138,32818.85026,4444.773437333333,25.793333053333335,32.091566721598305,110.95666503906251,0.9963536858558654,421.9101563,0.1096,34.8,1638.3666585286458,87.44333394643229,95.45666503701823,18390.52108233149,40369840645.0,668004,18889102.554937232,1370810442.8355875,-0.00017780442383757977,0.0191,34.0,11.954154636084546,28.0
Bitcoin,2022-10-30,20635.60352,51.72382812500291,544.0949593389361,0.0515,61.666666666666664,96.0,22.4,152.32667032877603,18.18333371480306,47.54333368937174,32775.89974,4417.806640666667,25.836666106666666,32.06033833821615,111.24333190917969,0.9959269762039185,369.5429688,0.1115,34.6,1637.1333414713542,86.98666636286458,95.14333343403645,18392.93432914417,31486345556.0,594597,17765496.375039846,862100447.2,-0.0004773986937131047,0.0342,41.0,12.64506195,22.0
Bitcoin,2022-10-31,20495.77344,-12.40128906,541.5068428236549,0.056,64.0,144.0,27.0,151.91000366210938,18.270000457763672,47.40999984741211,32732.94922,4390.839844,25.87999916,32.029109954833984,111.52999877929688,0.9955002665519714,507.8613281,0.1238,37.6,1635.9000244140625,86.52999877929688,94.83000183105467,18441.37295785508,45668466815.0,667561,22491183.834946457,2733690209.9784727,0.00042067510815846365,0.0248,33.0,12.840054631262053,25.0
Bitcoin,2022-11-01,20485.27344,-70.01503906,523.3594511,0.0511,63.0,109.0,23.6,153.4600067138672,18.450000762939453,47.040000915527344,32653.19922,4349.290039,25.809999465942383,32.61929702758789,111.4800033569336,0.9886307716369628,287.4433594,0.114,39.4,1645.0,88.37000274658203,94.65000153,18490.745144752727,39819303159.0,666319,19035680.24022811,2591653015.966983,0.0003276220568990684,0.0555,42.0,12.969088348202307,30.0
Bitcoin,2022-11-02,20159.50391,-98.06945313,532.8106175845545,0.0477,55.0,132.0,27.6,152.38999938964844,17.84000015258789,47.75,32147.75977,4191.549805,25.86000061035156,32.34762191772461,111.3499984741211,0.9877909421920776,655.6757813,0.1057,48.2,1645.699951171875,90.0,96.16000366210938,18532.138569341623,55552169483.0,630399,15923465.095997136,2385280093.312358,-0.0004670649934487292,0.0825,37.0,12.91779163,20.0
Bitcoin,2022-11-03,20209.98828,-87.43796875,515.8852498106578,0.0473,55.0,163.0,31.2,151.80999755859375,18.030000686645508,46.470001220703125,32001.25,4127.379883,25.299999237060547,32.53498458862305,112.93000030517578,0.9814409017562866,295.8554688,0.1177,76.6,1627.300048828125,88.16999816894531,94.66999816894533,18605.89481876549,43228750179.0,716406,21427249.233947728,2064861958.308632,0.000530527238055245,0.0625,51.0,12.657531789356572,72.0
Bitcoin,2022-11-04,21147.23047,-37.61886719,552.0035187973965,0.0386,56.0,112.0,25.0,156.47000122070312,18.030000686645508,47.5,32403.2207,4222.609863,24.549999237060547,33.91208267211914,110.87999725341795,0.9749630093574524,1021.541016,0.1072,21.8,1672.5,92.61000061035156,98.56999969482422,18647.730931445432,64072727950.0,689430,17095479.28911212,4952741205.334531,0.0002340901754400715,0.0752,39.0,13.214081677955514,9.0
Bitcoin,2022-11-05,21282.69141,18.052929687499272,537.5212641,0.0396,57.0,75.0,13.6,156.26333618164062,18.060000737763673,46.70333353678385,32544.480466666668,4231.116536333333,24.483332951863606,33.91832605997721,110.62666575113931,0.9809356927871704,349.2519531,0.1318,20.6,1673.8333333333333,92.33666737874348,98.35333251953125,18671.86385900071,37846047609.0,648416,20477935.245340105,1405293791.173831,0.0004243367884628757,0.0827,25.0,13.91113954,10.0
Bitcoin,2022-11-06,20926.48633,71.73464843749753,529.4972843042602,0.0628,58.0,59.0,12.0,156.05667114257812,18.090000788881834,45.90666707356771,32685.740233333334,4239.623209666666,24.416666666666668,33.92456944783529,110.37333424886069,0.9869083762168884,425.1855469,0.1288,18.4,1675.1666666666667,92.06333414713542,98.1366653442383,18713.989397430156,35082693210.0,577334,18479805.99848374,1500762814.556163,-0.00027652405844524885,0.0757,36.0,14.128420893917545,2.0
Bitcoin,2022-11-07,20602.81641,98.14492187500218,531.9098666753845,0.0656,59.0,80.0,20.2,155.85000610351562,18.12000084,45.11000061035156,32827.0,4248.129883,24.350000381469727,33.93081283569336,110.12000274658205,0.9928810596466064,563.2734375,0.1262,28.8,1676.5,91.79000091552734,97.91999816894533,18813.45596019531,53510852236.0,643216,19052783.19726433,3854033179.223231,0.00012592821980472735,0.0709,22.0,13.727164624795746,9.0
Bitcoin,2022-11-08,18541.27148,78.70980468749985,712.5636261985712,0.0572,57.0,213.0,26.0,159.4499969482422,18.90999984741211,45.040000915527344,33160.82813,4254.620117,25.540000915527344,34.174381256103516,109.62000274658205,1.0018634796142578,3061.0625,0.1223,25.6,1712.0999755859375,88.91000366210938,95.36000061035156,18671.993910924768,118992000000.0,719305,20378818.583838027,5247264405.265705,0.0004288369721288099,0.0709,53.0,14.853610831140404,4.0
Bitcoin,2022-11-09,15880.78027,-10.41076172,869.3638387245662,0.0477,54.0,169.0,29.4,158.64999389648438,18.90999984741211,45.380001068115234,32513.93945,4108.430176,26.09000015258789,33.584190368652344,110.5500030517578,1.008084774017334,2907.766602,0.0736,35.2,1710.0999755859375,85.83000183105469,92.65000153,17650.498537972733,102905000000.0,754032,16756916.904897427,6268866124.602172,-0.0003490757102249109,0.0578,28.0,23.59495694909432,10.0
Bitcoin,2022-11-10,17586.77148,-59.82548828,965.8588463,0.3238929457420673,60.0,159.0,27.6,163.47999572753906,17.690000534057617,43.47999954223633,33715.37109,4494.049805,23.530000686645508,34.80203628540039,108.20999908447266,1.0019538402557373,2220.293945,0.0406,34.6,1750.300048828125,86.47000122070312,93.66999816894533,17366.24307511003,83202283721.0,774942,15963715.774192443,5450942995.332227,-0.2226284022293219,0.0599,44.0,25.745505996869223,5.0
Bitcoin,2022-11-11,17034.29297,-123.3888477,975.9732814209908,0.24565593720539408,63.0,97.0,17.8,164.55999755859375,17.56999969482422,42.060001373291016,33747.85938,4627.390137,22.520000457763672,35.748199462890625,106.29000091552734,1.0192224979400637,1107.460938,0.0553,27.6,1766.0,88.95999908447266,95.98999786376952,16975.424333394003,55871616488.0,747386,14900952.885684296,5098440479.0,-0.02663733901515919,0.0956,20.0,28.733052643099427,7.0
Bitcoin,2022-11-12,16799.18555,-197.0241211,935.8966463641344,0.23868826196893336,62.666666666666664,69.0,18.6,164.67999776204428,17.516666412353516,42.846666971842446,33677.47266,4626.076823,22.923333485921223,35.676378885904946,106.41333516438802,1.0237667163213096,414.9003906,0.0612,21.4,1768.5333251953125,87.93000030517578,95.03999837239583,16546.48079,29717699419.0,677645,17874099.03663277,2961978333.8520007,-0.023205114474085353,0.1002,18.0,31.887079087172253,7.0
Bitcoin,2022-11-13,16353.36523,-228.6399023,911.9133758649104,0.25752073672503956,62.333333333333336,63.0,17.0,164.79999796549478,17.463333129882812,43.63333257039388,33607.085940000004,4624.763509,23.326666514078777,35.60455830891927,106.5366694132487,1.0283109347025554,600.1308594,0.0398,20.4,1771.066650390625,86.9000015258789,94.08999888102213,16077.404194496025,27209183682.0,656286,13715309.636890972,1494812300.0,0.0027,0.0879,49.0,35.40193224025934,5.0
Bitcoin,2022-11-14,16618.19922,-212.1176953,935.0897641959884,0.24295690427588476,62.0,89.0,20.0,164.9199981689453,17.40999984741211,44.41999816894531,33536.69922,4623.450195,23.729999542236328,35.532737731933594,106.66000366210938,1.0328551530838013,1236.382813,0.0313,30.2,1773.5999755859375,85.87000274658203,93.13999938964844,15690.55875419146,49630243054.0,661596,13223056.11507164,4115043713.8673615,-0.0035771082989303205,0.0755,23.0,37.91973201108057,11.0
Bitcoin,2022-11-15,16884.61328,-239.6662891,904.6842174230604,0.2143577627363535,66.0,90.0,20.8,165.5,17.719999313354492,46.720001220703125,33592.92188,4778.600098,24.540000915527344,36.34775161743164,106.4000015258789,1.0319278240203855,509.4121094,0.0418,30.0,1773.800048828125,86.91999816894531,93.86000061035156,15404.930285080329,36599436183.0,703644,16924308.163784713,2979130079.220169,0.06472496496346225,-0.04796024618166092,22.0,39.25716905701627,7.0
Bitcoin,2022-11-16,16669.43945,-240.9032813,877.9341728749848,0.21614994433050472,65.0,64.0,19.0,165.1199951171875,17.229999542236328,45.119998931884766,33553.82813,4678.129883,24.11000061035156,35.766937255859375,106.27999877929688,1.0357863903045654,530.1835938,0.0432,30.8,1773.0,85.58999633789062,92.86000061035156,15110.641199170568,33925512989.0,670368,16237808.60992938,3591834000.308391,0.05553135313946145,-0.04099467445864119,32.0,40.826313088495155,11.0
Bitcoin,2022-11-17,16687.51758,-245.7182812,834.2071504821288,0.21779109925845697,61.0,81.0,13.2,163.9199981689453,16.770000457763672,45.34000015258789,33546.32031,4684.279785,23.93000030517578,35.83251190185547,106.69000244140624,1.039501070976257,265.7558594,0.0354,28.4,1760.800048828125,81.63999938964844,89.77999877929688,14865.711263526407,27868914022.0,636467,15097004.518378556,3913955462.574792,0.0653351781111346,-0.04782422894851063,15.0,41.77808809904104,7.0
Bitcoin,2022-11-18,16697.77734,-251.5508203,801.9385872780482,0.21837196748191737,60.0,72.0,13.0,162.7899932861328,16.510000228881836,45.93000030517578,33745.69141,4612.439941,23.12000084,35.62641143798828,106.93000030517578,1.036172866821289,382.4472656,0.0381,23.8,1751.9000244140625,80.08000183105469,87.62000274658203,14674.43903332412,26862218609.0,697975,15266118.620391032,6403239141.743098,0.059635022103087965,-0.04407783737143098,23.0,42.082377697695975,10.0
Bitcoin,2022-11-19,16711.54688,-262.2776953,760.9048879635448,0.22841137194846534,60.0,71.0,12.4,162.48666381835938,16.566666920979817,46.323333740234375,33730.55469,4582.643228999999,22.866667430117186,35.4765256245931,107.23333231608073,1.0351452032725017,227.4667969,0.0446,28.0,1747.0666910807292,79.96333567403646,87.56333414713542,14515.896635898338,16106223492.0,647807,15732345.425249888,1261281057.6791189,0.0237,0.024939112779999745,33.0,42.12178199101712,3.0
Bitcoin,2022-11-20,16291.83203,-275.9217969,742.1321755420415,0.22777871639154262,60.0,127.0,16.2,162.18333435058594,16.6233336130778,46.71666717529297,33715.41797,4552.846517,22.613334020234372,35.326639811197914,107.53666432698567,1.0341175397237141,498.0869141,0.043,24.4,1742.2333577473958,79.84666951701823,87.5066655476888,14329.69280507044,21313378652.0,595776,15982750.015998334,1331263228.0854974,0.0103,0.02674096877777414,38.0,42.344859845137506,3.0
Bitcoin,2022-11-21,15787.28418,-292.2361133,738.6073884497529,0.3005215163683132,60.0,225.0,35.4,161.8800048828125,16.68000030517578,47.11000061035156,33700.28125,4523.049805,22.36000061035156,35.176753997802734,107.83999633789062,1.0330898761749268,692.1767578,0.0249,28.4,1737.4000244140625,79.73000336,87.44999694824219,14113.195398394804,37429485518.0,661220,13533870.26017263,2601329025.735664,0.0059,-0.10918175137420166,29.0,42.69408537530817,22.0
Bitcoin,2022-11-22,16189.76953,-306.1282617,728.4526754354848,0.2965402759427276,60.0,153.0,27.8,162.07000732421875,16.06999969482422,46.29999923706055,34098.10156,4583.140137,21.290000915527344,35.26106262207031,107.22000122070312,1.0245691537857056,596.4414063,0.0223,23.4,1738.300048828125,80.94999694824219,88.36000061035156,13983.783598529646,30726828760.0,623451,12966806.15387219,2641080662.954158,0.09067585453643967,-0.1353415586908778,22.0,42.39311429436523,9.0
Bitcoin,2022-11-23,16610.70703,-323.1455273,709.8268007392002,0.28226829054257635,64.0,131.0,28.4,163.0800018310547,15.84000015258789,51.560001373291016,34194.05859,4678.029785,20.350000381469727,35.55147171020508,106.08000183105467,1.0311086177825928,467.6904297,0.0328,50.6,1744.9000244140625,77.94000244140625,85.41000366210938,13951.237490963056,32958875628.0,696412,15202435.491253069,3366476108.1194096,0.05211622697372564,-0.09704560396149196,41.0,41.14892805334353,12.0
Bitcoin,2022-11-24,16604.46484,-339.8657227,678.3896743471144,0.21815350635380687,63.5,101.0,19.0,163.1500015258789,15.53499984741211,50.86000061035156,34270.54492,4640.1049805,20.425000190734863,35.46716117858887,106.02000045776367,1.04162335395813,269.7070313,0.0334,28.0,1749.1000366210938,77.11000061035156,84.52000045776367,14101.903887996325,26129037414.0,642832,13846331.448306372,1701790442.6046393,0.06480078784431359,-0.04707047161572814,25.0,37.329901423087456,7.0
Bitcoin,2022-11-25,16521.8418,-348.1324805,645.3661652419634,0.21927757591505675,63.0,119.0,27.2,163.22000122070312,15.229999542236328,50.15999984741211,34347.03125,4602.180176,20.5,35.382850646972656,105.95999908447266,1.040810227394104,214.9121094,0.0303,63.4,1753.300048828125,76.27999877929688,83.62999725341797,14404.24106371752,18678255976.0,640008,13127718.390905542,2167501567.0760984,0.06641762653881439,-0.04772963302335759,42.0,31.529326003767565,37.0
Bitcoin,2022-11-26,16464.28125,-344.6473828,617.1710652693231,0.2225272791060212,61.666666666666664,183.0,40.0,162.78999837239584,15.40999984741211,50.28333282470703,34181.17448,4583.096842666667,21.06999969482422,35.32976404825846,106.1999994913737,1.0394577582677205,250.6347656,0.0216,84.0,1748.9000244140625,76.5999984741211,83.48333231608073,14822.522215452482,18000008764.0,598183,11674337.02,1207868138.6460793,0.07216329871815269,-0.05124115862910522,57.0,24.34531399967057,52.0
Bitcoin,2022-11-27,16444.62695,-335.41,584.3289077054429,0.21560984162560443,60.333333333333336,168.0,36.4,162.35999552408853,15.59000015258789,50.40666580200195,34015.317709999996,4564.013509333333,21.639999389648438,35.27667744954427,106.43999989827473,1.0381052891413372,157.3808594,0.0346,92.8,1744.5,76.91999816894531,83.33666737874348,15525.136569217568,20443898509.0,568789,14358617.12324796,928264619.5263704,0.0692284761732842,-0.04973479505771422,53.0,13.724198568979457,65.0
Bitcoin,2022-11-28,16217.32227,-325.4693359,573.1913657488042,0.21517960650214407,59.0,228.0,49.6,161.92999267578125,15.770000457763672,50.529998779296875,33849.46094,4544.930176,22.209999084472656,35.22359085083008,106.68000030517578,1.0367528200149536,428.4033203,0.0352,118.2,1740.0999755859375,77.23999786376953,83.19000244140625,15782.022132282087,27743025156.0,630827,14875224.88563531,1617313064.3047447,0.0694333324033356,-0.04957381083849083,44.0,9.312741185302285,47.0
Bitcoin,2022-11-29,16444.98242,-308.2743359,559.5963630613895,0.28367934567831715,58.0,187.0,55.0,162.72999572753906,15.710000038146973,47.90999984741211,33852.53125,4556.180176,21.88999938964844,35.982398986816406,106.81999969482422,1.034554123878479,382.8613281,0.0298,115.0,1748.4000244140625,78.19999694824219,83.02999877929688,15871.841541170515,23581685468.0,658815,13816257.517347924,2334673189.0,0.053422709610425057,-0.09367909599776995,38.0,8.553765218568959,57.0
Bitcoin,2022-11-30,17168.56641,-277.2593359,572.9076998516474,0.2788569773657421,73.0,154.0,53.2,164.80999755859375,15.449999809265137,46.150001525878906,34589.76953,4890.359863,20.579999923706055,37.022239685058594,105.9499969482422,1.0324499607086182,745.4609375,0.0387,155.4,1746.0,80.55000305175781,85.43000030517578,15953.554473661026,29523576583.0,656181,15034912.97575721,2125827290.7359831,0.04284469166729088,-0.08063414387098301,48.0,7.325161559592873,66.0
Bitcoin,2022-12-01,16967.13281,-259.4142188,554.0649624,0.21142419621964675,75.0,141.0,30.6,167.83999633789062,15.920000076293944,45.61000061035156,34395.01172,4917.149902,19.84000015258789,36.90046310424805,104.7300033569336,1.042535424232483,309.109375,0.0554,126.0,1801.0999755859375,81.22000122070312,86.87999725341797,15960.072214256015,22895392882.0,704310,17271537.924430106,2626041872.0538573,0.036923555412491704,-0.02522106108360625,68.0,7.207351304810365,59.0
Bitcoin,2022-12-02,17088.66016,-245.8602734,529.5445576845838,0.21667298020637132,68.0,109.0,33.0,167.25999450683594,15.420000076293944,45.75999832,34429.87891,4961.029785,19.059999465942383,37.04098129272461,104.5500030517578,1.052842140197754,210.7792969,0.0405,90.0,1795.9000244140625,79.98000336,85.56999969482422,15938.750644299866,19539705127.0,686664,13741034.33903842,2203356246.456967,0.04915112349627632,-0.033210555896778265,47.0,7.633074505344847,57.0
Bitcoin,2022-12-03,16908.23633,-226.8266016,507.9985457517563,0.2154794648937155,67.0,132.0,39.0,166.30332946777344,15.55000019086263,45.643332162470706,34268.95312666667,4938.733235666667,19.623332977294922,36.90046183268229,104.79666900634764,1.0533676147460938,227.9003906,0.0447,85.0,1786.4000244140625,78.96333567505859,84.6066665649414,15958.519872089944,16217776704.0,650867,14299138.04252222,856618706.9077111,0.043566071446302645,-0.02885054532134662,32.0,7.716398907516811,54.0
Bitcoin,2022-12-04,17130.48633,-211.6395313,489.87922998377377,0.21262775341437176,66.0,121.0,30.8,165.34666442871094,15.680000305431314,45.526666004941404,34108.027343333335,4916.4366863333335,20.18666648864746,36.759942372639976,105.0433349609375,1.0538930892944336,254.328125,0.0475,83.0,1776.9000244140625,77.94666799011719,83.6433334350586,15943.417327751198,16824520830.0,570337,15184340.833291631,808868574.8486406,0.04730826455284165,-0.03189235744080518,30.0,8.194350325945186,34.0
Bitcoin,2022-12-05,16974.82617,-219.8478516,487.43933520814704,0.2116449205935942,65.0,133.0,37.2,164.38999938964844,15.81000042,45.40999984741211,33947.10156,4894.140137,20.75,36.619422912597656,105.29000091552734,1.0544185638427734,455.7207031,0.0526,96.2,1767.4000244140625,76.93000030517578,82.68000030517578,15939.950929329696,22209086834.0,654949,16039165.97540702,1873420426.626942,0.03908840594309526,-0.025663382399886095,42.0,8.288068570526494,69.0
Bitcoin,2022-12-06,17089.50391,-225.2666797,463.47519742542227,0.21317761371537813,61.0,141.0,35.0,164.83999633789062,16.190000534057617,46.36000061035156,33596.33984,4783.049805,22.170000076293945,36.57258224487305,105.58000183105467,1.0496923923492432,151.9414063,0.0465,87.4,1769.300048828125,74.25,79.34999847,15932.301952113889,19889922369.0,637825,14725089.485199375,2437620395.867009,0.045377522862903974,-0.02981200185069363,30.0,8.621782746420594,44.0
Bitcoin,2022-12-07,16848.12695,-229.1075781,455.99970899324927,0.20603537445079362,58.0,111.0,27.0,166.3300018310547,16.549999237060547,47.90999984741211,33597.92188,4737.100098,22.68000030517578,36.35711669921875,105.0999984741211,1.0469011068344116,358.8183594,0.0623,102.0,1785.5,72.01000213623047,77.16999816894531,15935.260244604431,19675404389.0,652144,18475685.995101217,1442576449.6238878,0.03631568495125925,-0.023933567958666455,34.0,8.678523813183366,51.0
Bitcoin,2022-12-08,17233.47461,-221.6803906,457.6520735294458,0.20555750054874428,55.0,118.0,39.4,166.47000122070312,16.450000762939453,47.16999816894531,33781.48047,4856.209961,22.290000915527344,36.79740905761719,104.7699966430664,1.051325798034668,479.1328125,0.0588,115.0,1788.699951171875,71.45999908447266,76.15000153,15919.689273084645,20496603770.0,646079,17938099.11542059,1933366648.388383,0.04530838544201343,-0.030255210949396455,37.0,9.172306932255534,49.0
Bitcoin,2022-12-09,17133.15234,-221.3491797,437.7991352416282,0.20926817886902477,52.0,121.0,34.2,167.05999755859375,16.260000228881836,46.93000030517578,33476.46094,4848.470215,22.829999923706055,36.55384826660156,104.80999755859376,1.0559661388397217,179.7109375,0.0586,113.4,1798.0999755859375,71.01999664,76.09999847,15916.159072089516,20328426366.0,662365,16800417.04720075,1768889805.8646967,0.03244757408997245,-0.02007872207976684,43.0,9.455363939,63.0
Bitcoin,2022-12-10,17128.72461,-216.3587109,413.3950954475834,0.20847208621881594,53.666666666666664,94.0,26.2,166.5999959309896,16.010000228881836,46.283334096783854,33652.653646666666,4846.1767580000005,23.553333282470703,36.51637522379557,104.91666412353516,1.054718017578125,96.14257813,0.0583,76.2,1792.2333170572917,71.7366638163151,76.72999826792318,15961.53119131823,12706781969.0,617455,17384313.195406716,967835995.7,0.03551992740252785,-0.022421640943001253,47.0,9.389614784461482,33.0
Bitcoin,2022-12-11,17104.19336,-209.2135547,394.8536209959703,0.20978809150459682,55.333333333333336,88.0,24.6,166.1399943033854,15.760000228881836,45.636667888391926,33828.846353333334,4843.883301,24.27666664123535,36.478902180989586,105.02333068847656,1.0534698963165283,153.8144531,0.0554,73.0,1786.3666585286458,72.45333099263021,77.35999806584636,16148.99605061957,14122486832.0,570664,15911653.689838964,751257988.4152089,0.037156852622555636,-0.023147594035255736,31.0,7.906169035383546,33.0
Bitcoin,2022-12-12,17206.4375,-206.6991797,389.0190710587582,0.2099908308835312,57.0,137.0,35.4,165.67999267578125,15.510000228881836,44.99000168,34005.03906,4841.589844,25.0,36.441429138183594,105.12999725341795,1.0522217750549316,313.1699219,0.0535,99.8,1780.5,73.16999816894531,77.98999786376953,16244.452350756505,19617581341.0,639530,15426960.975362783,1766437843.065244,0.04000534444426351,-0.024947728926385998,43.0,7.353144353513859,69.0
Bitcoin,2022-12-13,17781.31836,-199.8630469,419.6835849563468,0.20499978004326674,59.0,99.0,29.8,168.50999450683594,14.710000038146973,43.369998931884766,34108.64063,4934.180176,22.549999237060547,36.70202637,103.9800033569336,1.0541739463806152,818.3222656,0.0666,115.4,1813.9000244140625,75.38999938964844,80.68000030517578,16197.77659,26634741631.0,710573,18300370.852563936,3045350290.467585,0.03034168877453458,-0.018574655072010365,54.0,8.571064370162901,46.0
Bitcoin,2022-12-14,17815.65039,-207.0554297,431.0645844683935,0.017401793077730696,60.0,118.0,26.2,168.10000610351562,14.06000042,41.81999969482422,33966.35156,4895.629883,21.13999938964844,36.721046447753906,103.7699966430664,1.062665343284607,579.0175781,0.0692,113.2,1807.5,77.27999877929688,82.69999694824219,16177.12286615493,25534481470.0,673994,16824168.350794345,2247571820.514079,-0.017555447073925756,0.0008,55.0,9.496872987983824,62.0
Bitcoin,2022-12-15,17364.86523,-234.2920703,437.7138496,0.01722174079515451,60.0,110.0,28.0,165.35000610351562,14.390000343322754,43.70000076293945,33202.21875,4670.100098,22.829999923706055,35.87458801269531,104.55999755859376,1.0676347017288208,524.1542969,0.065,95.0,1777.199951171875,76.11000061035156,81.20999908447266,16232.193313043195,20964448341.0,691792,15628685.822634196,2424485872.2193856,-0.017374743643166102,0.0031,47.0,9.321599469283967,61.0
Bitcoin,2022-12-16,16647.48438,-264.9791797,472.2217331481301,0.21408182576177948,44.0,143.0,31.0,166.7899932861328,14.140000343322754,42.290000915527344,32920.46094,4633.0,22.62000084,35.97921371459961,104.6999969482422,1.064056158065796,920.8242188,0.0504,90.2,1790.0,74.29000091552734,79.04000091552734,16263.570575191532,24031608960.0,675745,14457172.527777769,2247197492.0637503,0.031168963932851956,-0.017705354589267266,41.0,9.055744575806122,52.0
Bitcoin,2022-12-17,16795.0918,-293.7729687,451.8173627000494,0.27661874648727003,42.333333333333336,156.0,29.6,166.63333129882812,14.256666819254557,42.3500010172526,32866.153646666666,4601.733398333334,22.553333918764647,35.988722483317055,104.70666503906251,1.062205275043864,186.5605469,0.0448,83.0,1789.2333170572917,74.59000142415364,79.2933349609375,16320.61816914362,14463581825.0,675840,15352368.055325923,1383928648.5549052,0.03640442955510648,-0.06524869434639291,40.0,8.582875608933675,46.0
Bitcoin,2022-12-18,16757.97656,-343.6978906,427.9422943821887,0.2090635754964426,40.666666666666664,115.0,26.6,166.47666931152344,14.373333295186361,42.41000111897787,32811.846353333334,4570.466796666667,22.486666997529298,35.99823125203451,104.71333312988281,1.0603543920219318,117.5664063,0.0502,88.0,1788.4666341145833,74.89000193277995,79.54666900634766,16438.771148261138,10924354698.0,559608,15369367.34579528,812377663.8671454,0.04975922775383668,-0.03206182320654019,24.0,7.502274231654682,45.0
Bitcoin,2022-12-19,16439.67969,-382.0122266,426.61717514060376,0.27685964771046795,39.0,162.0,34.0,166.32000732421875,14.489999771118164,42.470001220703125,32757.53906,4539.200195,22.420000076293945,36.00774002075195,104.72000122070312,1.058503509,409.390625,0.0449,107.2,1787.699951171875,75.19000244140625,79.80000305175781,16437.452443333426,17221074814.0,625817,14497991.473721288,1929149952.876581,0.03584805805564151,-0.057324514973353585,42.0,7.514728154,56.0
Bitcoin,2022-12-20,16906.30469,-385.6900781,437.9386045948464,0.2774836330256055,38.0,131.0,28.4,169.0800018310547,15.029999732971191,41.790000915527344,32849.73828,4527.450195,21.479999542236328,35.998226165771484,103.97000122070312,1.0614584684371948,585.1171875,0.045,91.0,1815.9000244140625,76.08999633789062,79.98999786376953,16421.4697,22722096615.0,653824,15203920.126164537,2059242011.6362784,0.04351913637180116,-0.07439074692130664,26.0,7.554132288456604,33.0
Bitcoin,2022-12-21,16817.53516,-386.2778125,418.14932368628587,0.20920789994690697,38.0,126.0,32.6,168.8000030517578,14.779999732971191,41.18000030517578,33376.48047,4627.669922,20.06999969482422,36.321590423583984,104.16000366210938,1.062699317932129,160.8886719,0.0523,98.0,1815.9000244140625,78.29000091552734,82.19999694824219,16406.147173501384,14882945045.0,653064,15330046.709449464,2448023330.9510784,0.044349703584703026,-0.027764133733052088,31.0,7.649394105643028,65.0
Bitcoin,2022-12-22,16830.3418,-376.8558594,407.87191663726543,0.21057474749211258,37.0,125.0,32.0,166.75999450683594,14.880000114440918,41.79999923706055,33027.48828,4450.72998,21.969999313354492,35.998226165771484,104.43000030517578,1.0610079765319824,274.265625,0.0477,96.8,1787.0,77.48999786376953,80.98000336,16385.93728109153,16441573050.0,665463,14445678.738210894,1859348909.423097,0.049008987149260275,-0.03083392561145476,46.0,7.740771786226859,41.0
Bitcoin,2022-12-23,16796.95313,-363.9065625,386.6496201363894,0.2763942329545815,39.0,108.0,23.2,167.25999450683594,14.859999656677246,41.209999084472656,33203.92969,4453.240234,20.87000084,35.95067596435547,104.30999755859376,1.060333013534546,110.7597656,0.0466,77.2,1795.9000244140625,79.55999755859375,83.91999816894531,16373.98434120395,15329265213.0,680283,14192911.730580634,1998836224.0876124,0.033172028769492545,-0.05291836098271742,28.0,7.818284614683993,42.0
Bitcoin,2022-12-24,16847.75586,-365.9775781,364.11577450164725,0.31393715891666313,39.0,85.0,18.2,167.61249542236328,15.219999551773071,41.78249931335449,33213.336915,4419.00268525,21.065000534632567,36.0838260657666,104.27749824523927,1.062482158356364,71.17578125,0.0243,69.4,1800.6250305175781,79.55249786376953,84.02249908447266,16356.130144746903,9744636213.0,562534,9886179.748,1026982505.2744997,0.11738435825035676,-0.051554733535259856,23.0,7.868446689233871,34.0
Bitcoin,2022-12-25,16841.98633,-383.0023047,345.62898926938675,0.27406471298075014,39.0,116.0,19.2,167.96499633789062,15.579999446868896,42.35499954223633,33222.744139999995,4384.7651365,21.260000229265138,36.216976167177734,104.24499893188478,1.064631303178182,105.3007813,0.0518,54.6,1805.3500366210938,79.54499816894531,84.125,16344.972152373964,11656379938.0,522307,15073742.939776683,567704284.9,0.03052262744251044,-0.05139774726733913,24.0,7.924586520839154,32.0
Bitcoin,2022-12-26,16919.80469,-389.7811719,328.63791191085915,0.27660556512935136,39.0,121.0,26.0,168.31749725341797,15.939999341964722,42.927499771118164,33232.151365,4350.52758775,21.454999923897706,36.350126268588866,104.21249961853027,1.066780448,107.7539063,0.0467,73.8,1810.0750427246094,79.5374984741211,84.22750091552734,16335.96241,11886957804.0,548937,14104102.296292609,833385537.7,0.03284285804246445,-0.0516525661127535,32.0,7.934709269529066,42.0
Bitcoin,2022-12-27,16717.17383,-400.9107812,327.8618780243692,0.21490947405697752,39.0,139.0,35.4,168.6699981689453,16.299999237060547,43.5,33241.55859,4316.290039,21.649999618530273,36.48327637,104.18000030517578,1.064022183418274,317.7734375,0.04,77.0,1814.800048828125,79.52999877929688,84.33000183105469,16320.741881462503,15748580239.0,593337,12489766.06688427,1240817057.9641438,0.04903169652555739,-0.029313066017759487,38.0,8.039772595626822,56.0
Bitcoin,2022-12-28,16552.57227,-372.4240625,323.7726925404857,0.2703382655305043,35.0,180.0,35.0,167.91000366210938,15.989999771118164,43.95000076293945,32875.71094,4274.399902,22.13999938964844,35.95067596435547,104.45999908447266,1.0637166500091553,270.6132813,0.0611,82.0,1807.9000244140625,78.95999908447266,83.26000213623047,16268.17106709486,17005713920.0,661225,17844731.47947442,1926197296.2123392,0.030627154567180348,-0.057963436686801595,28.0,8.274233161223187,59.0
Bitcoin,2022-12-29,16642.3418,-271.2033398,310.8655191893796,0.2765483212763932,37.0,131.0,28.8,168.85000610351562,16.18000030517578,42.599998474121094,33220.80078,4437.259766,21.440000534057617,36.54985427856445,103.83999633789062,1.062925100326538,143.0722656,0.0491,80.4,1819.5,78.40000153,82.26000213623047,16233.878580812489,14472237479.0,668338,14977089.738394096,2178953228.9292884,0.04080222040602599,-0.06583625267659127,36.0,8.401312279623692,45.0
Bitcoin,2022-12-30,16602.58594,-202.0729492,305.44320531870966,0.2723899585104475,36.0,145.0,38.6,169.63999938964844,16.25,41.25999832,33147.25,4448.069824,21.670000076293945,36.04578781,103.5199966430664,1.066075325012207,234.953125,0.0575,82.4,1819.699951171875,80.26000213623047,85.91000366210938,16197.749670836643,15929162910.0,726125,16715350.712628448,3109838853.379342,0.03436029683673447,-0.06001529160766042,34.0,8.530478071559854,44.0
Bitcoin,2022-12-31,16547.49609,-131.6752539,291.5877475727304,0.2730833132937962,36.0,117.0,20.8,169.99499893188477,16.50250005722046,41.97999858741211,33144.5302725,4430.12988275,21.977499961853027,36.12187290095703,103.7699966430664,1.0677080154418945,111.4667969,0.0562,62.6,1824.699951171875,79.4275016784668,84.95750236408203,16157.73042237424,11239186456.0,618594,16375895.467673866,1461649789.6553884,0.036053500371148295,-0.061948660567959696,36.0,8.688800955672576,29.0
Bitcoin,2023-01-01,16625.08008,-57.44451172,278.56041404074966,0.27345568034986756,36.0,105.0,19.6,170.3499984741211,16.755000114440918,42.69999885482422,33141.810545,4412.1899415,22.28499984741211,36.19795799191406,104.0199966430664,1.069340705871582,109.2050781,0.0559,68.2,1829.699951171875,78.59500122070312,84.00500106605469,16134.82412103359,9244361700.0,509337,16173353.596591791,960387891.2186182,0.03831409240132744,-0.0642023640024405,21.0,8.630698716374997,44.0
Bitcoin,2023-01-02,16688.4707,-10.96841797,272.0286154931961,0.2723866740547775,36.0,127.0,28.4,170.70499801635742,17.007500171661377,43.41999912223633,33139.0908175,4394.25000025,22.59249973297119,36.274043082871096,104.2699966430664,1.0709733963012695,187.1152344,0.0578,71.0,1834.699951171875,77.76250076293945,83.05249976802735,16212.222863263203,12097775227.0,575250,16447340.744624749,1181257420.6759183,0.03522129948718511,-0.059759267658054005,46.0,7.087573839508127,38.0
Bitcoin,2023-01-03,16679.85742,-24.96648437,262.4605838061821,0.2722169596825608,36.0,135.0,27.0,171.05999755859375,17.260000228881836,44.13999938964844,33136.37109,4376.310059,22.899999618530273,36.350128173828125,104.5199966430664,1.0677714347839355,138.0761719,0.058,95.4,1839.699951171875,76.93000030517578,82.09999847,16374.201982661947,13903079207.0,645565,16511361.794084923,1935284430.5764203,0.03372733781151804,-0.055743109494582985,28.0,4.499604339638983,53.0
Bitcoin,2023-01-04,16863.23828,-5.710273438,264.9149896503834,0.2742360357637082,39.0,72.0,91.0,172.6699981689453,17.350000381469727,45.83000183105469,33269.76953,4401.819824,22.010000228881836,37.44386672973633,104.25,1.0546854734420776,296.8222656,0.0542,98.6,1852.800048828125,72.83999633789062,77.83999633789062,16467.764523191174,18421743322.0,652878,15514421.553151188,2477218555.0847707,0.036159860463940596,-0.05645157939236878,47.0,3.0876743788414354,38.0
Bitcoin,2023-01-05,16836.73633,7.371601562499563,252.68808190749888,0.2701622716707573,44.0,92.0,26.6,170.52000427246094,16.780000686645508,43.93000030517578,32930.07813,4293.52002,22.459999084472656,37.329734802246094,105.04000091552734,1.0606365203857422,93.73828125,0.0624,87.0,1834.800048828125,73.66999816894531,78.69000244140625,16475.562559726302,13692758566.0,682119,17190903.00793761,2113239373.4579191,0.02802835277712401,-0.04672618889157161,33.0,3.105821176,45.0
Bitcoin,2023-01-06,16951.96875,16.142734375000146,254.32266645874893,0.26595175388619574,45.0,119.0,32.2,173.7100067138672,16.440000534057617,42.939998626708984,33630.60938,4401.700195,21.12999916,38.109615325927734,103.87999725341795,1.0522217750549316,275.5722656,0.0714,77.4,1864.199951171875,73.76999664,78.56999969482422,16467.68523812431,14413662913.0,685990,19587656.115701865,1512276042.4880793,0.02441080843175325,-0.047651085105745214,27.0,3.2921568193316326,47.0
Bitcoin,2023-01-07,16955.07813,14.586640625002474,240.50148827419545,0.26967060524100545,45.666666666666664,66.0,22.6,173.84000651041666,16.600000381469727,42.87666575113932,33592.955733333336,4439.270182,21.409999211118166,38.2047233581543,103.58666483561197,1.0566919644673665,60.82617188,0.0633,57.6,1867.0332845052083,74.05666351113932,78.93000030654947,16462.46161819674,7714767174.0,601071,16669607.643204875,1008767780.0807396,0.025300986484832144,-0.04079993342689699,19.0,3.4702305246145584,21.0
Bitcoin,2023-01-08,17091.14453,20.94542968749738,235.2580783974672,0.26973974440471477,46.333333333333336,104.0,31.2,173.97000630696616,16.760000228881836,42.813332875569664,33555.30208666666,4476.840169,21.689999262236327,38.29983139038086,103.29333241780598,1.0611621538798015,167.09375,0.0635,73.8,1869.8666178385417,74.34333038227865,79.29000091827474,16496.84349895845,9768827914.0,565595,16331614.696256422,748656711.8773361,0.025444962778522817,-0.04128558510902654,41.0,3.4419467013584164,36.0
Bitcoin,2023-01-09,17196.55469,39.467382812501455,239.79767994050528,0.2687938866808047,47.0,134.0,38.0,174.10000610351562,16.920000076293945,42.75,33517.64844,4514.410156,21.969999313354492,38.39493942260742,103.0,1.0656323432922363,295.9648438,0.0651,77.6,1872.699951171875,74.62999725341797,79.65000153,16463.40048897329,18624736866.0,662916,16568165.610140676,1764693546.0,0.021299979317029316,-0.03516220089847519,58.0,4.009864437821078,43.0
Bitcoin,2023-01-10,17446.29297,69.30162109374942,245.6500219983263,0.20000957682272597,49.0,115.0,27.6,174.74000549316406,16.59000015258789,41.599998474121094,33704.10156,4590.319824,20.579999923706055,38.670753479003906,103.23999786376952,1.073318362236023,321.7304688,0.0744,78.6,1871.5999755859375,75.12000274658203,80.09999847,16392.442885718396,15808338949.0,695664,18671443.668399256,1816231045.0111103,0.025728308153012636,-0.01210926700172385,57.0,5.2190751141987555,51.0
Bitcoin,2023-01-11,17934.89648,98.91513671875146,270.73947355201733,0.006765105511166075,54.0,128.0,25.8,174.6199951171875,16.31999969482422,41.189998626708984,33973.01172,4684.810059,21.09000015258789,38.83243560791016,103.19000244140624,1.0738946199417114,596.9023438,0.0715,80.2,1874.5999755859375,77.41000366210938,82.66999816894531,16235.63743675027,18372283782.0,661284,16247214.471777862,1618746438.8268888,0.01559923124555529,-0.021916492864609005,56.0,7.713221490143926,49.0
Bitcoin,2023-01-12,18869.58789,138.94673828124724,329.62889731615894,0.015938203538153506,56.0,175.0,41.8,176.63999938964844,15.949999809265137,39.279998779296875,34189.96875,4743.830078,18.829999923706055,39.022647857666016,102.25,1.0766000747680664,1034.884766,0.087,104.4,1895.5,78.38999938964844,84.02999877929688,15910.819771274104,34971338710.0,717816,17645261.628721908,2247438243.6297073,-0.015395143104727671,0.015,51.0,12.709565950452392,46.0
Bitcoin,2023-01-13,19909.57422,197.4569726562513,392.5952763025047,0.027042229464566553,61.0,198.0,54.2,178.75999450683594,16.37000084,38.189998626708984,34302.60938,4779.629883,18.350000381469727,39.279441833496094,102.1999969482422,1.0860239267349243,1211.158203,0.1138,115.6,1918.4000244140625,79.86000061035156,85.27999877929688,15478.655140429632,29225029694.0,743545,19299222.303412113,2463264992.3621755,-0.026706414202117723,0.0581,51.0,19.423747479432365,95.0
Bitcoin,2023-01-14,20976.29883,268.4516602,447.9323603612544,0.034820960146110747,61.75,270.0,70.4,178.4674949645996,16.40000057277954,38.66749858856201,34204.669925,4790.80993675,18.602500438690186,39.224754333496094,102.24749755859376,1.0848366022109985,1167.314453,0.1425,70.6,1915.6000061035156,79.94000053405762,85.43999862670898,15000.68349077322,38967784639.0,725858,22543151.069033355,2449748173.711006,-0.03479389131507282,0.0964,86.0,27.084823889901372,54.0
Bitcoin,2023-01-15,20880.79883,323.6018359374975,443.56302881759336,0.0222,62.5,158.0,42.2,178.17499542236328,16.43000030555908,39.14499855041504,34106.73047,4801.989990499999,18.85500049591064,39.170066833496094,102.29499816894531,1.0836492776870728,386.7617188,0.1608,73.4,1912.7999877929688,80.02000045776367,85.5999984741211,14752.007677952752,19298407543.0,605147,21360708.69711005,1106496482.9809735,-0.00017460441687311423,0.1373,44.0,31.87050365684901,54.0
Bitcoin,2023-01-16,21169.63281,383.1994140624993,457.9605914913367,0.0506,63.25,135.0,44.8,177.88249588012695,16.460000038338624,39.622498512268066,34008.791015,4813.17004425,19.1075005531311,39.115379333496094,102.34249877929688,1.082461953163147,645.1289063,0.1575,60.4,1909.9999694824219,80.10000038146973,85.7599983215332,14592.017411049428,26792494050.0,677371,19564851.90352845,2044631859.5255592,0.00042619513486563676,0.1325,49.0,35.777289840288255,35.0
Bitcoin,2023-01-17,21161.51953,436.9057421875005,458.1153316080269,0.0471,64.0,150.0,40.0,177.58999633789062,16.489999771118164,40.099998474121094,33910.85156,4824.350098,19.36000061035156,39.060691833496094,102.38999938964844,1.083012938499451,460.1269531,0.1657,86.0,1907.199951171875,80.18000030517578,85.91999816894531,14552.434027984653,24999983362.0,680259,20950317.64546699,2680237409.611653,0.0001244940464265598,0.1428,43.0,38.31938214664785,51.0
Bitcoin,2023-01-18,20688.78125,455.67953124999985,498.4611672967393,0.0543,58.0,158.0,34.8,177.0800018310547,16.190000534057617,39.25,33296.96094,4756.759766,20.34000015258789,38.79439163208008,102.36000061035156,1.0793308019638062,1022.957031,0.1586,82.6,1904.4000244140625,79.48000336,84.98000336,14625.10255609199,30005625418.0,681758,19114033.153556455,2419845787.872617,-0.0002741471780752791,0.1423,41.0,39.31795696105224,52.0
Bitcoin,2023-01-19,21086.79297,444.95492187499985,496.9732881594722,0.054,55.0,161.0,36.0,179.88999938964844,16.709999084472656,39.02000045776367,33044.55859,4688.600098,20.520000457763672,39.08922576904297,102.05999755859376,1.0797853469848633,477.6308594,0.1545,97.4,1922.0999755859375,80.33000183105469,86.16000366210938,14719.157646673171,21152848261.0,684950,19225531.96710288,2617650724.123632,-7.257828722528892e-05,0.126,31.0,40.25216406702607,68.0
Bitcoin,2023-01-20,22676.55273,470.8129687500005,588.1345153445099,0.0422,58.0,154.0,44.8,179.2899932861328,16.399999618530273,37.810001373291016,33375.48828,4908.779785,19.850000381469727,39.68840408325195,102.01000213623048,1.083388328552246,1773.230469,0.1585,85.6,1926.4000244140625,81.30999755859375,87.62999725341797,14699.273746840703,28799154319.0,702080,18240061.154305376,2589324902.4440293,0.00022602751076850058,0.1388,40.0,43.07754601530315,67.0
Bitcoin,2023-01-21,22777.625,490.0921484374994,601.1615979538304,0.0509,59.666666666666664,188.0,58.8,179.40333048502603,16.333333333333332,37.640000661214195,33460.17838333333,4974.699869666667,19.836666742960613,39.78351084391276,102.05333455403647,1.0844281514485676,770.5136719,0.1889,73.2,1926.6333414713542,81.41333262125652,87.81666564941406,14766.13351356518,32442278429.0,676478,20109654.849325083,2449265693.2777076,0.0003177125670187353,0.1909,49.0,44.910417589134205,51.0
Bitcoin,2023-01-22,22720.41602,507.4517968750006,605.9950608231997,0.088,61.333333333333336,158.0,35.6,179.51666768391928,16.266667048136394,37.46999994913737,33544.868486666666,5040.619954333333,19.823333104451496,39.87861760457357,102.09666697184245,1.0854679743448894,668.8300781,0.2014,85.6,1926.8666585286458,81.51666768391927,88.00333404541016,14925.754995156714,24746386230.0,610248,21838359.94420077,1318419080.5905485,0.00021538745410276672,0.1951,45.0,45.67812608,37.0
Bitcoin,2023-01-23,22934.43164,538.6547265625013,596.4369593804711,0.091,63.0,168.0,37.4,179.6300048828125,16.200000762939453,37.29999923706055,33629.55859,5106.540039,19.809999465942383,39.973724365234375,102.13999938964844,1.086507797241211,472.1816406,0.2038,81.6,1927.0999755859375,81.62000274658203,88.19000244140625,15152.36525816922,26518700512.0,651866,22867527.707946565,2335670388.5762277,1.5447237898702504e-05,0.1921,56.0,45.82763609462361,60.0
Bitcoin,2023-01-24,22636.46875,573.5230468749978,595.5677178622233,0.0887,63.0,163.0,34.2,180.27999877929688,16.170000076293945,38.25999832,33733.96094,5077.27002,19.200000762939453,40.00225830078125,101.91999816894533,1.0874292850494385,584.2675781,0.1939,107.6,1933.9000244140625,80.12999725341797,86.12999725341797,15454.08752581424,26405069715.0,660507,18918440.50491401,2028801894.4644115,-0.0003832112472451632,0.1987,59.0,45.03341306473039,80.0
Bitcoin,2023-01-25,23117.85938,579.9017578125022,647.0288406934931,0.0932,63.0,184.0,37.8,181.11000061035156,16.12000084,38.540000915527344,33743.83984,5064.240234,19.079999923706055,40.04030227661133,101.63999938964844,1.088814616203308,1316.023438,0.2103,102.4,1941.199951171875,80.15000153,86.12000274658203,15803.186341264842,30685366709.0,687864,25676773.613401484,2989378581.9675274,-0.0003854753812850831,0.1885,51.0,43.98936181,46.0
Bitcoin,2023-01-26,23032.77734,589.8154687500028,624.0771433671722,0.0858,68.0,148.0,33.4,179.47000122070312,15.59000015258789,38.119998931884766,33949.41016,5217.089844,18.729999542236328,40.42073059082031,101.83999633789062,1.0922038555145264,325.7050781,0.2092,112.4,1929.0999755859375,81.01000213623047,87.47000122070312,16223.024339066404,26357839322.0,669489,22624571.705655094,2388161254.0606427,0.00031438623874691096,0.2038,48.0,42.21268603157426,69.0
Bitcoin,2023-01-27,23078.72852,590.4769531249985,634.0092726355886,0.0967,69.0,116.0,36.8,179.22000122070312,15.229999542236328,38.599998474121094,33978.07813,5355.910156,18.510000228881836,40.23051834106445,101.93000030517578,1.0894432067871094,763.1269531,0.2093,107.8,1928.5999755859375,79.68000030517578,86.66000366210938,16731.255460639863,25383335641.0,699439,22429274.151801873,2520965287.8745837,0.00041481913172924934,0.201,55.0,39.65704625765408,57.0
Bitcoin,2023-01-28,23031.08984,592.3567968749994,607.0836661080465,0.0942,68.33333333333333,112.0,26.2,179.06666564941406,15.34999974568685,39.12666575113932,33891.08203333333,5295.090169,18.986666997273762,39.961045583089195,102.04666646321614,1.0886773268381755,257.0507813,0.2157,74.4,1926.6999918619792,79.08666738011719,86.07333628473958,17312.68959638075,14712928379.0,637939,24442485.75123782,1122025102.4368668,0.0003137422643419985,0.2033,34.0,36.41296023051523,55.0
Bitcoin,2023-01-29,23774.56641,612.0407812500016,630.4934265646145,0.0953,67.66666666666667,105.0,37.6,178.913330078125,15.46999994913737,39.653333028157554,33804.08593666667,5234.270182,19.46333376566569,39.69157282511393,102.16333262125652,1.0879114468892415,934.8203125,0.2147,82.4,1924.8000081380208,78.49333445505859,85.48666890736979,17941.839232396418,27423687259.0,616633,23801445.138934355,1006418714.940687,0.000414176206877781,0.2012,33.0,33.06216851267813,56.0
Bitcoin,2023-01-30,22840.13867,606.1925781249993,666.2985835957135,0.0936,67.0,149.0,34.2,178.75999450683594,15.59000015258789,40.18000030517578,33717.08984,5173.450195,19.940000534057617,39.42210006713867,102.27999877929688,1.0871455669403076,1131.765625,0.2138,101.6,1922.9000244140625,77.90000153,84.90000153,18695.944857681927,27205595568.0,667280,20350898.923218135,2569567382.907553,-0.0001867826288417529,0.2243,46.0,28.20116987451027,67.0
Bitcoin,2023-01-31,23139.2832,601.1564843749984,651.5239079817339,0.1102,70.0,106.0,35.8,179.41000366210938,15.75,38.54999923706055,34086.03906,5281.220215,19.399999618530273,39.33650588989258,102.0999984741211,1.0850694179534912,459.453125,0.1912,93.0,1929.5,78.87000274658203,84.48999786376953,19457.708044746247,22837828665.0,709466,16954037.602669094,2972667489.0,0.000219296090279264,0.1944,48.0,23.31369902699455,67.0
Bitcoin,2023-02-01,23723.76953,603.1004296874999,668.3285618758957,0.0883,82.0,130.0,32.4,181.6699981689453,15.220000267028809,37.99000168,34092.96094,5502.709961,17.87000084,39.821556091308594,101.22000122070312,1.0860947370529177,886.7890625,0.2061,98.2,1927.800048828125,76.41000366210938,82.83999633789062,20044.870240845175,26683255504.0,745886,20346134.427086793,2871126484.8757524,0.0002163946780158188,0.2044,37.0,19.965865641708582,56.0
Bitcoin,2023-02-02,23471.87109,598.2660937500004,670.4918956258317,0.0954,75.0,151.0,34.4,177.89999389648438,15.140000343322754,38.49000168,34053.94141,5883.419922,18.729999542236328,39.58378601074219,101.75,1.1012852191925049,698.6152344,0.2201,103.0,1916.300048828125,75.87999725341797,82.16999816894531,20447.87207719897,32066936882.0,752262,22100256.867046896,2350568892.687534,0.0055,0.2218,67.0,17.803623809144533,86.0
Bitcoin,2023-02-03,23449.32227,587.0383984375003,651.0387914739866,0.1083,76.0,95.0,21.2,173.4600067138672,15.06000042,39.47999954223633,33926.01172,5732.209961,18.329999923706055,38.87998962402344,102.91999816894533,1.09051251411438,398.1484375,0.213,76.8,1862.9000244140625,73.38999938964844,79.94000244140625,20645.92856532578,27083066007.0,738211,20380037.06304123,2856768763.049713,0.0004144475756640009,0.2149,52.0,17.046743488504735,43.0
Bitcoin,2023-02-04,23331.84766,606.0067578124981,623.4756132883448,0.1031,75.66666666666667,69.0,23.4,173.58000691731772,15.31000042,39.29333241780599,33914.347656666665,5713.2900389999995,18.696666717529297,38.68977483113607,103.15333302815756,1.0867037375768027,265.1542969,0.2122,53.2,1864.0,73.62999979654948,80.29000091552734,20907.15528859405,15639298538.0,691143,20355870.134656116,1574648243.2848904,0.0004153182984784065,0.2129,41.0,15.732458803432795,37.0
Bitcoin,2023-02-05,22955.66602,610.5613281250007,620.4899109998915,0.1015,75.33333333333333,85.0,31.8,173.70000712076822,15.56000042,39.10666529337565,33902.683593333335,5694.370117,19.06333351135254,38.499560038248696,103.38666788736981,1.0828949610392253,581.6757813,0.2172,75.4,1865.0999755859375,73.87000020345052,80.63999938964844,21136.89302440079,19564262605.0,594717,22388253.77974041,893021547.4156011,0.000214481304876335,0.2099,41.0,14.43789164683326,36.0
Bitcoin,2023-02-06,22760.10938,611.7549609375019,606.6873392320422,0.0992,75.0,124.0,34.2,173.82000732421875,15.81000042,38.91999816894531,33891.01953,5675.450195,19.43000030517578,38.30934524536133,103.62000274658205,1.079086184501648,427.2539063,0.2093,81.2,1866.199951171875,74.11000061035156,80.98999786376953,21393.639176553417,23825006542.0,663760,21621117.121486917,1897844366.3147411,0.00011657889942606747,0.1975,35.0,12.840555633241676,55.0
Bitcoin,2023-02-07,23264.29102,635.1227734374988,602.9751576351106,0.0901,76.0,94.0,28.0,173.97999572753906,15.619999885559082,37.310001373291016,34156.69141,5815.299805,18.65999984741211,38.46151351928711,103.43000030517578,1.0730764865875244,554.7167969,0.2047,86.4,1871.699951171875,77.13999938964844,83.69000244140625,21905.55674043964,27187964471.0,688379,21204357.623230755,2043971490.0141325,1.7494124919137377e-05,0.1908,67.0,9.435538244,60.0
Bitcoin,2023-02-08,22939.39844,634.0955078125007,605.3955983843883,0.085,74.0,88.0,29.0,174.41000366210938,15.460000038146973,37.02000045776367,33949.01172,5724.700195,19.62999916,38.413963317871094,103.41000366210938,1.0729728937149048,636.8613281,0.2092,107.2,1877.4000244140625,78.47000122070312,85.08999633789062,22436.261350029617,25371367758.0,682912,20351657.38350813,2023212584.037059,-0.0002837770092501968,0.2069,58.0,5.601997992864128,65.0
Bitcoin,2023-02-09,21819.03906,600.4383203125035,649.4718335,0.0964,72.0,151.0,32.4,173.02999877929688,15.520000457763672,35.75,33699.87891,5678.209961,20.709999084472656,38.59466552734375,103.22000122070312,1.0715816020965576,1222.462891,0.213,128.4,1866.199951171875,78.05999755859375,84.5,22205.017409533102,32572572185.0,783722,23332309.14710399,2624133093.6917434,-0.0003837533662366388,0.1966,61.0,7.247568648261668,55.0
Bitcoin,2023-02-10,21651.18359,573.6436719,631.7804860591153,0.0888,72.0,114.0,23.4,173.36000061035156,15.460000038146973,35.88999938964844,33869.26953,5541.930176,20.530000686645508,38.22374344,103.62999725341795,1.0742292404174805,401.7929688,0.1878,121.4,1862.800048828125,79.72000122070312,86.38999938964844,21955.817490714293,27078406594.0,700869,20573391.75123331,2821715858.049523,2.3146996565692746e-05,0.1604,36.0,8.943723554706628,46.0
Bitcoin,2023-02-11,21870.875,555.0794531249994,606.1505183048928,0.0626,71.66666666666667,89.0,22.6,173.06666564941406,15.5,36.516666412353516,33994.822916666664,5578.066732,20.46666717529297,38.32836278364909,103.53666432698567,1.072076638539632,272.9609375,0.1834,83.6,1859.1667073567708,79.86000061035156,86.46333312988281,21808.471375693003,16356226232.0,654726,20695417.561901353,1616291509.3106585,0.00022408625517589265,0.1539,26.0,9.874528201725369,38.0
Bitcoin,2023-02-12,21788.20313,517.3961718749997,589.8659109706148,0.0577,71.33333333333333,86.0,27.8,172.77333068847656,15.53999996185303,37.143333435058594,34120.37630333333,5614.203288,20.40333366394043,38.432982127298175,103.44333140055338,1.069924036661784,378.1660156,0.1927,85.6,1855.5333658854167,80.0,86.53666687011719,21644.618147945523,17821046406.0,617837,22415712.264169145,898974041.6036167,0.00022204520353685808,0.1621,38.0,10.830412292059568,66.0
Bitcoin,2023-02-13,21808.10156,496.0566015624973,579.0416438923565,0.0632,71.0,106.0,27.0,172.47999572753906,15.579999923706056,37.77000045776367,34245.92969,5650.339844,20.34000015258789,38.537601470947266,103.3499984741211,1.0677714347839355,438.3261719,0.1902,89.6,1851.9000244140625,80.13999938964844,86.61000061035156,21520.298187009405,23918742607.0,666916,21667418.164248344,2245943774.469708,-7.738400130330447e-05,0.159,44.0,11.575907235978637,80.0
Bitcoin,2023-02-14,22220.80469,502.04652343749694,584.8776760250454,0.0607,73.0,97.0,20.0,172.61000061035156,14.880000114440918,36.66999816894531,34089.26953,5780.990234,18.90999984741211,38.47102737426758,103.2300033569336,1.073041915893555,660.7460938,0.191,62.2,1854.0,79.05999755859375,85.58000183105469,21455.15811462368,26792596581.0,675701,21647341.400688175,2556253417.176537,0.0005227302901236186,0.1599,33.0,11.77666030058368,36.0
Bitcoin,2023-02-15,24307.8418,557.4430468749997,702.0344324,0.0611,73.0,92.0,24.8,170.88999938964844,14.899999618530272,35.70000076293945,34128.05078,5813.439941,18.229999542236328,38.14766311645508,103.91999816894533,1.0735719203948977,2225.072266,0.2076,71.4,1834.199951171875,78.58999633789062,85.37999725341797,21367.68839,32483312909.0,723537,23873321.525806885,2898459337.4618363,0.00011903039591165676,0.1739,46.0,13.066778566065176,30.0
Bitcoin,2023-02-16,23623.47461,597.3826562499999,761.2886694,0.0708,70.0,177.0,43.6,170.75,14.920000076293944,35.029998779296875,33696.85156,5604.890137,20.170000076293945,38.157169342041016,103.86000061035156,1.0691757202148438,1531.59375,0.2454,71.6,1842.0,78.48999786376953,85.13999938964844,21360.586626628217,39316664596.0,759215,28291380.222944427,3465947360.3289113,-0.0003915738885521547,0.2377,101.0,13.351283779326064,48.0
Bitcoin,2023-02-17,24565.60156,657.0389062499999,811.4312755986332,0.1168,69.0,104.0,26.4,171.25999450683594,14.68999958,36.040000915527344,33826.69141,5537.339844,20.020000457763672,37.73869705200195,103.86000061035156,1.0665756464004517,1463.285156,0.2386,67.8,1840.4000244140625,76.33999633789062,83.0,21271.295806076258,41358451255.0,716489,25714299.92522733,2700502695.7131515,0.00021209898763163704,0.2209,58.0,14.752482067896274,33.0
Bitcoin,2023-02-18,24641.27734,718.4904296875029,777.0763909576593,0.1044,68.0,92.0,23.8,171.09999465942383,14.887499570559083,36.292500495910645,33652.4160175,5500.78991725,20.732500553322755,37.619812965393066,103.94000053405762,1.0671985944112141,330.4628906,0.2521,66.6,1838.5500183105469,76.29499816894531,83.01250076293945,21193.985748446757,19625427158.0,656568,26343409.639495973,1377296531.3723257,0.0003076061616634762,0.246,48.0,15.773396375507016,63.0
Bitcoin,2023-02-19,24327.64258,768.0733594,776.2432279874694,0.1225,67.0,93.0,19.6,170.93999481201172,15.084999561118165,36.545000076293945,33478.140625,5464.2399905,21.445000648881837,37.50092887878418,104.02000045776367,1.0678215424219768,765.4121094,0.2522,48.6,1836.7000122070312,76.25,83.0250015258789,21182.18767371984,25555105670.0,569883,25635697.747482333,1095518513.5468009,-9.236449379146361e-05,0.2467,58.0,16.469212273168505,42.0
Bitcoin,2023-02-20,24829.14844,780.3413671874987,798.8364851401501,0.1228,66.0,117.0,29.8,170.7799949645996,15.282499551677246,36.797499656677246,33303.8652325,5427.69006375,22.157500744440917,37.38204479217529,104.10000038146973,1.0684444904327393,1092.548828,0.2431,66.6,1834.8500061035156,76.20500183105469,83.03750228881836,21119.634966267833,28987376573.0,615969,24027013.11118264,1732893145.332651,-0.0003897776440385803,0.2388,96.0,17.67856539692789,44.0
Bitcoin,2023-02-21,24436.35352,793.8809766,807.9544706,0.1167,65.0,130.0,23.6,170.6199951171875,15.479999542236328,37.04999923706055,33129.58984,5391.140137,22.87000084,37.263160705566406,104.18000030517578,1.068261981010437,926.4882813,0.2565,56.0,1833.0,76.16000366210938,83.05000305175781,21093.912529910263,31252098714.0,654981,26512359.26103933,2243262464.0,6.777471100893884e-06,0.251,67.0,18.180242011865335,22.0
Bitcoin,2023-02-22,24188.84375,785.5955078125007,809.3878287050275,0.1255,64.0,79.0,13.6,169.66000366210938,15.050000190734863,38.36000061035156,33045.08984,5398.75,22.290000915527344,37.08245849609375,104.58999633789062,1.065200924873352,828.0214844,0.2407,21.4,1832.0,73.94999694824219,80.59999847,21088.73448498503,30199996781.0,660490,21468764.329053212,2537535479.447003,1.053784403837188e-05,0.2395,23.0,18.50528244246017,16.0
Bitcoin,2023-02-23,23947.49219,766.5067578124981,814.3008353600255,0.1168,62.0,85.0,14.2,169.57000732421875,14.84000015258789,36.689998626708984,33153.91016,5503.689941,21.13999938964844,37.263160705566406,104.5999984741211,1.0605803728103638,878.1699219,0.2486,24.4,1818.0,75.38999938964844,82.20999908447266,21093.02920035249,30476264066.0,693262,26565544.35508433,2319568505.898318,0.000409731926108603,0.2327,32.0,18.662686133280083,10.0
Bitcoin,2023-02-24,23198.12695,738.1316406250007,834.4674052,0.1114,60.0,130.0,25.4,168.35000610351562,14.56000042,37.25,32816.92188,5392.370117,21.670000076293945,36.42621612548828,105.20999908447266,1.0598047971725464,1096.632813,0.2281,72.4,1808.800048828125,76.31999969482422,83.16000366210938,21086.39824213965,26811744928.0,695824,20417436.704952147,3264100602.063476,0.0002137218814488584,0.225,27.0,18.66757769870558,30.0
Bitcoin,2023-02-25,23175.375,698.5183984374999,799.7663293410424,0.1056,60.333333333333336,92.0,24.4,168.57000223795572,14.490000407156575,37.34999974568685,32840.97786666667,5419.440104,21.43000030517578,36.489620208740234,105.02999877929688,1.0583618084589639,348.6523438,0.2019,59.2,1811.5333658854167,76.1066665649414,82.92333475748698,21101.378081747174,16100721565.0,626600,16083980.15403232,1260295667.7524452,0.0005199847615708908,0.2027,42.0,18.624430761431867,38.0
Bitcoin,2023-02-26,23561.21289,675.6834374999999,783.3649118434679,0.0891,60.666666666666664,52.0,15.8,168.78999837239584,14.420000394313153,37.449999491373696,32865.033853333334,5446.510091,21.190000534057617,36.55302429199219,104.84999847412111,1.0569188197453816,570.1464844,0.2295,49.8,1814.2666829427083,75.8933334350586,82.68666585286458,21150.883636118044,16644534842.0,628404,24782400.469027933,829030193.0,-8.506872154090406e-05,0.2023,22.0,18.51133412838669,19.0
Bitcoin,2023-02-27,23522.87109,654.1382421874987,773.9825409082202,0.0884,61.0,88.0,28.8,169.00999450683594,14.350000381469728,37.54999923706055,32889.08984,5473.580078,20.950000762939453,36.61642837524414,104.66999816894533,1.055475831031799,652.0117188,0.2239,87.0,1817.0,75.68000030517578,82.44999694824219,21161.922007315996,22660763494.0,644967,21360913.713135105,2772708720.756993,0.000315475969018042,0.214,32.0,18.517285527435405,21.0
Bitcoin,2023-02-28,23147.35352,631.4691406250022,754.9648147719188,0.0965,61.0,112.0,31.6,169.77999877929688,14.170000076293944,35.41999816894531,32656.69922,5478.129883,20.700000762939453,36.35963439941406,104.87000274658205,1.0611205101013184,507.734375,0.2226,86.4,1828.9000244140625,77.05000305175781,83.88999938964844,21177.777166390835,20535363434.0,731797,20630776.02077309,3303380064.905549,0.000415992384357855,0.2127,31.0,18.462251905549497,48.0
Bitcoin,2023-03-01,23646.55078,628.2464843749985,757.6106036721388,0.0954,65.0,123.0,26.6,170.75999450683594,14.15999984741211,36.630001068115234,32661.83984,5411.080078,20.579999923706055,37.139522552490234,104.4800033569336,1.0577309131622314,792.0058594,0.2331,69.6,1837.699951171875,77.69000244140625,84.30999755859375,21381.44299731551,24662841200.0,826824,25988722.583811883,3301347257.0,0.00011479548210024948,0.2022,32.0,17.431421783362545,33.0
Bitcoin,2023-03-02,23475.4668,614.5897656250017,738.7896453741289,0.0871,52.0,107.0,24.2,170.66000366210938,13.93999958,35.61000061035156,33003.57031,5364.939941,19.59000015258789,37.272666931152344,105.02999877929688,1.066894292831421,494.1171875,0.2286,71.4,1833.5,78.16000366210938,84.75,21641.411060082966,20386398516.0,726383,21657536.22815396,2086533468.9466224,-8.483293927141755e-05,0.2168,26.0,15.928462850629982,22.0
Bitcoin,2023-03-03,22362.67969,552.3289062500007,776.4553403474055,0.0971,55.0,161.0,28.0,172.49000549316406,13.93000030517578,35.20000076293945,33390.96875,5528.939941,18.489999771118164,37.60554885864258,104.5199966430664,1.0599732398986816,1266.109375,0.2348,74.4,1847.699951171875,79.68000030517578,85.83000183105469,21741.564805464997,26062404610.0,807383,24203335.93106573,2615790472.0,0.00011467925018859848,0.2125,36.0,15.269787012873712,29.0
Bitcoin,2023-03-04,22353.34961,472.5698828125023,735.7226207243765,0.0937,55.0,77.0,18.8,172.20000203450522,14.033333460489908,34.47666676839193,33404.45963666667,5523.4166663333335,18.53000005086263,37.56116612909505,104.4633305867513,1.060855547587077,206.1972656,0.2112,70.8,1847.7666422526042,79.93999989827473,85.94666798909505,21865.586253168156,11166012913.0,678996,21944599.480469976,1387147095.1107905,0.0004212589110522691,0.1773,30.0,14.438780692423078,32.0
Bitcoin,2023-03-05,22435.51367,382.7382031249981,705.0669312976353,0.068,55.0,74.0,18.8,171.90999857584634,14.136666615804035,33.7533327738444,33417.95052333333,5517.8933916666665,18.570000330607094,37.51678339954753,104.4066645304362,1.061737855275472,306.5429688,0.2102,55.0,1847.8333333333333,80.1999994913737,86.06333414713542,22008.345320710738,13317001733.0,630099,22389334.564582177,1446601446.787563,2.1335463260663268e-05,0.1768,16.0,13.475550354370933,23.0
Bitcoin,2023-03-06,22429.75781,289.7122265625003,672.7749016067328,0.0673,55.0,103.0,23.6,171.6199951171875,14.239999771118164,33.029998779296875,33431.44141,5512.370117,18.61000061035156,37.47240067,104.3499984741211,1.0626201629638672,252.9785156,0.2019,67.2,1847.9000244140625,80.45999908447266,86.18000030517578,22052.75343968364,17353192895.0,671836,19320752.866531476,2174309951.733324,0.00032303848528036916,0.1799,24.0,13.181893690860113,19.0
Bitcoin,2023-03-07,22219.76953,199.9035546874984,661.5878550633946,0.069,48.0,123.0,22.2,168.6199951171875,14.199999809265137,33.75999832,32856.46094,5466.640137,19.59000015258789,36.844688415527344,105.62000274658205,1.0688328742980957,516.15625,0.2159,95.0,1813.9000244140625,77.58000183105469,83.29000091552734,21871.66021148369,22765452204.0,771846,23616222.724502575,3374322168.004706,-7.911013255645916e-05,0.1799,27.0,13.893001621523684,23.0
Bitcoin,2023-03-08,21718.08008,141.17292968749825,654.3919871,0.0686,49.0,130.0,26.0,168.5399932861328,13.789999961853027,33.38999938964844,32798.39844,5511.640137,19.11000061035156,36.99686050415039,105.66000366210938,1.05507493,560.8457031,0.1984,95.6,1812.699951171875,76.66000366210938,82.66000366210938,21602.23152570774,22536575684.0,656385,18928979.35012383,3388596597.8769383,-0.00017526222464303576,0.1742,33.0,15.437500908550234,29.0
Bitcoin,2023-03-09,20363.02148,85.78222656,721.3932848665238,0.0627,37.0,174.0,32.4,170.1999969482422,14.300000190734863,34.86000061035156,32254.85938,5368.720215,22.61000061035156,36.17893600463867,105.30999755859376,1.0549525022506714,1592.410156,0.1873,107.0,1829.300048828125,75.72000122070312,81.58999633789062,21036.472622348552,30364664171.0,700965,19039458.64389535,3196734601.933024,0.00022799733535106004,0.1586,42.0,18.643236704782417,26.0
Bitcoin,2023-03-10,20187.24414,38.60695312499956,722.8896071528435,0.0513,26.0,225.0,38.4,173.8699951171875,16.56999969482422,36.75999832,31909.64063,5284.459961,24.799999237060547,35.98871612548828,104.58000183105467,1.0584698915481567,742.3417969,0.1633,153.4,1862.0,76.68000030517578,82.77999877929688,20552.2036,39578257695.0,762121,17894803.56988819,3145620928.4517913,0.00043521308770888556,0.1115,46.0,21.10078512518097,31.0
Bitcoin,2023-03-11,20632.41016,-33.25507812,722.9592948,0.0176,25.0,141.0,27.2,175.1999969482422,17.713333129882812,37.21666590270508,31879.473963333334,5302.513346333333,25.373332977294922,36.00774002032552,104.25333404541014,1.0617681344350178,723.8652344,0.1707,133.8,1878.566650390625,76.05333455403645,82.10999806619792,20247.284967590254,30180288176.0,721567,21477230.284296937,2656253787.621122,-0.0004656525112579635,0.1079,29.0,22.326241102385044,17.0
Bitcoin,2023-03-12,22163.94922,-66.53132812,795.3353887089569,0.0146,24.0,122.0,25.2,176.52999877929688,18.856666564941406,37.673333485410154,31849.30729666667,5320.566731666667,25.946666717529297,36.02676391516276,103.92666625976562,1.0650663773218791,1736.224609,0.1801,137.2,1895.13330078125,75.42666880289714,81.43999735309896,20281.18250571521,29279035521.0,621363,21186496.49970484,1616901383.7018845,-0.0003679078825704618,0.1206,28.0,20.982082685827535,28.0
Bitcoin,2023-03-13,24197.5332,-48.12019531,926.5713375065314,0.0231,23.0,163.0,37.2,177.86000061035156,20.0,38.130001068115234,31819.14063,5338.620117,26.520000457763672,36.04578781,103.5999984741211,1.0683646202087402,2632.638672,0.2126,224.0,1911.699951171875,74.80000305175781,80.76999664,20302.928714204605,49466362688.0,725571,23087128.98074996,4722952043.929702,2.286103283022367e-05,0.1717,41.0,20.695639035871693,48.0
Bitcoin,2023-03-14,24746.07422,-5.372148438,1034.2114707649937,0.0589,25.0,158.0,32.8,176.8300018310547,17.950000762939453,47.40999984741211,32155.40039,5544.399902,23.729999542236328,36.06480407714844,103.5999984741211,1.0725010633468628,2433.533203,0.2486,145.2,1906.199951171875,71.33000183105469,77.44999694824219,20246.365351579923,54622230164.0,728811,23955889.05,5174879852.243775,0.0254,0.2358,71.0,21.414886957339395,65.0
Bitcoin,2023-03-15,24375.96094,47.40867187500044,1051.461014147851,0.1056,22.0,67.0,19.8,178.2100067138672,19.75,49.779998779296875,31874.57031,5611.959961,26.13999938964844,35.44660186767578,104.6500015258789,1.0727657079696655,1275.705078,0.263,100.2,1926.5999755859375,67.61000061035156,73.69000244140625,20216.210000847714,43655701450.0,750215,23485522.64,3832195528.104545,0.0359,0.2529,9.0,21.849198921883065,18.0
Bitcoin,2023-03-16,25052.78906,126.99011718749898,1045.3005734051474,0.1183,32.0,66.0,16.2,178.57000732421875,17.37999916,48.650001525878906,32246.55078,5817.140137,22.989999771118164,35.98871612548828,104.41999816894533,1.0583354234695437,965.2148438,0.2576,105.8,1919.0,68.34999847,74.69999694824219,20109.952755735176,33866061747.0,687640,21513991.934607737,3822620889.865397,0.0482,0.2423,13.0,23.506709409640433,34.0
Bitcoin,2023-03-17,27423.92969,227.08667968749796,1172.9678594565653,0.1104,27.0,106.0,32.0,183.77000427246097,22.829999923706055,51.47999954223633,31861.98047,5764.379883,25.510000228881836,35.76996994018555,103.70999908447266,1.0614134073257446,2832.642578,0.2785,132.0,1969.800048828125,66.73999786376953,72.97000122070312,19645.024848163815,50730261335.0,768841,25280852.552496243,5161878711.656648,0.0543,0.26,16.0,29.17945940962762,39.0
Bitcoin,2023-03-18,26965.87891,275.2873437499984,1167.019541370382,0.1234,28.0,131.0,39.4,183.79333496093753,22.35333315531413,51.36666615804037,31989.51367333333,5764.369954666667,25.05666669209798,35.814353942871094,103.56666564941406,1.063570777575175,1089.691406,0.3231,134.0,1972.933349609375,67.03999837239583,73.2433344523112,19399.17435453693,35723036817.0,691597,28644944.59,2228054547.197853,0.1061,0.3224,30.0,32.55650020161475,74.0
Bitcoin,2023-03-19,28038.67578,339.20621093750015,1193.1498419867833,0.1708,29.0,146.0,31.6,183.8166656494141,21.8766663869222,51.2533327738444,32117.046876666667,5764.360026333333,24.60333315531413,35.85873794555664,103.42333221435547,1.0657281478246052,1532.84375,0.3205,157.8,1976.066650390625,67.33999888102214,73.51666768391927,19068.18678460004,37769448859.0,619482,26477878.719646867,2375622526.910426,0.102,0.3104,35.0,37.001750135625585,94.0
Bitcoin,2023-03-20,27767.23633,384.2697656250021,1199.699407,0.1615,30.0,206.0,40.6,183.83999633789065,21.399999618530273,51.13999938964844,32244.58008,5764.350098,24.149999618530273,35.90312194824219,103.27999877929688,1.0678855180740356,1284.84375,0.3348,151.6,1979.199951171875,67.63999938964844,73.79000091552734,18902.20859231088,44774027664.0,725399,27627804.86632807,4411638891.790383,0.1048,0.3401,40.0,40.00022220813011,99.0
Bitcoin,2023-03-21,28175.81641,452.2847265625023,1185.4291646148793,0.1837,43.0,157.0,30.6,180.3699951171875,19.13999938964844,48.119998931884766,32560.59961,5896.839844,21.37999916,36.22649002075195,103.26000213623048,1.071914792060852,999.9160156,0.3316,148.8,1938.0,69.33000183105469,75.31999969482422,18729.528280142647,36102192830.0,708659,26497064.86479075,2864598879.584065,0.0965,0.331,34.0,42.96699403,63.0
Bitcoin,2023-03-22,27307.4375,447.8247656249987,1246.7084988388165,0.1769,41.0,157.0,40.2,183.44000244140625,19.219999313354492,46.970001220703125,32030.10938,5812.549805,22.260000228881836,36.36915207,102.3499984741211,1.0774236917495728,2043.339844,0.3384,147.6,1946.800048828125,70.90000153,76.69000244140625,18709.920800948097,33382021890.0,688658,29225710.419680897,4085982036.035022,0.0905,0.3388,37.0,44.38132466321114,48.0
Bitcoin,2023-03-23,28333.97266,462.2858203124997,1268.120782403901,0.1828,38.0,119.0,26.6,185.7400054931641,20.950000762939453,46.900001525878906,32105.25,5959.560059,22.61000061035156,36.87322235107422,102.52999877929688,1.0870392322540283,1546.480469,0.3401,131.2,1993.800048828125,69.95999908447266,75.91000366210938,18756.34269064864,24220433689.0,677191,34269759.33971421,4021952026.6598744,0.0828,0.3179,30.0,45.908486005412016,44.0
Bitcoin,2023-03-24,27493.28516,442.5623828125026,1273.9101461607654,0.1669,37.0,115.0,26.8,183.6499938964844,19.959999084472656,48.36000061035156,32237.5293,5939.950195,21.739999771118164,36.778106689453125,103.12000274658205,1.0835057497024536,1349.171875,0.342,130.0,1982.0999755859375,69.26000213623047,74.98999786376953,18931.089036196605,25980310960.0,683787,29533422.016249567,3241169630.8757415,0.0879,0.3431,27.0,46.09757078217276,39.0
Bitcoin,2023-03-25,27494.70703,443.6166796874968,1225.4588354974965,0.1861,38.0,97.0,20.8,183.08332824707034,19.6999994913737,47.37666702270508,32302.379559999998,5919.796874666667,21.359999974568684,36.71153259277344,103.03333536783855,1.0816100041071575,595.5917969,0.326,138.4,1972.1999918619792,70.44333394368489,76.03333282470703,19141.87605383864,13383005987.0,659846,25755315.778535496,1550482121.7267482,0.0755,0.32,32.0,45.96776281300301,51.0
Bitcoin,2023-03-26,27994.33008,430.1527734374977,1190.2901798369608,0.1686,39.0,147.0,29.4,182.51666259765625,19.43999989827474,46.393333435058594,32367.22982,5899.643554333334,20.980000178019207,36.64495849609375,102.94666798909506,1.079714258511861,733.0976563,0.3254,135.6,1962.3000081380208,71.62666575113933,77.07666778564453,19377.68345,13878363192.0,594775,25539403.027980726,984037172.6584415,0.0713,0.3206,28.0,45.796459282909666,40.0
Bitcoin,2023-03-27,27139.88867,430.4741406250032,1207.500619000392,0.1688,40.0,146.0,30.6,181.9499969482422,19.18000030517578,45.40999984741211,32432.08008,5879.490234,20.600000381469727,36.57838439941406,102.86000061035156,1.077818512916565,1431.236328,0.3297,124.0,1952.4000244140625,72.80999755859375,78.12000274658203,19722.99767367784,18188895178.0,668827,26143030.48564295,2566202032.425585,0.0576,0.3343,49.0,44.56992034468594,44.0
Bitcoin,2023-03-28,27268.13086,428.43050781249985,1177.172031259293,0.179,39.0,155.0,29.0,183.44000244140625,19.030000686645508,44.310001373291016,32394.25,5823.47998,19.969999313354492,37.10147476196289,102.43000030517578,1.0807071924209597,782.9003906,0.3135,104.4,1972.4000244140625,73.19999694824219,78.65000153,20205.233689875786,17783600385.0,684623,23379336.21501739,2928743459.5363564,0.0487,0.3111,33.0,42.491859638635454,38.0
Bitcoin,2023-03-29,28348.44141,449.6852343749997,1190.222661838986,0.1619,41.0,139.0,35.2,182.52999877929688,17.770000457763672,43.33000183105469,32717.59961,5942.939941,19.12000084,37.206092834472656,102.63999938964844,1.0839520692825315,1359.880859,0.3219,108.0,1966.0999755859375,72.97000122070312,78.27999877929688,21063.312529870716,20684945906.0,727221,26591193.533266988,3259547576.280744,0.0434,0.3142,34.0,38.31892810463254,37.0
Bitcoin,2023-03-30,28033.5625,470.66082031250335,1208.045485100487,0.1641,45.0,221.0,40.6,184.17999267578125,18.38999938964844,42.02000045776367,32859.03125,6026.0,19.020000457763672,37.57701110839844,102.13999938964844,1.0843634605407717,1439.742188,0.3385,104.0,1980.300048828125,74.37000274658203,79.26999664,22181.465696009764,22435349951.0,727172,28612052.69058096,5441832858.287578,0.0432,0.3413,46.0,32.26166898072533,49.0
Bitcoin,2023-03-31,28478.48438,510.6000781250005,1197.198067637952,0.1844,49.0,135.0,35.4,183.22000122070312,17.309999465942383,40.34000015258789,33274.14844,6190.009766,18.700000762939453,37.52946090698242,102.51000213623048,1.0904649496078491,1056.181641,0.3471,128.6,1969.0,75.66999816894531,79.76999664,23427.31511199232,19001327598.0,732643,25754269.689730845,3688566063.994466,0.1592,0.3398,38.0,25.429869994772694,44.0
Bitcoin,2023-04-01,28411.03516,562.1126562499994,1147.7757168245269,0.1773,53.0,106.0,33.2,183.65999857584634,17.623332977294922,40.056667328391924,33383.14844,6172.62321,18.650000254313152,37.554823557535805,102.37000020345053,1.0870878299077351,505.2851563,0.3527,98.6,1973.9666748046875,77.25333150227864,81.48999786172526,24436.347524745157,10876469901.0,702374,25771404.49649015,1343707941.9349802,0.1644,0.3512,32.0,20.00570942,44.0
Bitcoin,2023-04-02,28199.30859,598.5208984375022,1111.1396723192036,0.1861,57.0,82.0,20.4,184.0999959309896,17.93666648864746,39.773334504195965,33492.14844,6155.236654,18.599999745686848,37.580186208089195,102.22999827067058,1.083710710207621,634.8710938,0.3581,112.4,1978.933349609375,78.83666483561198,83.20999908345053,24967.159875661546,12284641999.0,659613,27387521.07343141,956580471.1949928,0.1688,0.3505,30.0,17.441125957026504,36.0
Bitcoin,2023-04-03,27790.2207,616.8782421875003,1117.4084345642605,0.1854,61.0,110.0,28.8,184.5399932861328,18.25,39.49000168,33601.14844,6137.850098,18.549999237060547,37.60554885864258,102.08999633789062,1.080333590507507,1198.902344,0.3456,113.4,1983.9000244140625,80.41999816894531,84.93000030517578,25436.65539275587,19556501327.0,681747,23697637.14551613,2427314471.3794074,0.1672,0.3424,36.0,15.037448954923436,51.0
Bitcoin,2023-04-04,28168.08984,642.1947265624985,1091.3390820953848,0.179,50.0,81.0,29.0,187.97999572753903,19.729999542236328,39.41999816894531,33402.37891,6147.560059,19.0,37.60554885864258,101.58999633789062,1.091226577758789,752.4375,0.3537,81.8,2022.199951171875,80.70999908447266,84.94000244140625,26189.899796649424,15284538859.0,809319,29712370.380244203,3009364817.0053983,0.1493,0.3346,15.0,10.864064844316498,26.0
Bitcoin,2023-04-05,28177.98438,628.1494141,1077.3487626153574,0.1729,52.0,111.0,34.8,187.8300018310547,18.979999542236328,39.13999938964844,33482.71875,6007.259766,19.079999923706055,37.31071472167969,101.8499984741211,1.0960105657577517,895.4746094,0.3485,105.8,2020.9000244140625,80.61000061035156,84.98999786376953,26946.77466,17052315986.0,719774,25533999.319590654,3909874646.8142905,0.1573,0.3409,35.0,6.489976630653151,77.0
Bitcoin,2023-04-06,28044.14063,567.6783593750006,1031.797065285689,0.1775,55.0,119.0,28.0,186.4900054931641,18.440000534057617,34.75999832,33485.28906,6060.560059,18.399999618530273,37.462886810302734,101.81999969482422,1.090334177017212,439.625,0.3608,85.0,2011.9000244140625,80.69999694824219,85.12000274658203,26996.086707063023,13837809380.0,740308,29988656.935689587,2750821198.0916862,0.1798,0.3423,29.0,6.351477826325776,41.0
Bitcoin,2023-04-07,27925.85938,527.1573828125001,980.7803106224256,0.1786,55.5,93.0,25.6,186.14500427246097,18.46500062942505,34.64749908332276,33510.596677500005,6062.657593000001,18.542499542236328,37.47239685058594,102.01000022888184,1.0920130014419556,317.5625,0.3425,87.8,2006.2000122070312,80.45999717712402,84.88500213623047,27150.103849436688,10861680497.0,739977,25883474.596045017,1658809071.6178896,0.0891,0.3388,27.0,5.581379359,42.0
Bitcoin,2023-04-08,27947.79492,474.76089843750015,930.4729000422524,0.1757,56.0,54.0,23.6,185.8000030517578,18.49000072479248,34.534999846645505,33535.904295,6064.755127,18.684999465942383,37.48190689086914,102.20000076293945,1.091794530550639,276.4765625,0.3414,73.8,2000.5,80.21999740600586,84.6500015258789,27147.099907104657,9373255556.0,661759,26655771.28270032,904857861.1541716,0.0676,0.3361,20.0,5.571257309708222,39.0
Bitcoin,2023-04-09,28333.05078,421.3966016,914.3212364231628,0.1733,56.5,75.0,18.8,185.4550018310547,18.515000820159912,34.42250060996826,33561.2119125,6066.852661000001,18.827499389648438,37.491416931152344,102.39000129699706,1.091576059659322,704.3496094,0.3412,64.8,1994.7999877929688,79.9799976348877,84.41500091552734,27159.40544205915,12175322951.0,570129,25984841.21278582,786257013.0006489,0.0552,0.3367,22.0,5.679989557431247,13.0
Bitcoin,2023-04-10,29652.98047,408.7597656,962.0263880625798,0.1736,57.0,103.0,24.2,185.11000061035156,18.540000915527344,34.310001373291016,33586.51953,6068.950195,18.969999313354492,37.50092697143555,102.58000183105467,1.0913575887680054,1582.193359,0.3379,75.8,1989.0999755859375,79.73999786376953,84.18000030517578,26942.559030985973,19282400094.0,633252,22540478.67849652,3111868332.0910163,0.05,0.3462,29.0,7.739472572524984,30.0
Bitcoin,2023-04-11,30235.05859,442.15199218749694,957.5804463,0.1806,58.0,192.0,41.4,186.27999877929688,18.329999923706055,34.22999954223633,33684.78906,5981.029785,19.100000381469727,37.72918701171875,102.1999969482422,1.086932897567749,899.7832031,0.3721,72.8,2004.800048828125,81.52999877929688,85.61000061035156,26772.80646920228,20121259843.0,793340,30278886.883851003,5538417633.702715,0.069,0.377,32.0,9.943450608,45.0
Bitcoin,2023-04-12,30139.05273,470.15828124999825,941.8180036898008,0.2042,60.0,105.0,28.8,187.19000244140625,17.690000534057617,33.74000168,33646.5,5906.819824,19.09000015258789,37.462886810302734,101.5,1.0917507410049438,736.90625,0.3892,85.6,2010.9000244140625,83.26000213623047,87.33000183105469,26621.539404984993,18651929926.0,714277,30739675.958873477,5793871314.410771,0.1227,0.3888,16.0,11.620749032118416,27.0
Bitcoin,2023-04-13,30399.06641,526.7188671874974,921.7754788726722,0.2137,63.0,111.0,31.2,189.72000122070312,18.479999542236328,32.779998779296875,34029.69141,6050.709961,17.799999237060547,37.97646713256836,101.01000213623048,1.0999890565872192,661.2226563,0.3808,79.0,2041.300048828125,82.16000366210938,86.08999633789062,26563.617662762663,17487721001.0,720191,27603326.707211237,3142733102.722365,0.127,0.3812,17.0,12.99192407518658,43.0
Bitcoin,2023-04-14,30485.69922,583.6475390624983,924.5850429,0.2076,65.0,126.0,29.4,186.36000061035156,17.15999984741211,32.50999832,33886.46875,6044.839844,17.06999969482422,37.77674484,101.5500030517578,1.1054610013961792,961.109375,0.3847,77.8,2002.199951171875,82.51999664,86.30999755859375,26555.7427,22659995079.0,729076,27977114.940560613,3725625623.497133,0.1209,0.391,35.0,14.026357386409195,50.0
Bitcoin,2023-04-15,30318.49609,619.5481640625003,883.9616413812836,0.2152,65.66666666666667,80.0,28.2,186.08333333333334,17.23000017827474,32.64999898172526,33920.03906333333,6039.683268333333,17.03000005086263,37.83063761224609,101.73333485921223,1.1031938791275024,355.8574219,0.3973,76.8,1999.5332845052083,81.95666503701823,85.79333241780598,26550.38459592047,11940685378.0,644020,31009798.333244104,1462605812.374483,0.1472,0.3925,24.0,14.817410469328488,54.0
Bitcoin,2023-04-16,30315.35547,654.2295703125019,849.2290297201205,0.2164,66.33333333333333,66.0,21.2,185.8066660563151,17.30000050913737,32.78999964345052,33953.60937666667,6034.526692666667,16.990000406901043,37.88453038449219,101.91666666666666,1.1009267568588257,397.7050781,0.3816,64.4,1996.8666178385417,81.39333343403646,85.27666727701823,26717.119435943823,12854816417.0,558992,23967480.704861324,1063225848.1656958,0.1527,0.3898,19.0,14.680594009828962,30.0
Bitcoin,2023-04-17,29445.04492,657.8522265624997,863.1288255883262,0.2141,67.0,89.0,21.6,185.52999877929688,17.37000084,32.93000030517578,33987.17969,6029.370117,16.950000762939453,37.93842315673828,102.0999984741211,1.098659634590149,1043.826172,0.3944,75.2,1994.199951171875,80.83000183105469,84.76000213623047,26938.264887947047,17872186762.0,665181,29788462.913373288,3697555658.5764194,0.153,0.389,17.0,13.849362351229477,29.0
Bitcoin,2023-04-18,30397.55273,671.1414062500007,895.4377041177314,0.2133,65.0,81.0,24.6,186.25,17.139999389648438,33.689998626708984,33976.62891,6029.799805,16.829999923706055,37.890872955322266,101.75,1.0925379991531372,1315.453125,0.3916,73.4,2007.4000244140625,80.86000061035156,84.76999664,26964.598322224843,19480529496.0,680093,31642501.63757007,2422892168.755929,0.1504,0.3699,17.0,14.324677673860428,26.0
Bitcoin,2023-04-19,28822.67969,653.8837891,955.8461716807506,0.1982,67.0,95.0,25.4,185.36000061035156,17.209999084472656,34.439998626708984,33897.01172,6008.410156,16.459999084472656,37.510440826416016,101.97000122070312,1.0975382328033447,1741.15625,0.3835,63.6,1995.199951171875,79.16000366210938,83.12000274658203,27052.916605241495,24571565421.0,680099,26367118.29982094,2806672447.3950105,0.1303,0.3898,17.0,13.969239852675877,34.0
Bitcoin,2023-04-20,28245.98828,603.4651562500003,961.795915,0.2136,64.0,130.0,26.6,186.08999633789065,17.209999084472656,36.40999984741211,33786.62109,5919.879883,17.170000076293945,37.453372955322266,101.83999633789062,1.095218300819397,1039.142578,0.362,69.8,2007.5999755859375,77.29000091552734,81.09999847,27024.96143924551,21340360360.0,675813,24467944.96296997,4050944568.9312954,0.1107,0.3534,21.0,14.087166954055586,38.0
Bitcoin,2023-04-21,27276.91016,536.6944140624983,976.8536007572544,0.1855,63.0,142.0,31.2,184.25,16.420000076293945,35.16999816894531,33808.96094,5942.870117,16.770000457763672,37.10147476196289,101.81999969482422,1.0970927476882937,1172.603516,0.3553,80.4,1979.5,77.87000274658203,81.66000366210938,26839.347827530422,20759504330.0,771581,26017667.261768974,3574778822.639548,0.1007,0.3403,24.0,15.003223180161262,37.0
Bitcoin,2023-04-22,27817.5,528.1141796875017,957.2620768192364,0.1752,63.0,85.0,24.8,184.4366658528646,16.573333104195964,34.873331705729164,33831.10677333333,5932.003418,16.81000010172526,37.07294336797526,101.66333262125652,1.0978042284647624,702.5722656,0.3433,60.4,1982.6999918619792,78.16666920979817,82.01667022807291,26785.520465815454,13125734602.0,652782,25972883.289167624,1388897603.2660651,0.0783,0.3163,16.0,15.25269115,34.0
Bitcoin,2023-04-23,27591.38477,495.38124999999854,918.8811918678624,0.1569,63.0,84.0,26.4,184.62333170572916,16.726666132097982,34.57666524251302,33853.25260666666,5921.136719,16.849999745686848,37.04441197398763,101.5066655476888,1.0985157092412314,419.9296875,0.3468,61.8,1985.8999837239583,78.46333567301433,82.37333679403646,26752.302841987377,12785446832.0,604273,25740162.140966076,1135637672.6980305,0.0745,0.3297,17.0,15.418517457563604,19.0
Bitcoin,2023-04-24,27525.33984,483.6712499999994,918.1848790558722,0.1668,63.0,133.0,26.2,184.80999755859375,16.87999916,34.279998779296875,33875.39844,5910.27002,16.889999389648438,37.01588058,101.3499984741211,1.0992271900177002,909.1328125,0.3435,70.0,1989.0999755859375,78.76000213623047,82.73000336,26656.40531874904,17703288330.0,634746,25151563.91860913,2117557490.949825,0.0808,0.324,22.0,15.876040761519231,26.0
Bitcoin,2023-04-25,28307.59766,509.2392968749991,935.6821366,0.1623,57.0,108.0,31.2,185.75,17.719999313354492,36.63999938964844,33530.82813,5754.290039,18.760000228881836,36.321590423583984,101.86000061035156,1.1059499979019165,1163.146484,0.3319,87.6,1994.0,77.06999969482422,80.76999664,26670.96756092735,17733373139.0,663868,22252108.61633086,2588478713.9496126,0.0391,0.3219,32.0,15.816678741533629,26.0
Bitcoin,2023-04-26,28422.70117,557.2690624999996,1059.654059858762,0.1604,52.0,119.0,30.0,184.7400054931641,17.739999771118164,39.25,33301.87109,5867.430176,18.84000015258789,36.53083419799805,101.47000122070312,1.0978394746780396,2671.289063,0.3453,129.0,1985.699951171875,74.30000305175781,77.69000244140625,26714.401854405845,31854242019.0,668682,24384973.37872218,2963529477.807014,0.0422,0.3411,44.0,15.637224432539904,32.0
Bitcoin,2023-04-27,29473.78711,603.2867968749997,1088.8687810295648,0.1747,58.0,75.0,19.4,184.75,17.280000686645508,37.75999832,33826.16016,6089.549805,17.030000686645508,37.025386810302734,101.5,1.1047282218933103,1468.660156,0.3521,85.0,1989.9000244140625,74.76000213623047,78.37000274658203,26835.82914275015,27153445027.0,673213,25220465.912215184,2759095405.121972,0.0551,0.3429,35.0,15.292515060392589,38.0
Bitcoin,2023-04-28,29340.26172,678.0708984375015,1057.0339852863815,0.1759,59.0,84.0,20.8,184.8000030517578,16.469999313354492,35.630001068115234,34098.16016,6119.180176,15.779999732971191,37.215606689453125,101.66999816894533,1.1032048463821411,643.1816406,0.3718,91.8,1990.0999755859375,76.77999877929688,79.54000091552734,26962.390988995936,17544464887.0,725813,28310744.88306382,2242009223.6435246,0.0484,0.3684,23.0,14.864997653202131,26.0
Bitcoin,2023-04-29,29248.48828,757.4992578,1007.5609941498542,0.1951,59.0,58.0,23.4,184.5233357747396,16.523332595569663,35.733333587646484,34082.67318,6115.686849,15.879999796549479,37.17439270019531,101.82999928792319,1.102500279744466,364.4121094,0.3672,80.4,1987.8666585286458,76.4066670735677,79.46333312988281,27038.77357624116,10662634333.0,628996,26352027.40424048,1392685430.2644625,0.0398,0.3655,40.0,14.631818678048658,31.0
Bitcoin,2023-04-30,29268.80664,812.6703906250004,995.4500526,0.1927,59.0,75.0,20.0,184.24666849772134,16.57666587778483,35.836666107177734,34067.186200000004,6112.1935220000005,15.979999860127768,37.1331787109375,101.99000040690105,1.1017957131067913,838.0078125,0.372,65.2,1985.6333414713542,76.03333536783855,79.38666534423828,27030.300234187736,14652199272.0,612597,28548026.97705134,930842814.8253764,0.0445,0.3622,39.0,14.567812980270084,36.0
Bitcoin,2023-05-01,28091.56836,807.1641406250019,1042.1423758549763,0.1901,59.0,96.0,16.6,183.97000122070312,16.62999916,35.939998626708984,34051.69922,6108.700195,16.079999923706055,37.09196472167969,102.1500015258789,1.1010911464691162,1649.142578,0.3832,75.0,1983.4000244140625,75.66000366210938,79.30999755859375,26935.895047786427,18655599976.0,697731,35120914.85198403,2578412163.433788,0.0399,0.3655,30.0,14.533641523665572,31.0
Bitcoin,2023-05-02,28680.53711,741.7100781249974,1036.0733333831924,0.1922,55.0,98.0,17.8,187.52000427246097,18.690000534057617,39.47999954223633,33684.53125,6051.27002,17.780000686645508,36.73055648803711,101.95999908447266,1.0969241857528689,957.1757813,0.3485,102.4,2014.300048828125,71.66000366210938,75.31999969482422,26918.934071047966,16432924527.0,620729,26436400.048662677,2767795701.6050014,0.0418,0.3356,49.0,14.183908132640068,28.0
Bitcoin,2023-05-03,29006.30859,647.3699609374999,1039.292704659393,0.1692,54.0,69.0,18.0,189.11000061035156,18.700000762939453,43.22999954223633,33414.23828,5981.47998,18.34000015258789,36.67349624633789,101.33999633789062,1.1010911464691162,1081.144531,0.3598,102.6,2028.5999755859375,68.59999847,72.33000183105469,26955.582309803245,19122972518.0,728440,28706505.872158974,2422988601.261196,0.0382,0.3494,41.0,13.482641248047662,31.0
Bitcoin,2023-05-04,28847.71094,555.5800781,1012.1394032105078,0.1794,49.0,59.0,17.2,190.44000244140625,20.350000381469727,43.75,33127.73828,6038.430176,20.09000015258789,36.96832275390625,101.4000015258789,1.1068925857543943,659.1464844,0.374,82.6,2048.0,68.55999755859375,72.5,27013.821138515836,15548678514.0,680011,29770202.04218574,2761594919.1768866,0.1014,0.3571,25.0,12.548520076708886,26.0
Bitcoin,2023-05-05,29534.38477,472.4840624999997,998.6579056597571,0.1855,53.0,76.0,24.0,187.4600067138672,18.5,37.349998474121094,33674.37891,6163.75,17.190000534057617,37.462886810302734,101.20999908447266,1.102292776107788,823.3984375,0.3631,91.0,2017.4000244140625,71.33999633789062,75.30000305175781,27074.852949106353,17936566518.0,652054,25724804.124775995,2510385337.6027164,0.116,0.3525,33.0,11.86910838645494,49.0
Bitcoin,2023-05-06,28904.62305,383.5455468750006,1023.8366378447746,0.1818,54.333333333333336,53.0,15.8,187.53667195638022,18.55666669209798,36.746665954589844,33655.81641,6197.226725333333,17.12000020345052,37.4692268371582,101.26333363850912,1.1021510760718587,1351.160156,0.3843,57.2,2020.36669921875,71.94666544596355,75.87000274658203,27153.23391940822,15913866714.0,619770,32521180.410668418,1400151899.5226257,0.1185,0.3687,40.0,10.860963744757658,33.0
Bitcoin,2023-05-07,28454.97852,323.66746093750044,1001.8590487576478,0.1939,55.666666666666664,49.0,16.2,187.61333719889322,18.613333384195965,36.143333435058594,33637.25391,6230.703450666667,17.049999872843426,37.47556686401367,101.31666819254558,1.1020093760359293,716.1503906,0.3729,78.6,2023.3333740234375,72.55333455403645,76.44000244140625,27137.405532135457,11301355486.0,482095,36809638.64957858,6275070589.277977,0.1137,0.3533,49.0,10.644749724275902,37.0
Bitcoin,2023-05-08,27694.27344,231.57472656249956,1026.9503108999586,0.1818,57.0,102.0,29.0,187.69000244140625,18.670000076293945,35.540000915527344,33618.69141,6264.180176,16.979999542236328,37.48190689086914,101.37000274658205,1.101867676,1353.136719,0.3765,70.8,2026.300048828125,73.16000366210938,77.01000213623047,27171.278009581132,19122903752.0,552358,41744197.067098685,2648208726.2818136,0.2181,0.3477,54.0,9.51011924,41.0
Bitcoin,2023-05-09,27658.77539,139.97050781250073,985.4394907017472,0.1789,59.0,93.0,29.4,189.02000427246097,18.729999542236328,35.130001068115234,33561.80859,6250.839844,17.709999084472656,37.25364685058594,101.61000061035156,1.0996140241622925,445.7988281,0.3742,70.6,2036.199951171875,73.70999908447266,77.44000244140625,27069.514819637538,14128593256.0,586519,38255911.88,2281077965.487694,0.2419,0.3219,42.0,9.835625734,34.0
Bitcoin,2023-05-10,27621.75586,39.25738281250233,1017.837925517694,0.1594,59.0,93.0,20.4,188.75,18.37000084,34.130001068115234,33531.32813,6370.959961,16.940000534057617,37.23462677001953,101.4800033569336,1.096467137336731,1439.017578,0.3802,82.2,2030.5,72.55999755859375,76.41000366210938,26992.66753433819,20656025026.0,686423,38971069.437675245,3137536935.187247,0.243,0.3198,40.0,10.16736464120567,37.0
Bitcoin,2023-05-11,27000.78906,3.5105468750007276,1005.143448,0.1574,59.0,98.0,22.2,187.1300048828125,17.770000457763672,35.74000168,33309.51172,6428.25,16.93000030517578,37.10147476196289,102.05999755859376,1.098406195640564,840.1152344,0.3666,75.4,2014.699951171875,70.87000274658203,74.98000336,26930.300453571028,16724343943.0,596717,31079349.01717088,2770395978.8569636,0.2118,0.32,35.0,10.513986363984497,34.0
Bitcoin,2023-05-12,26804.99023,-56.85109375,1017.434401100078,0.1571,57.0,112.0,13.8,186.80999755859375,17.37000084,37.31999969482422,33300.62109,6360.609863,17.030000686645508,36.66397857666016,102.68000030517578,1.0912145376205444,1177.216797,0.3525,39.4,2014.5,70.04000091552734,74.16999816894531,26738.862952193293,19313599897.0,604937,27932158.246966112,3169630069.1899667,0.2003,0.303,32.0,11.525289871336582,18.0
Bitcoin,2023-05-13,26784.07813,-64.1471875,967.5897563786438,0.1441,57.0,48.0,13.4,186.9433339436849,17.42000071258789,36.59999974568685,33316.61458,6376.293294,17.060000737763673,36.88906606038412,102.59666697184245,1.0892329216003418,319.609375,0.3509,43.6,2015.6666666666667,70.39666748046875,74.52333323263021,26587.14561276491,9999171605.0,553742,27237496.705574512,991289460.9544857,0.2021,0.2974,18.0,12.327716440042472,24.0
Bitcoin,2023-05-14,26930.63867,-73.25933594,933.4491376194547,0.1397,57.0,38.0,15.6,187.07667032877603,17.470000585175782,35.87999979654948,33332.60807,6391.9767249999995,17.090000788881834,37.11415354410808,102.51333363850911,1.087251305580139,489.6210938,0.3626,34.2,2016.8333333333333,70.75333404541016,74.8766682963151,26484.64304559552,10014858959.0,565005,31630058.255630765,1215289911.1348636,0.1997,0.2992,5.0,12.854855526930097,15.0
Bitcoin,2023-05-15,27192.69336,-78.21085938,929.6491992180652,0.1407,57.0,71.0,14.6,187.2100067138672,17.520000457763672,35.15999984741211,33348.60156,6407.660156,17.12000084,37.33924102783203,102.43000030517578,1.0852696895599363,880.25,0.342,52.2,2018.0,71.11000061035156,75.23000336,26365.54915329679,14413231792.0,579485,27603389.649954077,2763003238.264736,0.0915,0.3011,28.0,13.328739738991906,30.0
Bitcoin,2023-05-16,27036.65039,-74.14265625,893.2712151,0.1418,55.0,43.0,14.6,184.8699951171875,17.62000084,35.97999954223633,33012.14063,6469.540039,17.989999771118164,37.072940826416016,102.55999755859376,1.0873701572418213,420.3574219,0.347,46.6,1988.4000244140625,70.86000061035156,74.91000366210938,26226.308188936135,12732238816.0,625496,30101350.309985295,3008826127.9431024,0.0827,0.3087,41.0,13.85791053159229,9.0
Bitcoin,2023-05-17,27398.80273,-40.94957031,891.3077856937655,0.1476,60.0,51.0,15.0,184.22999572753903,16.989999771118164,36.439998626708984,33420.76953,6587.25,16.87000084,37.24414063,102.87999725341795,1.0865668058395386,865.7832031,0.3482,44.0,1980.699951171875,72.83000183105469,76.95999908447266,26189.45954902495,15140006925.0,627113,29549110.27574375,2465971974.3540215,0.0732,0.3032,38.0,13.43253761415409,24.0
Bitcoin,2023-05-18,26832.20898,-57.09007813,902.7447853763535,0.1433,64.0,63.0,16.2,181.83999633789065,16.950000762939453,36.02000045776367,33535.91016,6814.709961,16.049999237060547,37.04441452026367,103.58000183105467,1.0838346481323242,1051.425781,0.3421,41.0,1956.5,71.86000061035156,75.86000061035156,26083.81438818739,15222938600.0,603811,26859030.93,2512673144.6409097,0.0652,0.3128,19.0,13.351426784926224,24.0
Bitcoin,2023-05-19,26890.12891,-68.67738281,868.8636009298283,0.1502,65.0,49.0,13.8,183.63999938964844,17.219999313354492,35.849998474121094,33426.62891,6745.990234,16.809999465942383,37.072940826416016,103.1999969482422,1.0775396823883057,428.4082031,0.3401,49.6,1978.699951171875,71.55000305175781,75.58000183105469,26011.60896178562,11258983301.0,664491,28738962.120203372,2554604959.7346253,0.0629,0.2983,31.0,13.07950211688937,23.0
Bitcoin,2023-05-20,27129.58594,-79.62261719,829.0791193901977,0.1391,65.66666666666667,40.0,11.2,183.49666849772134,17.329999287923176,35.73999913533529,33379.945316666664,6765.096842333333,16.94333267211914,37.174390157063804,103.1999969482422,1.079117973645528,311.8808594,0.3307,37.2,1977.3999837239583,71.69666798909505,75.71666717529297,26006.442218798344,7044911360.0,559902,24375940.640033692,920228012.3,0.0615,0.2996,26.0,12.395642213640636,7.0
Bitcoin,2023-05-21,26753.82617,-110.7020312,809.7874747016122,0.1397,66.33333333333333,51.0,11.4,183.35333760579428,17.439999262491863,35.62999979654948,33333.26172333334,6784.203450666667,17.0766658782959,37.275839487711586,103.1999969482422,1.0806962649027507,558.9960938,0.3421,44.6,1976.1000162760417,71.8433329264323,75.85333251953125,25898.22529,8647416921.0,542208,27415847.97,791504500.9000937,0.0587,0.3051,17.0,12.724484111967602,11.0
Bitcoin,2023-05-22,26851.27734,-140.2760937,787.3740837,0.1434,67.0,55.0,12.6,183.2100067138672,17.549999237060547,35.52000045776367,33286.57813,6803.310059,17.209999084472656,37.377288818359375,103.1999969482422,1.0822745561599731,496.0,0.3351,47.0,1974.800048828125,71.98999786376953,75.98999786376953,25839.024637030663,11056770492.0,604303,26059060.50144273,2534089158.369676,0.0559,0.2966,37.0,12.53263306795374,18.0
Bitcoin,2023-05-23,27225.72656,-121.2413281,775.3119281228186,0.1368,65.0,29.0,13.2,183.42999267578125,17.65999984741211,35.11000061035156,33055.51172,6715.419922,18.530000686645508,36.79713058,103.48999786376952,1.0811045169830322,618.5039063,0.3426,43.4,1972.4000244140625,72.91000366210938,76.83999633789062,25877.15576685107,13697203143.0,636984,28129493.49646429,3180993164.421833,0.072,0.298,24.0,11.647677369516316,21.0
Bitcoin,2023-05-24,26334.81836,-135.0380859,799.8718183015459,0.1381,61.0,75.0,12.4,181.9499969482422,17.559999465942383,35.86000061035156,32799.92188,6733.939941,20.030000686645508,36.52132034301758,103.88999938964844,1.076971173286438,1118.027344,0.3391,51.4,1962.800048828125,74.33999633789062,78.36000061035156,25808.00092669229,16299104428.0,617027,25204426.061596137,2711288352.175955,0.0676,0.3075,37.0,11.28812123349424,24.0
Bitcoin,2023-05-25,26476.20703,-142.0956641,792.8042442264356,0.1449,62.0,79.0,14.8,180.1999969482422,16.84000015258789,36.74000168,32764.65039,6903.080078,19.13999938964844,36.44523239135742,104.20999908447266,1.0757315158843994,700.9257813,0.3329,57.0,1943.0999755859375,71.83000183105469,76.26000213623047,25978.114513078755,13851122697.0,689359,27253825.798840698,3373192745.053606,0.0634,0.284,26.0,8.976315387395406,23.0
Bitcoin,2023-05-26,26719.29102,-135.4484766,777.0839912906188,0.1272,65.0,58.0,14.8,180.9199981689453,16.299999237060547,35.95000076293945,33093.33984,7126.310059,17.950000762939453,37.09196472167969,104.20999908447266,1.072443604469299,572.7207031,0.3383,47.2,1944.0999755859375,72.66999816894531,76.94999694824219,26137.48610022003,12711619225.0,738629,28022067.177655425,2636344924.8529816,0.1003,0.2875,22.0,7.029188987512083,22.0
Bitcoin,2023-05-27,26868.35352,-129.6379688,740.7024338770032,0.1297,65.25,62.0,11.6,181.1999969482422,16.19499945640564,36.882500648498535,33080.7001925,7153.7900392500005,17.827500343322754,36.984968185424805,104.19999885559082,1.0723975896835325,267.7421875,0.339,44.8,1947.5749816894531,71.86749839782715,76.09749794006348,26290.367575614124,7892015141.0,672783,25895617.414968994,1428456846.3702302,0.1038,0.2938,13.0,5.3303923573724585,16.0
Bitcoin,2023-05-28,28085.64648,-115.5910547,787.1306361447172,0.1341,65.5,53.0,13.2,181.47999572753906,16.089999675750732,37.81500053405762,33068.060545,7181.270019500001,17.704999923706055,36.87797164916993,104.18999862670898,1.0723515748977661,1390.697266,0.3502,59.6,1951.0499877929688,71.06499862670898,75.24499893188477,26220.85694698986,14545229578.0,647993,29018379.77947518,1186204873.240664,0.0993,0.2973,17.0,5.985652092920979,14.0
Bitcoin,2023-05-29,27745.88477,-90.66894531,792.9185985183087,0.1364,65.75,64.0,12.2,181.75999450683594,15.984999895095825,38.7475004196167,33055.4208975,7208.74999975,17.582499504089355,36.770975112915046,104.17999839782716,1.0723055601119995,868.1621094,0.3663,60.8,1954.5249938964844,70.26249885559082,74.39249992370605,26210.90236199266,15181308984.0,664954,30580345.09299447,2564600223.940437,0.1021,0.3291,25.0,6.090554173236988,21.0
Bitcoin,2023-05-30,27702.34961,-95.64601562,768.8713995,0.1599,66.0,57.0,12.0,182.0399932861328,15.880000114440918,39.68000030517578,33042.78125,7236.22998,17.459999084472656,36.66397857666016,104.16999816894533,1.0707669258117676,456.2578125,0.3612,52.0,1958.0,69.45999908447266,73.54000091552734,26202.767971927053,13251081851.0,713954,28992477.242635764,2717578997.358239,0.0999,0.3206,27.0,6.179623442565287,26.0
Bitcoin,2023-05-31,27219.6582,-129.4570313,782.8966287925723,0.1533,64.0,76.0,15.4,182.32000732421875,15.630000114440918,40.68000030517578,32908.26953,7168.120117,17.940000534057617,36.321590423583984,104.31999969482422,1.073306918144226,965.2246094,0.3518,54.6,1963.9000244140625,68.08999633789062,72.66000366210938,26210.23143186989,15656371534.0,709100,25853003.322265837,3431301491.791069,0.0888,0.3191,32.0,6.202854234931069,33.0
Bitcoin,2023-06-01,26819.97266,-174.6885156,775.1457814,0.152,68.0,51.0,12.4,183.7599945068359,15.5,40.5,33061.57031,7313.859863,15.649999618530272,36.96832275390625,103.55999755859376,1.0695186853408811,674.3847656,0.3405,49.2,1978.0,70.09999847,74.27999877929688,26211.82763760734,14678970415.0,678136,24808640.12866411,3687459597.7234793,0.0879,0.3063,26.0,6.196419324546363,23.0
Bitcoin,2023-06-02,27249.58984,-240.4350781,771.8651396699986,0.1422,75.0,60.0,13.8,181.0500030517578,14.31999969482422,39.599998474121094,33762.76172,7363.899902,14.600000381469728,37.60554885864258,104.0199966430664,1.0760787725448608,729.2167969,0.3471,48.6,1952.4000244140625,71.73999786376953,76.12999725341797,26240.08315488784,14837415000.0,721266,30128726.135265775,3105301689.675224,0.0674,0.2958,30.0,6.154303393997304,26.0
Bitcoin,2023-06-03,27075.12891,-296.9031641,742.3782602739273,0.1343,73.0,53.0,13.6,181.41333516438803,14.303333282470705,38.88333257039388,33696.12760666667,7379.483235333333,14.643333435058596,37.602377573649086,104.01333109537761,1.0740065177281697,359.0488281,0.3359,40.6,1954.2666829427083,71.87666575251302,76.32333119710286,26249.874864557027,8385597470.0,635282,23625499.65267871,2070061018.0407543,0.0655,0.307,19.0,6.1337017177927144,29.0
Bitcoin,2023-06-04,27119.06641,-321.8791406,720.6937361025754,0.1423,71.0,43.0,12.2,181.77666727701822,14.286666870117188,38.166666666666664,33629.493493333335,7395.066568666667,14.686666488647461,37.5992062886556,104.0066655476888,1.0719342629114788,438.7949219,0.3439,38.8,1956.1333414713542,72.01333364125651,76.51666514078777,26247.565753833533,9360912318.0,588801,26178919.49258366,1576273013.616206,0.0708,0.3024,18.0,6.124399734269582,13.0
Bitcoin,2023-06-05,25760.09766,-352.6762891,789.5595016041772,0.1386,69.0,79.0,16.0,182.13999938964844,14.270000457763672,37.45000076293945,33562.85938,7410.649902,14.729999542236328,37.59603500366211,104.0,1.0698620080947876,1684.814453,0.3371,51.0,1958.0,72.15000153,76.70999908447266,26004.142172628777,21513292646.0,610475,24355694.088398147,3039689264.928618,0.0764,0.3044,32.0,7.468576787618743,25.0
Bitcoin,2023-06-06,27238.7832,-330.4199219,867.3733318467359,0.1399,73.0,93.0,19.6,182.33999633789065,13.93999958,36.06999969482422,33573.28125,7452.02002,13.960000038146973,37.92890930175781,104.12999725341795,1.0711798667907717,1878.953125,0.3293,107.6,1965.5,71.73999786376953,76.29000091552734,26006.022071581305,21929670693.0,763100,27031043.47832711,3081878129.9350295,0.0821,0.2675,31.0,7.397611126,24.0
Bitcoin,2023-06-07,26345.99805,-348.4614844,890.0747623844691,0.1123,74.0,60.0,16.6,180.1499938964844,13.81000042,34.130001068115234,33665.01953,7234.930176,13.93999958,37.765968322753906,104.0999984741211,1.0698047876358032,1185.193359,0.3372,96.2,1942.699951171875,72.52999877929688,76.94999694824219,25943.16153466598,19530045082.0,734954,25121515.43373357,2879720193.292928,0.0921,0.3057,32.0,7.690037791,17.0
Bitcoin,2023-06-08,26508.2168,-326.5393359,865.8443943123641,0.1404,75.0,46.0,13.4,182.52999877929688,13.93999958,35.18000030517578,33833.60938,7382.350098,13.649999618530272,38.03435134887695,103.33999633789062,1.0707440376281738,550.8496094,0.3374,65.8,1963.5999755859375,71.29000091552734,75.95999908447266,25904.239655343597,11904824295.0,682296,27695869.968815308,2955188802.9258275,0.0884,0.2825,28.0,7.842555442984881,17.0
Bitcoin,2023-06-09,26480.375,-297.8630078,834.7822668168382,0.1229,76.0,48.0,9.6,182.0399932861328,13.68999958,33.70000076293945,33876.78125,7448.72998,13.829999923706056,38.206886291503906,103.55999755859376,1.078271746635437,430.9746094,0.3439,66.8,1962.199951171875,70.16999816894531,74.79000091552734,25854.69105308643,11015551640.0,676835,30334803.515606057,2312552076.438471,0.0887,0.2874,15.0,7.978920807112424,18.0
Bitcoin,2023-06-10,25851.24023,-235.27125,848.6698894995641,0.1262,76.66666666666667,76.0,8.8,181.98666381835938,13.693332989755046,34.583333333333336,33939.96354333333,7494.546712,14.22333335876465,38.23244603474935,103.58333079020183,1.077212969462077,1029.208984,0.3338,57.2,1959.8999837239583,69.15333302815755,73.80666605631511,25712.47351151284,19872933189.0,643676,26188014.77306707,2299022634.963496,0.0683,0.2859,5.0,8.714593226,15.0
Bitcoin,2023-06-11,25940.16797,-228.6926563,826.2258348924523,0.1249,77.33333333333333,55.0,11.2,181.93333435058594,13.696666399510091,35.46666590372721,34003.14583666667,7540.363444,14.616666793823242,38.25800577799479,103.60666402180989,1.0761541922887166,534.453125,0.3293,65.0,1957.6000162760417,68.1366678873698,72.82333119710286,25596.632635029233,10732609603.0,561469,27237566.629978757,1835728223.472706,0.0678,0.2694,11.0,9.253154293949214,13.0
Bitcoin,2023-06-12,25902.5,-181.4392578,796.6898935608486,0.1124,78.0,39.0,7.0,181.8800048828125,13.699999809265137,36.349998474121094,34066.32813,7586.180176,15.010000228881836,38.283565521240234,103.62999725341795,1.0750954151153564,412.7226563,0.3262,37.4,1955.300048828125,67.12000274658203,71.83999633789062,25480.099476747724,11677889997.0,617352,26511537.377856184,3092719402.6555953,0.0691,0.2706,10.0,9.652321342881418,12.0
Bitcoin,2023-06-13,25918.72852,-167.2822266,786.0682103,0.113,79.0,28.0,12.0,180.5399932861328,13.449999809265137,32.380001068115234,34212.12109,7654.120117,14.609999656677246,38.66698074,103.33999633789062,1.0762988328933716,647.9863281,0.3229,32.8,1944.5999755859375,69.41999816894531,74.29000091552734,25419.02475626924,14143474486.0,682607,24857915.761624184,3067091259.7365937,0.079,0.2707,12.0,9.960898418600909,16.0
Bitcoin,2023-06-14,25124.67578,-195.6283984,811.3239408286145,0.1127,79.0,59.0,11.8,180.63999938964844,12.84000015258789,33.65999984741211,33979.32813,7763.890137,13.880000114440918,38.954532623291016,103.01000213623048,1.078934907913208,1139.648438,0.3068,49.8,1955.300048828125,68.26999664,73.19999694824219,25176.82297112347,14265717766.0,633244,20934320.22248748,3287955132.691958,0.0662,0.27,12.0,11.294973257015243,30.0
Bitcoin,2023-06-15,25576.39453,-224.0411328,820.3822754122848,0.1119,80.0,94.0,17.4,181.91000366210935,13.0,33.06999969482422,34408.05859,7848.569824,14.5,39.31877517700195,102.12000274658205,1.084304690361023,938.140625,0.3095,91.2,1957.800048828125,70.62000274658203,75.66999816894531,25044.589795706735,15837384409.0,689182,24289275.439930815,4099477121.139975,0.0631,0.2477,12.0,11.883223170398912,16.0
Bitcoin,2023-06-16,26327.46289,-249.4209766,848.7704276149788,0.0954,81.0,61.0,13.0,181.6300048828125,12.399999618530272,32.99000168,34299.12109,7748.740234,13.539999961853027,39.18458557128906,102.3000030517578,1.0945948362350464,1217.816406,0.3192,106.6,1958.4000244140625,71.77999877929688,76.61000061035156,25016.505506879057,16324646965.0,765014,25815640.766585577,3776668075.903116,0.0787,0.2611,13.0,11.903123010174884,23.0
Bitcoin,2023-06-17,26510.67578,-272.235,830.6369930531946,0.1047,80.75,37.0,10.2,181.16000366210938,12.482499599456785,33.43000126,34237.80859,7758.04016075,13.625,38.99287986755371,102.36000251770018,1.0944670836130779,594.9023438,0.3283,64.2,1952.6750183105469,71.45999908447266,76.43250084026367,25092.11265521203,11090276850.0,662278,24576941.293343797,2175325693.612937,0.1005,0.2824,11.0,10.774434258841188,13.0
Bitcoin,2023-06-18,26336.21289,-298.3482813,796.3082904,0.1202,80.5,33.0,14.4,180.69000244140625,12.564999580383299,33.870000839999996,34176.49609,7767.3400875,13.710000038146973,38.80117416381836,102.42000198364258,1.0943393309911091,350.0351563,0.3374,78.2,1946.9500122070312,71.13999938964844,76.25500107017578,25135.79671456708,9565695129.0,661930,25864498.31277759,1950479880.7942493,0.1052,0.2874,12.0,9.939885851,19.0
Bitcoin,2023-06-19,26851.0293,-283.0453906,787.4133623,0.1235,80.25,36.0,15.6,180.22000122070312,12.647499561309814,34.31000042,34115.18359,7776.64001425,13.795000076293945,38.60946846008301,102.48000144958496,1.0942115783691406,671.7792969,0.332,87.4,1941.2250061035156,70.81999969482422,76.07750130008789,25208.025900454395,12826986222.0,614017,24358877.690667883,5228204127.288318,0.0981,0.2829,8.0,9.086503894,24.0
Bitcoin,2023-06-20,28327.48828,-221.4008594,854.0393888895294,0.12,80.0,48.0,16.8,179.75,12.729999542236328,34.75,34053.87109,7785.939941,13.880000114440918,38.417762756347656,102.54000091552734,1.0924304723739624,1720.177734,0.3436,102.6,1935.5,70.5,75.90000153,25037.56742225812,22211859147.0,746599,24496915.02753563,3897871059.861629,0.15,0.2945,12.0,10.774383583314393,25.0
Bitcoin,2023-06-21,30027.29688,-131.5391797,968.3165698,0.1282,80.0,55.0,17.0,179.49000549316406,12.979999542236328,33.25999832,33951.51953,7598.680176,13.199999809265137,38.23564147949219,102.06999969482422,1.0920368432998655,2453.919922,0.3634,122.0,1933.300048828125,72.52999877929688,77.12000274658203,24515.324103794184,33346760979.0,693078,23415578.90437153,5891685868.367508,0.1816,0.3337,12.0,15.837345741909733,34.0
Bitcoin,2023-06-22,29912.28125,-56.82800781,957.4968036694156,0.1572,80.0,95.0,27.2,177.7100067138672,12.960000038146973,34.93000030517578,33946.71094,7709.27002,12.90999984741211,38.10145187,102.38999938964844,1.0992635488510132,816.8398438,0.3993,134.6,1912.699951171875,69.51000213623047,74.13999938964844,24215.33252938657,20653160491.0,722789,27140370.526518404,4476871257.393661,0.2142,0.3761,24.0,18.99605960060131,48.0
Bitcoin,2023-06-23,30695.46875,38.37265624999782,999.4130476037432,0.1894,75.0,85.0,28.8,178.1999969482422,12.729999542236328,35.36000061035156,33727.42969,7656.029785,13.43999958,37.545501708984375,102.9000015258789,1.0958904027938845,1544.324219,0.3955,149.2,1919.0999755859375,69.16000366210938,73.84999847,23870.144182908756,24115570085.0,707501,25333271.066190463,4295642711.518616,0.2096,0.3723,17.0,22.775240001963688,40.0
Bitcoin,2023-06-24,30548.69531,107.0144140625016,964.7408265695472,0.1865,74.33333333333333,56.0,18.6,178.30332946777344,12.84666633605957,35.79666646321615,33723.19010666666,7579.986490666666,13.70999972,37.58703867594401,102.83000183105469,1.0941493113835654,514.0019531,0.4148,106.6,1920.63330078125,69.2300033569336,73.95999908172526,23660.480714379693,12147822496.0,683837,29007262.104907636,2769810821.7608957,0.2251,0.3875,21.0,25.4430974,36.0
Bitcoin,2023-06-25,30480.26172,133.80878906249927,946.7827764574369,0.1982,73.66666666666667,61.0,21.8,178.4066619873047,12.963333129882814,36.23333231608073,33718.95052333333,7503.943196333334,13.97999986,37.62857564290365,102.76000213623045,1.0924082199732463,713.328125,0.4184,86.2,1922.1666259765625,69.30000305175781,74.06999969345053,23660.14563685284,12703464114.0,656558,30195817.85050738,2222325691.744992,0.233,0.3852,25.0,26.952096420885866,39.0
Bitcoin,2023-06-26,30271.13086,143.19664062499942,927.7472321569056,0.1963,73.0,50.0,21.4,178.50999450683594,13.079999923706056,36.66999816894531,33714.71094,7427.899902,14.25,37.67011260986328,102.69000244140624,1.0906671285629272,680.2851563,0.4135,122.2,1923.699951171875,69.37000274658203,74.18000030517578,23598.403916920244,16493186997.0,692095,29036935.726409893,3515517320.669458,0.2309,0.3832,16.0,28.355364914839043,34.0
Bitcoin,2023-06-27,30688.16406,184.9549999999981,916.4893383421264,0.1946,75.0,62.0,25.2,177.69000244140625,12.880000114440918,39.29999923706055,33926.73828,7589.47998,13.739999771118164,38.053524017333984,102.48999786376952,1.091048002243042,770.1367188,0.4045,112.0,1914.0,67.69999694824219,72.26000213623047,23617.44546389379,16428827944.0,707936,27695094.947058152,3548784762.0,0.1886,0.378,31.0,29.562598017730217,44.0
Bitcoin,2023-06-28,30086.24609,196.5492578125013,906.8441735498318,0.1906,76.0,59.0,25.4,177.27999877929688,12.529999732971191,36.86000061035156,33852.66016,7658.100098,13.43000030517578,37.82347488,102.91000366210938,1.0957223176956177,781.4570313,0.3912,109.2,1912.300048828125,69.55999755859375,74.02999877929688,23710.965714779857,14571500779.0,627350,21378015.356990986,3880455108.003227,0.1971,0.3869,27.0,29.98519597201117,40.0
Bitcoin,2023-06-29,30445.35156,232.73496093749785,894.8586522248437,0.1974,79.0,38.0,14.2,177.08999633789062,12.210000038146973,35.41999816894531,34122.42188,7600.819824,13.539999961853027,37.62218475341797,103.33999633789062,1.0915838479995728,739.046875,0.4053,106.0,1909.199951171875,69.86000061035156,74.33999633789062,23820.849899078075,13180860821.0,726305,28907158.299600467,5186493187.0,0.1902,0.3735,22.0,30.402709341422103,37.0
Bitcoin,2023-06-30,30477.25195,270.75144531250044,949.2678835391406,0.1873,79.0,65.0,25.4,178.27000427246094,12.039999961853027,33.279998779296875,34407.60156,7744.589844,13.59000015258789,37.91933059692383,102.91000366210938,1.086802959442139,1656.587891,0.4147,172.4,1921.0999755859375,70.63999938964844,74.90000153,24061.36382722979,26387306197.0,753791,31268571.422430255,5253587194.577619,0.2003,0.3817,20.0,30.089358742384892,42.0
Bitcoin,2023-07-01,30590.07813,310.13015625000116,903.7790224381306,0.1932,80.0,58.0,21.0,178.336669921875,12.100000063578287,33.47999954223633,34411.22395666667,7764.4599610000005,13.583333333333334,38.059913635253906,102.9366683959961,1.0881187915802004,312.4238281,0.4059,98.4,1921.2999674479167,70.3566665649414,74.81666819666667,24331.895917762875,9086606733.0,622117,26154914.73,3141739113.8542585,0.2124,0.3818,28.0,29.577958850719643,32.0
Bitcoin,2023-07-02,30620.76953,326.98617187499985,875.0891703889785,0.1933,81.0,71.0,15.4,178.40333557128906,12.160000165303549,33.68000030517578,34414.846353333334,7784.330078,13.576666514078777,38.200496673583984,102.9633331298828,1.0894346237182617,502.1210938,0.4237,82.0,1921.4999593098958,70.07333374023438,74.73333486333333,24660.715106418014,10533418042.0,534333,33775253.848481484,1946218416.8312912,0.217,0.3834,29.0,28.690210110426563,27.0
Bitcoin,2023-07-03,31156.43945,362.9527734375006,868.9470589,0.1947,82.0,65.0,20.0,178.47000122070312,12.220000267028809,33.880001068115234,34418.46875,7804.200195,13.56999969482422,38.34107971191406,102.98999786376952,1.0907504558563232,789.0996094,0.4104,111.2,1921.699951171875,69.79000091552734,74.65000153,25021.21087500945,15271884873.0,655439,27990140.909918316,3558028612.0,0.215,0.3835,43.0,27.752754211198255,36.0
Bitcoin,2023-07-04,30777.58203,378.17863281250175,854.4395401727671,0.1946,80.5,63.0,20.2,178.15499877929688,12.34000015258789,33.89500045776367,34353.55469,7812.0151365,13.875,38.22605514526367,103.18000030517578,1.091309905052185,665.8417969,0.4168,94.2,1920.6499633789062,70.79000091552734,75.65000153,25668.934578572163,12810828427.0,645583,28640397.54593083,3086147729.6531544,0.21,0.3955,49.0,24.99635406061431,42.0
Bitcoin,2023-07-05,30514.16602,378.1996875000005,839.9593442229267,0.2036,79.0,88.0,20.6,177.83999633789062,12.460000038146973,33.90999984741211,34288.64063,7819.830078,14.18000030517578,38.11103057861328,103.37000274658205,1.0884946584701538,651.7167969,0.4174,112.0,1919.5999755859375,71.79000091552734,76.65000153,26318.68217181546,12481622280.0,716586,30309671.13015693,3050116810.1210313,0.1877,0.3878,46.0,22.064080251093017,27.0
Bitcoin,2023-07-06,29909.33789,352.7086328125006,891.9498319123605,0.1975,77.0,76.0,22.2,177.30999755859375,12.25,35.130001068115234,33922.26172,7760.950195,15.43999958,37.33462905883789,103.16999816894533,1.0856584310531616,1567.826172,0.4018,126.2,1908.699951171875,71.80000305175781,76.51999664,26858.71049279667,21129219509.0,709055,27125275.64271407,5006659381.325101,0.161,0.3808,28.0,19.50577593264645,50.0
Bitcoin,2023-07-07,30342.26563,346.17593750000015,875.1933707043347,0.1919,77.0,72.0,18.4,178.63999938964844,12.119999885559082,34.54999923706055,33734.87891,7738.359863,14.829999923706056,37.756378173828125,102.2699966430664,1.0890636444091797,657.359375,0.4118,92.6,1926.199951171875,73.86000061035156,78.47000122070312,27456.39991240581,13384770155.0,773326,34013005.20105904,3087879872.8603077,0.167,0.3693,29.0,16.669357403898132,33.0
Bitcoin,2023-07-08,30292.54102,329.70816406250015,833.6993687790251,0.1826,76.66666666666667,63.0,18.8,178.6866658528646,12.216666539510092,35.81666564941406,33804.718753333334,7717.719889,14.909999847412111,37.76596323649088,102.16999816894531,1.0916998783747356,294.2773438,0.4122,82.4,1925.7999674479167,73.56999969482422,78.21000162760417,28284.441718954775,7509378699.0,695972,34114021.65,1730543820.382496,0.1345,0.3773,34.0,12.379487333498234,33.0
Bitcoin,2023-07-09,30171.23438,318.84335937500146,798.5778457858805,0.1884,76.33333333333333,26.0,12.6,178.73333231608072,12.3133331934611,37.08333206176758,33874.55859666666,7697.079914999999,14.989999771118166,37.77554829915365,102.06999969482422,1.0943361123402913,341.9980469,0.4061,57.4,1925.3999837239583,73.27999877929688,77.9500020345052,29223.45838221391,7903327692.0,732590,33188679.628863256,1716596079.879573,0.1138,0.3757,33.0,7.212157426685597,25.0
Bitcoin,2023-07-10,30414.4707,322.5059375000019,815.871532,0.1869,76.0,54.0,18.2,178.77999877929688,12.40999984741211,38.349998474121094,33944.39844,7676.439941,15.06999969482422,37.785133361816406,101.97000122070312,1.0969723463058472,1040.689453,0.3983,86.0,1925.0,72.98999786376953,77.69000244140625,29819.26691435812,14828209155.0,679425,29651100.59188326,3569416296.3340926,0.11,0.3733,21.0,3.956370427432062,38.0
Bitcoin,2023-07-11,30620.95117,347.6887109374984,788.3247652280041,0.1849,78.0,53.0,18.0,179.4499969482422,12.640000343322754,32.43000030517578,34261.42188,7700.5,14.84000015258789,38.16854476928711,101.7300033569336,1.100594401359558,430.2167969,0.3929,85.2,1931.300048828125,74.83000183105469,79.40000153,29871.420968609546,12151839152.0,686922,26664260.80855869,3194618002.5341296,0.1129,0.3785,54.0,3.804922398627402,39.0
Bitcoin,2023-07-12,30391.64648,340.8059765625003,784.2393467295752,0.1886,78.0,69.0,18.6,181.8800048828125,13.119999885559082,32.689998626708984,34347.42969,7833.27002,13.539999961853027,39.021636962890625,100.5199966430664,1.101406455039978,731.1289063,0.4001,98.4,1956.199951171875,75.75,80.11000061035156,29949.32845126263,14805659717.0,752660,28532856.62423508,3887422552.2014422,0.1215,0.3833,30.0,3.4479364193900275,39.0
Bitcoin,2023-07-13,31476.04883,375.5823437500003,838.6625407,0.1922,79.0,89.0,26.4,182.0099945068359,12.729999542236328,30.040000915527344,34395.14063,8044.569824,13.609999656677246,39.52965545654297,99.76999664,1.1144545078277588,1546.164063,0.3887,141.2,1959.199951171875,76.88999938964844,81.36000061035156,29834.970794808076,23686079548.0,678891,23641573.30244331,5521099980.437031,0.1276,0.3778,52.0,4.448887824085357,48.0
Bitcoin,2023-07-14,30334.06836,391.9066015624994,894.1771583408072,0.1878,79.0,59.0,19.4,181.42999267578125,12.050000190734863,30.0,34509.03125,8017.970215,13.34000015258789,39.30919266,99.91000366210938,1.1223469972610474,1615.867188,0.4062,129.0,1960.0999755859375,75.41999816894531,79.87000274658203,29820.01645291121,20917902660.0,760021,27519041.33758514,5521099980.437031,0.1251,0.4013,43.0,4.478142041751701,46.0
Bitcoin,2023-07-15,30295.80664,390.22402343749854,840.6158155575353,0.2055,79.33333333333333,76.0,21.4,181.47332763671875,12.146666844685873,30.446666717529297,34534.471353333334,8050.266764333333,13.386666615804037,39.32516861130534,99.8866678873698,1.1224898497263591,144.3183594,0.3961,100.2,1957.5333251953125,74.99666595596354,79.41333516438802,29804.85873,8011667756.0,732135,27066441.91831429,1748986507.8810234,0.1301,0.3758,33.0,4.5184221989748155,30.0
Bitcoin,2023-07-16,30249.13281,382.44613281249985,805.4211590891399,0.1859,79.66666666666667,68.0,22.0,181.51666259765625,12.243333498636881,30.893333435058594,34559.91145666667,8082.5633136666665,13.433333079020182,39.34114456261068,99.8633321126302,1.1226327021916707,347.890625,0.4007,82.0,1954.9666748046875,74.57333374298177,78.95666758219402,29802.27182641931,8516564470.0,732664,29842687.815297592,1455153738.1824064,0.1252,0.3753,31.0,4.528338367163033,26.0
Bitcoin,2023-07-17,30145.88867,360.3325781250023,794.3637325470585,0.1852,80.0,94.0,18.2,181.55999755859375,12.34000015258789,31.34000015258789,34585.35156,8114.859863,13.479999542236328,39.357120513916016,99.83999633789062,1.1227755546569824,650.6171875,0.3917,109.8,1952.4000244140625,74.15000153,78.5,29765.47167,13240156074.0,703876,26196758.553088944,3277687845.728592,0.1289,0.3743,57.0,4.5959575931573085,38.0
Bitcoin,2023-07-18,29856.5625,299.72152343749985,785.9969313,0.1842,81.0,92.0,25.2,183.63999938964844,12.619999885559082,30.65999984741211,34951.92969,8225.259766,13.300000190734863,39.069557189941406,99.94000244140624,1.123759627342224,677.2285156,0.4003,112.0,1977.199951171875,75.75,79.62999725341797,29722.641598210997,13138897269.0,775244,31319782.33021599,3782011843.936848,0.1229,0.3719,49.0,4.8035474839137935,47.0
Bitcoin,2023-07-19,29913.92383,266.7957812,757.7051583409585,0.182,82.0,100.0,27.0,183.6699981689453,12.890000343322754,31.059999465942383,35061.21094,8206.990234,13.760000228881836,38.992881774902344,100.27999877929688,1.1228890419006348,389.9121094,0.3962,143.2,1977.5,75.34999847,79.45999908447266,29659.057938985283,12128602812.0,745057,28328021.50246617,3888838289.880678,0.1719,0.3645,37.0,5.051023923482006,87.0
Bitcoin,2023-07-20,29792.01563,246.71261718749884,743.4001860933901,0.1763,80.0,80.0,25.0,182.7400054931641,12.670000076293944,30.149999618530273,35225.17969,7829.399902,13.989999771118164,38.705318450927734,100.87999725341795,1.120523452758789,557.4355469,0.3907,108.2,1968.300048828125,75.62999725341797,79.63999938964844,29577.099578300385,14655207121.0,685150,24707512.102940787,3231336979.0233197,0.2115,0.3661,46.0,5.370580641947502,52.0
Bitcoin,2023-07-21,29908.74414,240.87246093750215,712.5963502563621,0.1774,81.0,75.0,25.8,182.17999267578125,12.229999542236328,29.649999618530273,35227.69141,7753.600098,13.600000381469728,38.64780807495117,101.06999969482422,1.113709807395935,312.1464844,0.378,88.0,1964.300048828125,77.06999969482422,81.06999969482422,29522.12926243844,10972789818.0,657357,21607034.364091497,3344069486.298063,0.1862,0.3635,27.0,5.514315792728212,43.0
Bitcoin,2023-07-22,29771.80273,250.1118749999987,685.0890495684077,0.1752,81.33333333333333,61.0,22.2,181.9199930826823,12.269999821980795,29.803333282470703,35288.8737,7763.140137,13.703333536783855,38.82353846232096,101.16333262125652,1.1133174101511638,327.4941406,0.3901,72.2,1962.9667154947917,77.62666575113933,81.62666575113933,29451.420719466096,7873300598.0,556589,26432278.228747528,1233142619.4203317,0.183,0.3663,26.0,5.708469776217888,41.0
Bitcoin,2023-07-23,30084.53906,268.0865234374978,678.2336375456644,0.1769,81.66666666666667,72.0,20.6,181.65999348958334,12.310000101725262,29.95666694641113,35350.05599,7772.680176,13.806666692097982,38.99926884969076,101.2566655476888,1.1129250129063923,589.1132813,0.3949,69.2,1961.6333821614583,78.18333180745442,82.18333180745442,29484.012750976686,9220145050.0,691587,28310247.069138404,1331395491.404565,0.1782,0.3616,41.0,5.148994894929829,44.0
Bitcoin,2023-07-24,29176.91602,265.0120312500003,712.5812069620455,0.1731,82.0,106.0,25.4,181.3999938964844,12.350000381469728,30.11000061035156,35411.23828,7782.220215,13.90999984741211,39.17499923706055,101.3499984741211,1.112532615661621,1159.099609,0.3976,78.4,1960.300048828125,78.73999786376953,82.73999786376953,29308.771103742627,15395817395.0,704020,28407356.75094424,3158620784.6818676,0.1824,0.3696,30.0,5.7935197559801885,26.0
Bitcoin,2023-07-25,29227.39063,282.91074218750146,682.4487323576137,0.1789,81.0,95.0,23.6,182.41000366210935,12.420000076293944,30.62999916,35438.07031,7854.25,13.859999656677246,39.50090026855469,101.3499984741211,1.1063170433044434,290.7265625,0.3818,94.2,1962.0999755859375,79.62999725341797,83.63999938964844,29165.530216676867,10266772793.0,734826,25712518.25357459,2621711162.0469837,0.1768,0.3484,36.0,6.32983563,34.0
Bitcoin,2023-07-26,29354.97266,263.4591015624974,673.8195818,0.1627,80.0,65.0,19.6,183.3000030517578,12.109999656677246,29.969999313354492,35520.12109,7804.200195,13.18999958,39.73094177246094,100.88999938964844,1.1050456762313845,561.640625,0.3786,95.4,1968.9000244140625,78.77999877929688,82.91999816894531,29084.32578584359,13497554655.0,737067,26926803.94113233,2649786000.868548,0.1323,0.3494,22.0,6.691161914211471,40.0
Bitcoin,2023-07-27,29210.68945,270.3086718750019,658.6621284422793,0.1631,77.0,68.0,19.2,180.4199981689453,12.289999961853027,29.12000084,35282.71875,7785.310059,14.40999984741211,39.242095947265625,101.7699966430664,1.1078368425369265,461.6152344,0.3709,87.8,1945.4000244140625,80.08999633789062,84.23999786376953,28965.325365490833,10770779217.0,713630,26347218.51898918,3329621508.9562607,0.0777,0.3528,27.0,7.119433213279014,28.0
Bitcoin,2023-07-28,29319.24609,266.34105468750204,639.8768313214022,0.1654,76.0,70.0,20.6,181.86000061035156,11.779999732971191,29.40999984741211,35459.28906,8006.649902,13.329999923706056,40.19104004,101.62000274658205,1.0978755950927734,395.6679688,0.3739,104.8,1960.4000244140625,80.58000183105469,84.98999786376953,28880.099470968675,11218474952.0,720574,26233809.358800165,2970637148.0,0.1063,0.3494,22.0,7.374843923,34.0
Bitcoin,2023-07-29,29356.91797,282.71492187499825,603.6483243966592,0.1622,76.33333333333333,81.0,19.0,182.02333577473956,11.90666643778483,29.099999745686848,35492.70312333333,8018.079915,13.429999987284344,40.197428386666665,101.70000203450522,1.0993925333023071,132.6777344,0.3804,64.0,1963.7666829427083,80.98666890462239,85.17999776204427,28810.110802663305,6481775959.0,694496,24706378.94273607,1601998854.3885684,0.1886,0.3538,31.0,7.580381561,38.0
Bitcoin,2023-07-30,29275.30859,281.85042968749985,587.9354418504691,0.164,76.66666666666667,58.0,13.2,182.1866709391276,12.03333314259847,28.78999964396159,35526.11718666667,8029.5099279999995,13.53000005086263,40.20381673333333,101.78000132242839,1.1009094715118406,383.6679688,0.3971,54.0,1967.1333414713542,81.39333597819011,85.36999766031902,28738.84635492578,8678454527.0,800500,31692642.53302064,1385049778.4566677,0.1918,0.3548,26.0,7.690560176757059,38.0
Bitcoin,2023-07-31,29230.11133,305.3255078125003,571.5325475665071,0.1645,77.0,63.0,15.0,182.3500061035156,12.15999984741211,28.479999542236328,35559.53125,8040.939941,13.630000114440918,40.21020508,101.86000061035156,1.1024264097213743,358.2949219,0.3841,127.6,1970.5,81.80000305175781,85.55999755859375,28686.907813437992,11656781982.0,677346,27510234.359162603,2707674657.111269,0.1885,0.3524,46.0,7.590425542538654,45.0
Bitcoin,2023-08-01,29675.73242,323.4963281249984,603.4737216242567,0.1625,77.0,104.0,27.2,180.4600067138672,11.829999923706056,28.350000381469727,35630.67969,8021.27002,13.93000030517578,39.702186584472656,102.3000030517578,1.0997591018676758,1018.708984,0.3817,100.6,1940.699951171875,81.37000274658203,84.91000366210938,28680.986245027845,18272392391.0,734323,26122899.546493188,3311090305.861862,0.1795,0.3514,39.0,7.398935015698313,59.0
Bitcoin,2023-08-02,29151.95898,331.9403515624981,634.7604758832383,0.1614,77.0,98.0,19.2,179.60000610351562,12.449999809265137,28.739999771118164,35282.51953,7744.379883,16.09000015258789,38.75324630737305,102.58999633789062,1.100788116455078,1041.488281,0.393,105.8,1937.4000244140625,79.48999786376953,83.19999694824219,28850.42166488844,19212655598.0,698941,29363951.078214865,3452200381.968956,0.1875,0.3581,25.0,5.502249225300396,45.0
Bitcoin,2023-08-03,29178.67969,355.4895703125003,619.1503526058641,0.1662,73.0,86.0,17.8,179.5399932861328,12.789999961853027,28.540000915527344,35215.89063,7768.470215,15.920000076293944,38.90661621,102.54000091552734,1.0944151878356934,416.21875,0.3887,86.8,1932.0,81.55000305175781,85.13999938964844,28826.97310891571,12780357746.0,716303,28247538.053915504,2401529886.0064983,0.2047,0.3496,29.0,5.281155835966605,35.0
Bitcoin,2023-08-04,29074.0918,356.9621484374984,604.6926265268738,0.1594,64.0,63.0,19.8,180.19000244140625,12.220000267028809,28.059999465942383,35065.62109,7816.52002,17.100000381469727,38.85868835449219,102.0199966430664,1.095158338546753,416.7421875,0.3695,82.6,1939.5999755859375,82.81999969482422,86.23999786376953,28799.968428175136,12036639988.0,641787,23104041.166844856,2095710323.802732,0.171,0.3508,29.0,5.061389082621122,30.0
Bitcoin,2023-08-05,29042.12695,345.45656249999956,571.8337223999542,0.16,66.66666666666667,73.0,21.2,180.05333455403647,12.226666768391928,27.9499994913737,35201.45703,7841.366699666667,16.656667073567707,38.839516957600914,102.02999877929688,1.0968613624572754,144.6679688,0.3735,74.4,1937.566650390625,82.52666727701823,85.93999735514323,28782.175372193713,6598366353.0,729623,28591503.046726555,1458134945.492416,0.0764,0.3475,19.0,4.783100851616206,46.0
Bitcoin,2023-08-06,29041.85547,320.61550781250116,545.0590480321003,0.1573,69.33333333333333,66.0,17.8,179.91666666666666,12.233333269755045,27.839999516805012,35337.29297,7866.213379333333,16.21333376566569,38.82034556070963,102.04000091552733,1.0985643863677979,196.9882813,0.3765,82.8,1935.5333251953125,82.23333485921223,85.63999684651692,28770.289476897426,7269806994.0,771973,30288540.36209772,1225095930.1023915,0.0725,0.3473,37.0,4.497728919773579,31.0
Bitcoin,2023-08-07,29180.57813,312.8382031250003,543.2791606726646,0.1569,72.0,11.0,5.0,179.77999877929688,12.239999771118164,27.729999542236328,35473.12891,7891.060059,15.770000457763672,38.80117416381836,102.0500030517578,1.1002674102783203,520.140625,0.3684,24.6,1933.5,81.94000244140625,85.33999633789062,28757.935705555163,13618163710.0,676210,27209670.747621182,2995072045.870703,0.0684,0.3471,17.0,4.357004507512874,8.0
Bitcoin,2023-08-08,29765.49219,290.04738281249956,580.4008221871171,0.1565,69.0,33.0,12.6,178.63999938964844,12.210000038146973,27.13999938964844,35314.48828,7770.47998,15.989999771118164,38.33149719238281,102.52999877929688,1.100315809249878,1062.982422,0.361,50.0,1924.0999755859375,82.91999816894531,86.16999816894531,28771.486250247235,17570561357.0,616643,23875114.96975787,3023308596.4169707,0.0711,0.3499,20.0,4.215393287897343,22.0
Bitcoin,2023-08-09,29561.49414,244.77355468750105,590.1318181469659,0.1584,67.0,77.0,19.6,177.7899932861328,12.329999923706056,28.559999465942383,35123.35938,7606.259766,15.960000038146973,38.42734909057617,102.48999786376952,1.0958904027938845,716.6347656,0.3865,122.4,1915.4000244140625,84.40000153,87.55000305175781,28782.053497817265,18379521213.0,735662,30918658.40601437,2775748042.4313436,0.0857,0.3646,39.0,4.066647139261586,41.0
Bitcoin,2023-08-10,29429.5918,178.52617187500073,571.8450588150397,0.1692,66.0,95.0,24.6,177.60000610351562,11.84000015258789,27.270000457763672,35176.14844,7624.02002,15.850000381469728,38.484859466552734,102.5199966430664,1.0977671146392822,334.1171875,0.3659,112.4,1914.4000244140625,82.81999969482422,86.40000153,28808.634130741204,11865344789.0,711323,24172398.41337492,3177865892.3686566,0.058,0.3598,30.0,3.725646936965744,39.0
Bitcoin,2023-08-11,29397.71484,117.61124999999812,549.8744017121797,0.1654,65.0,69.0,21.4,177.60000610351562,11.539999961853027,28.040000915527344,35281.39844,7531.759766,14.84000015258789,37.91933059692383,102.83999633789062,1.0981649160385132,264.2558594,0.3758,135.2,1912.9000244140625,83.19000244140625,86.80999755859375,28823.617060410437,10195168197.0,733810,28454990.936114777,2809095913.5786595,0.0654,0.3561,30.0,3.4983629252397876,34.0
Bitcoin,2023-08-12,29415.96484,35.13386718750189,518.2780437773812,0.1623,65.33333333333333,13.0,4.4,177.42000325520834,11.683333396911621,27.876667022705078,35290.14193,7575.196452,14.833333333333334,37.85862350463867,102.9566650390625,1.0969229936599731,107.5253906,0.3817,23.4,1912.1333414713542,82.96333567301433,86.60999806722005,28918.27131,6194358008.0,703004,31294824.65651836,1359189797.0128813,0.0638,0.3553,5.0,2.628167084115279,6.0
Bitcoin,2023-08-13,29282.91406,-48.47101562,493.80296587363966,0.1614,65.66666666666667,36.5,10.200000000000001,177.24000040690103,11.826666831970215,27.713333129882812,35298.88542,7618.633138,14.826666514078777,37.797916412353516,103.07333374023436,1.095681071281433,175.6269531,0.3672,46.300000000000004,1911.3666585286458,82.73666890462239,86.40999857584636,28927.782550485892,7329897180.0,650366,25585662.894784916,1306994332.9157224,0.0644,0.3556,19.5,2.5989539621399835,23.5
Bitcoin,2023-08-14,29408.44336,-94.5875,496.8276424183797,0.1614,66.0,60.0,16.0,177.05999755859375,11.970000267028809,27.549999237060547,35307.62891,7662.069824,14.81999969482422,37.73720932006836,103.19000244140624,1.094439148902893,536.1484375,0.3819,69.2,1910.5999755859375,82.51000213623047,86.20999908447266,28936.383931844684,14013695304.0,723900,32337872.752744462,3301793396.5727725,0.0676,0.3524,34.0,2.601229846641026,41.0
Bitcoin,2023-08-15,29170.34766,-104.6490625,486.3590664,0.1587,54.0,75.0,24.6,176.58999633789062,12.109999656677246,28.299999237060547,34946.39063,7573.290039,16.459999084472656,37.305870056152344,103.20999908447266,1.0909883975982666,350.2675781,0.3825,153.8,1902.5,80.98999786376953,84.88999938964844,28922.301166182657,12640195779.0,786113,31915144.915740907,2891347381.9467826,0.0699,0.3553,42.0,2.635155738142927,52.0
Bitcoin,2023-08-16,28701.7793,-134.0854297,488.7760806279652,0.1606,49.0,97.0,27.8,175.57000732421875,12.43000030517578,28.540000915527344,34765.73828,7445.410156,16.780000686645508,36.97038650512695,103.41999816894533,1.0904173851013184,520.1972656,0.3749,120.4,1896.0999755859375,79.37999725341797,83.44999694824219,28815.864245626643,14949271904.0,669749,30586968.731064703,2674220840.0809736,0.0614,0.3494,38.0,3.1906085850181864,38.0
Bitcoin,2023-08-17,26664.55078,-176.9292578,692.2089275473962,0.1558,46.0,224.0,35.0,175.3000030517578,12.890000343322754,29.299999237060547,34474.82813,7329.02002,17.889999389648438,37.05665588378906,103.44000244140624,1.0874884128570557,3336.835938,0.3606,135.0,1884.0999755859375,80.38999938964844,84.12000274658203,27917.89919446511,31120851211.0,769086,28424682.20544334,4488093404.198382,0.0583,0.3392,56.0,8.455379540803511,45.0
Bitcoin,2023-08-18,26049.55664,-239.5295313,724.1421068297251,0.1479,43.0,269.0,38.0,175.3300018310547,12.630000114440918,28.43000030517578,34500.66016,7304.580078,17.299999237060547,36.80743789672851,103.37999725341795,1.0874648094177246,1139.273438,0.3255,103.2,1886.0999755859375,81.25,84.80000305175781,27161.800948310774,24026236529.0,783855,23433019.422335666,3939445599.5442023,0.0665,0.2851,47.0,12.579741719025597,41.0
Bitcoin,2023-08-19,26096.20508,-305.7141016,704.3491717436733,0.1072,43.0,120.0,23.8,175.49000040690103,12.723333358764648,28.586666742960613,34488.337243333335,7373.666666666667,17.24333254470703,36.83619435628255,103.36333211263019,1.0874963601430256,447.0410156,0.3156,87.6,1888.5,81.07333374023438,84.6866683959961,26618.07826217698,10631443812.0,628343,23221911.614093293,1189729725.0193284,0.0897,0.2682,51.0,15.318700580104707,40.0
Bitcoin,2023-08-20,26189.58398,-371.7083203,672.3504586,0.0943,43.0,106.0,29.0,175.6499989827474,12.816666603088379,28.74333318074544,34476.014326666664,7442.753255333333,17.186665852353517,36.864950815836586,103.34666697184244,1.087527910868327,256.3671875,0.3248,69.4,1890.9000244140625,80.89666748046875,84.57333374023438,26196.087514457715,9036580420.0,691316,27190186.429498125,1116745349.641239,0.0915,0.2698,35.0,17.282913940665193,35.0
Bitcoin,2023-08-21,26124.14063,-421.9132031,651.0478030595959,0.0952,43.0,146.0,35.0,175.80999755859375,12.90999984741211,28.899999618530273,34463.69141,7511.839844,17.12999916,36.893707275390625,103.33000183105467,1.087559461593628,374.1132813,0.3269,91.4,1893.300048828125,80.72000122070312,84.45999908447266,25829.304829418244,13371557893.0,739287,27340334.701749604,2438814198.6056805,0.0902,0.2721,39.0,18.71852610716926,41.0
Bitcoin,2023-08-22,26031.65625,-455.9749609,648.4571954749819,0.0966,43.0,167.0,38.4,176.10000610351562,12.579999923706056,28.559999465942383,34288.82813,7492.649902,16.969999313354492,36.81702423095703,103.55999755859376,1.0898351669311523,614.7792969,0.3178,95.6,1896.4000244140625,80.34999847,84.02999877929688,25486.434277651155,14503820706.0,633631,24046155.91841951,2805355085.877931,0.103,0.271,38.0,20.140226013527485,48.0
Bitcoin,2023-08-23,26431.64063,-454.9778906,672.2745665571259,0.0953,50.0,139.0,31.4,177.88999938964844,12.670000076293944,28.469999313354492,34472.98047,7665.640137,15.979999542236328,37.401729583740234,103.36000061035156,1.0846692323684692,981.9003906,0.3183,88.4,1918.5,78.88999938964844,83.20999908447266,25260.64576293031,16985265785.0,652036,23718914.635402244,4105797823.468731,0.1184,0.2669,44.0,20.865454590023504,26.0
Bitcoin,2023-08-24,26162.37305,-454.3928125,669.9681243030454,0.092,40.0,137.0,35.0,177.85000610351562,12.529999732971191,28.87999916,34099.42188,7432.439941,17.200000762939453,37.25794219970703,103.9800033569336,1.086578607559204,639.984375,0.3219,106.2,1918.199951171875,79.05000305175781,83.36000061035156,25015.42034462487,12871532023.0,660102,23333266.492939506,2313068104.144735,0.1224,0.2802,94.0,21.68397706642088,104.0
Bitcoin,2023-08-25,26047.66797,-443.6163281,655.0626165,0.1013,47.0,8.0,1.8,177.6199951171875,12.09000015258789,28.809999465942383,34346.89844,7499.399902,15.68000030517578,37.296287536621094,104.08000183105467,1.079913616,461.2910156,0.3172,8.6,1911.0999755859375,79.83000183105469,84.48000336,24780.723259542527,12406045118.0,706946,22467915.225991677,2858717862.4006195,0.1298,0.2714,1.0,22.409276265595103,3.0
Bitcoin,2023-08-26,26008.46289,-440.3598047,617.0942767428045,0.0944,46.333333333333336,40.0,10.799999999999999,177.78999837239584,12.130000114440918,28.759999593098957,34417.92578333333,7510.436523333334,15.480000178019205,37.41770044962565,104.07333374023438,1.0798552829811199,123.5058594,0.3158,42.6,1913.3666585286458,79.92000071070312,84.46000162964843,24570.10777019455,6034817316.0,747932,23075478.39895876,1073303915.6180044,0.1262,0.2692,15.0,22.956472344828395,18.5
Bitcoin,2023-08-27,26089.69336,-421.9210937,587.3214991629613,0.0924,45.666666666666664,72.0,19.8,177.96000162760416,12.170000076293945,28.709999720255535,34488.95312666667,7521.4731446666665,15.28000005086263,37.53911336263021,104.06666564941406,1.0797969499622395,200.2753906,0.3038,76.6,1915.6333414713542,80.00999959035157,84.43999989929688,24407.114787909853,6913768611.0,606069,19271798.243833873,1002187515.6825593,0.1249,0.2682,29.0,23.14622819963048,34.0
Bitcoin,2023-08-28,26106.15039,-416.3039453,568.0827146245355,0.0914,45.0,116.0,25.8,178.1300048828125,12.210000038146973,28.65999984741211,34559.98047,7532.509766,15.079999923706056,37.660526275634766,104.05999755859376,1.0797386169433594,317.9785156,0.306,79.4,1917.9000244140625,80.09999847,84.41999816894531,24323.25096218865,11002805166.0,636935,19666378.699688364,2246551929.4792953,0.1247,0.2704,46.0,22.57779240799858,41.0
Bitcoin,2023-08-29,27727.39258,-383.0096484,682.984591,0.0927,49.0,129.0,35.8,179.8699951171875,12.5,27.62999916,34852.67188,7766.359863,14.449999809265137,38.13978958129883,103.5500030517578,1.082555651664734,2176.708984,0.3301,266.4,1936.5,81.16000366210938,85.48999786376953,24386.128007041643,29368391712.0,767879,26890150.788067795,3820977847.299794,0.1286,0.2709,41.0,21.52220099783212,41.0
Bitcoin,2023-08-30,27297.26563,-372.2499609,683.5537720327628,0.0928,50.0,113.0,29.8,180.32000732421875,12.390000343322754,26.62999916,34890.23828,7812.0,13.880000114440918,38.01518249511719,103.16000366210938,1.0869210958480835,690.953125,0.3368,233.4,1944.300048828125,81.62999725341797,85.86000061035156,24442.07257052656,16343655235.0,665354,22094413.287385218,3567436419.2072315,0.1451,0.3134,36.0,20.412084822028255,54.0
Bitcoin,2023-08-31,25931.47266,-374.7773828,756.3819624232798,0.1237,52.0,142.0,29.6,180.02000427246094,11.779999732971191,26.559999465942383,34721.91016,7837.290039,13.56999969482422,37.545501708984375,103.62000274658205,1.0932546854019165,1703.148438,0.34,234.4,1938.199951171875,83.62999725341797,86.86000061035156,24404.606302891552,20181001451.0,742110,24961857.55441304,3250990938.6592855,0.1389,0.3036,53.0,19.53836032408312,51.0
Bitcoin,2023-09-01,25800.72461,-404.2269141,756.8732340805456,0.1161,55.0,148.0,39.6,180.11000061035156,11.279999732971191,27.479999542236328,34837.71094,7824.810059,13.09000015258789,37.986427307128906,104.23999786376952,1.0844104290008545,763.2597656,0.3234,205.8,1939.800048828125,85.55000305175781,88.55000305175781,24408.690876305143,17202862221.0,769950,25120794.91081459,3524505655.3517632,0.1352,0.267,63.0,18.293761280246105,85.0
Bitcoin,2023-09-02,25868.79883,-412.230625,718.3245320926495,0.0888,56.0,131.0,30.0,179.74250030517578,11.299999713897705,27.772499561309814,34788.7753925,7846.62756375,13.320000171661377,37.90974521534668,104.38249778747559,1.0821357170005697,217.1914063,0.3206,149.6,1936.4000244140625,85.83500289916992,88.9225025177002,24469.85528760229,10100387473.0,774348,25144099.92728905,1174633058.1708584,0.1506,0.2628,123.0,16.673587327291685,166.0
Bitcoin,2023-09-03,25969.56641,-445.0138672,686.3097217646031,0.0854,57.0,102.0,22.6,179.375,11.319999694824219,28.0649995803833,34739.839845,7868.4450685,13.550000190734863,37.83306312356446,104.52499771118164,1.0798610050002848,270.1171875,0.3239,137.6,1933.0,86.12000274658203,89.29500198364258,24661.19228988083,8962524523.0,696368,26107291.39871566,1051592645.0544312,0.1512,0.2647,94.0,14.042359286696184,104.0
Bitcoin,2023-09-04,25812.41602,-467.2744922,667.6090273528456,0.0865,58.0,97.0,20.2,179.00749969482422,11.339999675750732,28.357499599456787,34690.9042975,7890.26257325,13.78000020980835,37.756381031782226,104.66749763488771,1.077586293,424.5,0.3204,127.2,1929.5999755859375,86.40500259399414,89.66750144958496,24921.973849841044,10680635106.0,730142,25039640.940702755,1552988196.9131672,0.1476,0.2674,71.0,10.878777087758072,69.0
Bitcoin,2023-09-05,25779.98242,-465.3891406,639.0931482,0.0881,59.0,108.0,24.4,178.63999938964844,11.359999656677246,28.649999618530273,34641.96875,7912.080078,14.010000228881836,37.67969894,104.80999755859376,1.0794472694396973,268.3867188,0.3042,121.8,1926.199951171875,86.69000244140625,90.04000091552734,25242.465277099076,11094740040.0,753968,21245406.274935115,2284752211.240822,0.1299,0.2628,45.0,7.379011822806837,56.0
Bitcoin,2023-09-06,25753.23633,-433.9491797,632.6333697264332,0.0845,56.0,117.0,24.6,177.8300018310547,11.31000042,28.329999923706055,34443.19141,7796.160156,14.449999809265137,37.46882247924805,104.86000061035156,1.0726161003112793,548.65625,0.3056,140.2,1918.0999755859375,87.54000091552734,90.59999847,25201.095120268288,12752705327.0,757286,22504229.026187494,2224002154.793908,0.0993,0.2625,49.0,7.359791325402537,59.0
Bitcoin,2023-09-07,26240.19531,-418.1183594,644.6668120674022,0.0838,53.0,95.0,22.0,178.02000427246094,11.109999656677246,27.59000015258789,34500.73047,7758.609863,14.399999618530272,37.02790069580078,105.05999755859376,1.0724204778671265,801.1015625,0.3108,131.8,1917.5,86.87000274658203,89.91999816894531,25211.56958875565,11088307100.0,785059,24404908.237159327,2196838787.047706,0.093,0.2618,61.0,7.3499087838882495,64.0
Bitcoin,2023-09-08,25905.6543,-409.3207813,651.2281391072307,0.083,51.0,102.0,14.2,178.0800018310547,10.989999771118164,27.15999984741211,34576.58984,7779.830078,13.84000015258789,37.104583740234375,105.08999633789062,1.0697818994522097,736.5253906,0.3081,93.0,1918.4000244140625,87.51000213623047,90.65000153,25195.418872455302,10817356400.0,694292,22598608.962329462,1920704828.3515227,0.0772,0.2746,37.0,7.403213596733525,45.0
Bitcoin,2023-09-09,25895.67773,-400.8477734,612.6748735906428,0.0921,51.333333333333336,76.0,23.0,178.19000244140625,10.90999984741211,26.23000017827474,34605.63281,7833.396647,13.826666831970215,37.2579460144043,104.91666412353516,1.0704583724339805,111.4824219,0.3109,85.4,1920.0333658854167,87.4366683959961,90.64666748321615,25173.833489418503,5481314132.0,927787,25270696.568339124,1234753985.3551366,0.0552,0.2661,42.0,7.460072168588305,45.0
Bitcoin,2023-09-10,25832.22656,-392.3211719,593.0458926645255,0.0855,51.666666666666664,99.0,23.2,178.3000030517578,10.829999923706055,25.30000050913737,34634.67578,7886.963216,13.813333511352539,37.41130828857422,104.74333190917969,1.0711348454157512,337.8691406,0.3077,85.4,1921.6667073567708,87.36333465576172,90.64333343643229,25149.48636171116,7899553047.0,847065,24948509.55641232,1002287878.9629396,0.0542,0.2658,43.0,7.538863078525961,50.0
Bitcoin,2023-09-11,25162.6543,-408.6923438,618.8033568045594,0.085,52.0,152.0,24.6,178.41000366210938,10.75,24.37000084,34663.71875,7940.529785,13.800000190734863,37.56467056274414,104.56999969482422,1.071811318397522,953.6503906,0.3101,100.4,1923.300048828125,87.29000091552734,90.63999938964844,25018.901962856184,14600006467.0,719793,26180834.564799786,2325306660.6254573,0.0521,0.264,57.0,8.219339639,60.0
Bitcoin,2023-09-12,25833.34375,-402.0892187,668.8074976131622,0.0834,51.0,191.0,26.8,177.49000549316406,10.81999969482422,24.229999542236328,34645.98828,7818.160156,14.229999542236328,37.44964599609375,104.70999908447266,1.0750375986099243,1318.861328,0.2948,109.0,1911.300048828125,88.83999633789062,92.05999755859376,24995.28699869239,18657279324.0,784703,23588981.36153588,2684061967.895002,0.0594,0.2441,49.0,8.180427624031019,62.0
Bitcoin,2023-09-13,26228.32422,-384.3433203,663.5348359532935,0.0685,51.0,109.0,26.0,177.0800018310547,10.329999923706056,25.059999465942383,34575.53125,7851.040039,13.479999542236328,37.401729583740234,104.7699966430664,1.075326681137085,594.9902344,0.3066,104.8,1909.0999755859375,88.51999664,91.87999725341795,24996.946848595755,13072077070.0,802393,24786596.156285655,1902557899.098183,0.0589,0.2651,40.0,8.191959238914835,57.0
Bitcoin,2023-09-14,26539.67383,-360.3879688,659.2231958852011,0.0835,54.0,105.0,20.0,177.1699981689453,10.220000267028809,26.559999465942383,34907.10938,7869.080078,12.81999969482422,37.65093994140625,105.41000366210938,1.073422074317932,603.171875,0.3183,111.0,1910.0,90.16000366210938,93.6999969482422,25001.745846962393,13811359124.0,875176,27600711.13450581,2117764128.123977,0.0374,0.2754,41.0,8.336031964790909,57.0
Bitcoin,2023-09-15,26608.69336,-333.6363672,654.9784586791153,0.0907,52.0,96.0,20.6,178.33999633789062,10.34000015258789,27.15999984741211,34618.23828,7707.810059,13.789999961853027,37.50716400146485,105.31999969482422,1.0637166500091553,599.796875,0.3342,108.2,1923.699951171875,90.76999664,93.93000030517578,25009.418645178477,11479735788.0,1017545,32037508.81394793,2619179658.315388,0.0438,0.2843,51.0,8.497506089,87.0
Bitcoin,2023-09-16,26568.28125,-290.2179687,628.2570620770357,0.0971,51.0,80.0,20.4,178.68999735514322,10.59333356221517,27.40999984741211,34620.25911333333,7702.060059,13.859999974568685,37.49118932097657,105.27999877929688,1.0647530953089397,280.8789063,0.323,86.8,1926.2999674479167,91.00666554666667,94.09666697184245,25016.410921916588,7402031417.0,876224,26464639.49322597,1401576877.966871,0.0448,0.2874,47.0,8.61930056,58.0
Bitcoin,2023-09-17,26534.1875,-279.8011328,595.7332596518902,0.0992,50.0,93.0,24.2,179.03999837239584,10.846666971842449,27.65999984741211,34622.27994666666,7696.310059,13.929999987284342,37.47521464048828,105.23999786376955,1.0657895406087239,172.9238281,0.3192,84.8,1928.8999837239583,91.24333445333333,94.26333363850911,25025.240867351065,6774210670.0,854606,25479813.230617564,887334572.3782663,0.0483,0.2842,46.0,8.708349233181604,57.0
Bitcoin,2023-09-18,26754.28125,-270.2403516,624.5536518196124,0.0965,49.0,112.0,26.2,179.38999938964844,11.100000381469728,27.90999984741211,34624.30078,7690.560059,14.0,37.45923996,105.1999969482422,1.0668259859085083,999.21875,0.3222,122.2,1931.5,91.48000336,94.43000030517578,25183.388361078396,15615339655.0,852484,27760078.561090413,2336439935.5773525,0.0485,0.2827,62.0,7.140836428,70.0
Bitcoin,2023-09-19,27211.11719,-254.3142578,637.5968340557114,0.0951,49.0,94.0,26.2,179.22000122070312,11.09000015258789,30.31999969482422,34517.73047,7677.799805,14.109999656677246,37.23877716064453,105.1999969482422,1.0692671537399292,807.1582031,0.3187,151.6,1932.0,91.1999969482422,94.33999633789062,25200.398992265476,13807690550.0,741822,25100244.17051251,2555774449.0871058,0.0505,0.2897,36.0,6.978729773379317,66.0
Bitcoin,2023-09-20,27132.00781,-253.1488281,628.8701907749463,0.1001,48.0,83.0,26.2,179.35000610351562,10.960000038146973,30.37999916,34440.87891,7518.069824,15.140000343322754,37.08540725708008,105.16000366210938,1.0682048797607422,515.4238281,0.3281,110.0,1945.5999755859375,90.27999877929688,93.52999877929688,25162.824462481753,13281116604.0,823616,26065716.14019558,2181950203.0414214,0.0505,0.3014,42.0,7.708581288832496,63.0
Bitcoin,2023-09-21,26567.63281,-249.8160547,638.4965108535216,0.1087,37.0,125.0,26.6,178.0500030517578,11.109999656677246,31.350000381469727,34070.42188,7336.490234,17.540000915527344,36.44319915771485,105.36000061035156,1.065303087234497,763.6386719,0.3253,113.2,1919.199951171875,89.62999725341797,93.3000030517578,25202.165735023205,13371443708.0,763149,24381114.451694295,2534569070.076726,0.0746,0.2992,30.0,7.689704405,56.0
Bitcoin,2023-09-22,26579.56836,-245.3436719,609.3571116407701,0.1068,33.0,93.0,18.2,178.6199951171875,10.869999885559082,30.61000061035156,33963.83984,7333.799805,17.200000762939453,36.87453842163086,105.58000183105467,1.0661548376083374,230.5449219,0.3145,97.2,1925.4000244140625,90.02999877929688,93.26999664,25238.195683315716,10578746709.0,757791,22706065.06682296,2068161118.5960553,0.0866,0.284,42.0,7.675546715941898,69.0
Bitcoin,2023-09-23,26579.39063,-244.8171484,573.9506047825008,0.0952,34.666666666666664,88.0,24.0,178.3133290608724,11.05666669209798,30.726666768391926,33978.18619666667,7353.346517,17.100000381469727,36.820220947265625,105.72000122070311,1.0657196442286174,113.6660156,0.3243,88.0,1922.4666748046875,89.91333262125652,93.27666473184244,25267.01763974487,7404700301.0,882768,27666483.92267294,1538409212.8550396,0.072,0.2837,56.0,7.679345409200483,55.0
Bitcoin,2023-09-24,26256.82617,-260.1432812,568.3118339051794,0.0947,36.333333333333336,84.0,23.0,178.00666300455728,11.243333498636881,30.84333292643229,33992.53255333333,7372.893228999999,17.0,36.76590347290038,105.86000061035156,1.0652844508488972,495.0078125,0.3198,107.6,1919.5333251953125,89.79666646321614,93.2833328236849,25311.725923264617,8192867686.0,685778,25269067.88255642,1366636587.094463,0.0805,0.2841,56.0,7.501835033192503,64.0
Bitcoin,2023-09-25,26298.48047,-264.1362891,557.0066359476666,0.0947,38.0,118.0,27.8,177.6999969482422,11.43000030517578,30.959999084472656,34006.87891,7392.439941,16.899999618530273,36.71158599853515,106.0,1.0648492574691772,410.0390625,0.3154,103.8,1916.5999755859375,89.68000030517578,93.29000091552734,25366.65916898534,11997833257.0,635909,24661550.73070846,2772928955.5269485,0.0845,0.276,54.0,7.274052915496291,47.0
Bitcoin,2023-09-26,26217.25,-271.7163281,538.5898673085476,0.0885,24.0,98.0,22.4,176.27999877929688,13.630000114440918,31.299999237060547,33618.87891,7260.5,18.940000534057617,36.19398117,106.2300033569336,1.0591648817062378,299.171875,0.3123,118.8,1900.4000244140625,90.38999938964844,93.95999908447266,25424.452180574193,9985498161.0,624716,23061586.508741233,2486736225.1323237,0.1004,0.2761,60.0,7.0050600482746415,46.0
Bitcoin,2023-09-27,26352.7168,-287.9896094,550.5746591525799,0.0882,22.0,85.0,17.2,174.10000610351562,13.859999656677246,32.47999954223633,33550.26953,7262.100098,18.219999313354492,36.25149154663086,106.66999816894533,1.0569483041763306,706.3769531,0.3207,177.2,1871.5999755859375,93.68000030517578,96.5500030517578,25431.38703400021,11718380997.0,621414,26698372.824476056,2596845119.6675167,0.0978,0.2735,53.0,6.993631824591945,62.0
Bitcoin,2023-09-28,27021.54688,-288.8945313,577.8320216684671,0.086,29.0,101.0,26.0,173.22999572753906,13.09000015258789,31.62000084,33666.33984,7347.47998,17.34000015258789,36.34734344482422,106.22000122070312,1.0505305528640747,932.1777344,0.3171,167.0,1860.4000244140625,91.70999908447266,95.37999725341795,25467.34121295074,14079002707.0,639899,25747626.191917732,3339343687.4450903,0.0804,0.2775,50.0,7.129113075310444,45.0
Bitcoin,2023-09-29,26911.7207,-283.5459375,572.5707221296481,0.0886,28.0,90.0,22.8,171.4499969482422,12.93999958,32.24000168,33507.5,7369.919922,17.520000457763672,36.376102447509766,106.16999816894533,1.0562450885772705,504.1738281,0.3295,145.4,1848.0999755859375,90.79000091552734,95.30999755859376,25524.72791,10396435377.0,713902,25946534.412971754,3181198877.881475,0.1064,0.2965,41.0,7.065654402684005,52.0
Bitcoin,2023-09-30,26967.91602,-277.2744141,546.1603971114589,0.1023,28.0,72.0,22.8,170.8499959309896,13.33666642481364,32.16000112,33482.783853333334,7403.7700196666665,17.5500005086263,36.31539535500651,106.41333262125652,1.0563380718231201,202.8261719,0.3282,121.8,1842.066650390625,90.13333384195964,93.77666473388673,25603.100213247304,5331172801.0,625600,23854988.05610223,2222128127.2710333,0.1334,0.2931,46.0,6.887696373291353,34.0
Bitcoin,2023-10-01,27983.75,-246.6521484,584.4449781213547,0.0996,28.0,79.0,20.6,170.24999491373697,13.733333269627279,32.08000056,33458.06770666667,7437.620117333334,17.580000559488933,36.25468826250326,106.65666707356772,1.0564310550689695,1082.144531,0.3327,104.4,1836.0333251953125,89.47666676839192,92.24333190917969,25752.600621723213,9503917434.0,613394,24442856.98,1345571689.3055787,0.1337,0.2948,43.0,6.787886427876661,50.0
Bitcoin,2023-10-02,27530.78516,-213.4392187,624.6040421841151,0.1006,28.0,123.0,24.6,169.64999389648438,14.130000114440918,32.0,33433.35156,7471.470215,17.610000610351562,36.19398117,106.9000015258789,1.0565240383148191,1146.671875,0.3523,109.2,1830.0,88.81999969482422,90.70999908447266,25844.14157046452,19793041322.0,691873,28329529.39362417,3977522375.347073,0.1389,0.3204,47.0,6.716468327536732,60.0
Bitcoin,2023-10-03,27429.97852,-202.2095703,612.2172858227498,0.1193,20.0,97.0,24.4,169.16000366210938,15.31000042,33.25,33002.37891,7322.509766,19.780000686645508,35.714717864990234,107.0,1.0480751991271973,451.1894531,0.3543,95.8,1824.5999755859375,89.23000336,90.91999816894533,25889.12360246694,11407814187.0,676161,28995037.486792862,2624422331.3614283,0.1644,0.3104,45.0,6.814094048850238,59.0
Bitcoin,2023-10-04,27799.39453,-179.2712109,609.8126750050534,0.1115,20.0,89.0,24.6,169.13999938964844,14.579999923706056,35.349998474121094,33129.55078,7455.950195,18.579999923706055,35.60927963256836,106.8000030517578,1.0472300052642822,578.5527344,0.3387,82.4,1818.5,84.22000122070312,85.80999755859375,25863.750306046302,11143355314.0,638418,23240602.983478393,3581678809.9866757,0.1733,0.3069,36.0,7.455914120792456,51.0
Bitcoin,2023-10-05,27415.91211,-156.3925781,617.4160386207639,0.1087,20.0,95.0,24.0,168.8300018310547,14.699999809265137,36.59000015258789,33119.57031,7445.609863,18.489999771118164,35.743473052978516,106.33000183105467,1.0507071018218994,716.2597656,0.3478,99.0,1816.5999755859375,82.30999755859375,84.06999969482422,25883.868523767695,11877253670.0,687363,25110031.20892198,2623391572.8526564,0.181,0.3161,42.0,7.595201521534949,63.0
Bitcoin,2023-10-06,27946.59766,-102.1073437,647.3852055,0.1153,27.0,111.0,29.6,169.6999969482422,14.029999732971191,35.68000030517578,33407.57813,7630.089844,17.450000762939453,36.26108169555664,106.04000091552734,1.0546631813049316,1036.984375,0.3532,93.0,1830.199951171875,82.79000091552734,84.58000183105469,25870.48255678521,13492391599.0,679001,28870637.17,2403218204.4736915,0.1777,0.3064,43.0,8.186014941114044,58.0
Bitcoin,2023-10-07,27968.83984,-28.67910156,612.4054028796382,0.1078,27.666666666666668,95.0,24.0,170.74000040690103,14.413333257039387,37.06999969482422,33473.268233333336,7644.306640666667,17.533334096272785,36.20356877644857,106.05333455403645,1.0553578933080037,157.6679688,0.3637,97.8,1836.63330078125,83.98666636149089,85.77000173070313,25881.24220087502,6553044316.0,596825,31014954.909119453,1755532318.6164155,0.1802,0.3197,35.0,8.615182572338169,43.0
Bitcoin,2023-10-08,27935.08984,47.667890625001746,594.4841464239498,0.1175,28.333333333333332,72.0,21.4,171.7800038655599,14.796666781107584,38.459999084472656,33538.95833666666,7658.523437333333,17.61666742960612,36.14605585734049,106.06666819254556,1.056052605311076,361.5078125,0.355,74.6,1843.066650390625,85.18333180745442,86.96000163035156,25886.997545503997,7916875290.0,557949,27314613.07005192,1218999802.9064631,0.1785,0.3203,33.0,8.989587694896361,50.0
Bitcoin,2023-10-09,27583.67773,102.96882812500188,601.0858647597391,0.1178,29.0,134.0,21.4,172.82000732421875,15.18000030517578,39.849998474121094,33604.64844,7672.740234,17.700000762939453,36.08854293823242,106.08000183105467,1.056747317314148,686.9082031,0.3561,93.6,1849.5,86.37999725341797,88.15000153,25888.45335267792,12007668568.0,599404,27541014.33965035,2158065358.8911233,0.1724,0.3193,44.0,9.11003421,65.0
Bitcoin,2023-10-10,27391.01953,154.0237500000003,587.7364000894006,0.1167,32.0,157.0,22.6,172.52999877929688,14.489999771118164,39.540000915527344,33739.30078,7685.169922,17.030000686645508,36.606143951416016,105.83000183105467,1.0578875541687012,414.1933594,0.3553,87.4,1861.0,85.97000122070312,87.65000153,25895.919979260325,9973350678.0,629505,28707330.94272675,3821910974.178744,0.1845,0.3101,48.0,9.146103599732252,61.0
Bitcoin,2023-10-11,26873.32031,145.21609375000116,610.9706304401577,0.1097,34.0,175.0,27.4,173.7899932861328,14.380000114440918,38.939998626708984,33804.87109,7761.310059,16.09000015258789,36.83619308,105.81999969482422,1.0604791641235352,913.015625,0.3502,90.6,1872.800048828125,83.48999786376953,85.81999969482422,25932.275193153575,13648094333.0,607097,27666095.642274816,3864035732.270361,0.189,0.3055,52.0,8.985749668569113,64.0
Bitcoin,2023-10-12,26756.79883,113.33359375000146,593.2669526,0.106,35.0,134.0,23.8,173.25999450683594,13.979999542236328,38.52000045776367,33631.14063,7739.830078,16.690000534057617,36.42402267456055,106.56999969482422,1.0624282360076904,363.1191406,0.3445,98.0,1869.300048828125,82.91000366210938,86.0,25955.41235836193,9392909295.0,624747,28303571.441823736,2728907717.9103484,0.1931,0.2896,56.0,8.877699511371539,57.0
Bitcoin,2023-10-13,26862.375,90.55593749999753,579.9175274107738,0.094,26.0,101.0,22.4,178.8300018310547,18.90999984741211,44.24000168,33670.28906,7584.330078,19.31999969482422,36.289833068847656,106.6500015258789,1.0536741018295288,406.375,0.3304,161.0,1927.4000244140625,87.69000244140625,90.88999938964844,25990.74275889729,15165312851.0,662518,24087147.492945295,2421619646.7398853,0.1982,0.2873,41.0,8.717191073501555,55.0
Bitcoin,2023-10-14,26861.70703,78.95484374999796,549.5244228,0.092,29.0,90.0,16.8,178.54000345865884,18.013333002726238,43.06000137431315,33775.03906,7625.033365666666,18.616666158040363,36.379295349121094,106.51333363850911,1.0531678597132366,154.4140625,0.3336,116.4,1925.3000081380208,87.34666951497395,90.47666676976563,26087.296628953743,5388116782.0,612783,25258288.02604316,1560413913.392043,0.1818,0.2901,39.0,8.220025557854187,44.0
Bitcoin,2023-10-15,27159.65234,76.64105468749767,543.9352061921978,0.0937,32.0,110.0,36.0,178.25000508626303,17.116666158040363,41.8800010686263,33879.78906,7665.736653333333,17.91333262125651,36.46875762939453,106.37666575113931,1.0526616175969443,471.2753906,0.3432,116.4,1923.1999918619792,87.00333658854167,90.0633341498828,26209.878404066556,7098201980.0,571061,28431414.42470466,1303123391.7132046,0.1809,0.2903,51.0,7.623347665,47.0
Bitcoin,2023-10-16,28519.4668,108.40324218749812,670.6302640088264,0.0939,35.0,119.0,29.4,177.9600067138672,16.219999313354492,40.70000076293945,33984.53906,7706.439941,17.209999084472656,36.55821990966797,106.23999786376952,1.052155375480652,2317.666016,0.3389,286.8,1921.0999755859375,86.66000366210938,89.65000153,26297.72790836286,27833876539.0,652765,25518086.84010881,3676992091.010696,0.1807,0.2976,68.0,7.790530891748147,67.0
Bitcoin,2023-10-17,28415.74805,148.0920312499984,659.0542741689103,0.099,39.0,103.0,27.2,178.2899932861328,16.59000015258789,41.369998931884766,33997.64844,7629.470215,17.87999916,36.462371826171875,106.25,1.055431246757507,508.5664063,0.3654,176.8,1922.699951171875,86.66000366210938,89.90000153,26412.93097575517,14872527508.0,645537,30742974.361832604,4274499054.430531,0.1786,0.3333,53.0,7.673520154,50.0
Bitcoin,2023-10-18,28328.3418,146.11097656250058,663.0330983354168,0.1254,30.0,80.0,24.8,180.8699951171875,17.37999916,44.400001525878906,33665.07813,7463.27002,19.219999313354492,35.90642166137695,106.56999969482422,1.057305932044983,714.7578125,0.3596,124.2,1955.300048828125,88.31999969482422,91.5,26435.606594886085,12724128586.0,613906,26281695.00654422,4475389717.184453,0.1802,0.3313,47.0,7.965231945,43.0
Bitcoin,2023-10-19,28719.80664,158.2810156250016,666.7083290346727,0.1237,29.0,77.0,19.2,183.08999633789065,19.399999618530273,45.70000076293945,33414.17188,7476.040039,21.399999618530273,35.6955452,106.25,1.053851842880249,714.4863281,0.3575,128.4,1968.4000244140625,89.37000274658203,92.37999725341795,26450.003831600345,14448058195.0,649723,25797505.892024655,3055653663.5734344,0.1904,0.3284,40.0,8.489489929585375,39.0
Bitcoin,2023-10-20,29682.94922,210.28675781250055,726.4017352196961,0.1215,22.0,110.0,24.4,183.58999633789065,18.559999465942383,43.790000915527344,33127.28125,7335.899902,21.709999084472656,35.26420974731445,106.16000366210938,1.0586491823196411,1502.416016,0.3707,137.4,1982.5,88.75,92.16000366210938,26321.445124375547,21536125230.0,705226,26023036.304821745,5040684944.306745,0.2729,0.3377,35.0,10.352344809741398,40.0
Bitcoin,2023-10-21,29918.41211,244.04503906250105,732.0680733290036,0.128,23.0,67.0,21.8,183.38333129882815,18.133333206176758,43.10666783701823,33063.65755333333,7363.886555666667,21.26333300298177,35.254624684651695,105.95333607991536,1.0587650140126545,805.7304688,0.3942,96.0,1980.433349609375,87.66333262125652,91.38333638509114,26137.410687984288,11541146996.0,640544,28815660.222291578,1723876211.3422394,0.3039,0.3623,38.0,12.332316322139556,42.0
Bitcoin,2023-10-22,29993.89648,280.3550390625023,714.0004319305034,0.1465,24.0,81.0,21.4,183.17666625976562,17.706666946411133,42.423334758509114,33000.03385666667,7391.873209333333,20.816666921490885,35.24503962198893,105.74666849772136,1.0588808457056682,479.1210938,0.4001,78.4,1978.36669921875,86.57666524251302,90.60666910807292,26033.057729771455,10446520040.0,577606,28981484.98366903,1590687841.5072508,0.303,0.3674,40.0,13.904361391246075,20.0
Bitcoin,2023-10-23,33086.23438,410.6694140625005,975.6104736229674,0.1502,25.0,156.0,35.6,182.97000122070312,17.280000686645508,41.74000168,32936.41016,7419.859863,20.37000084,35.23545455932617,105.54000091552734,1.0589966773986816,4272.609375,0.4098,157.0,1976.300048828125,85.48999786376953,89.83000183105469,25324.66210098469,38363572311.0,660705,30814659.955034763,5176316934.0,0.3085,0.3688,49.0,20.77990062416483,32.0
Bitcoin,2023-10-24,33901.52734,544.0008203124999,1068.043430864184,0.151,33.0,156.0,54.4,182.9499969482422,16.049999237060547,41.08000183105469,33141.37891,7511.810059,18.969999313354492,35.68596267700195,106.2699966430664,1.0669853687286377,2269.671875,0.4322,256.2,1975.0,83.73999786376953,88.06999969482422,24748.99078277649,44934999645.0,755204,28536795.17404676,8364035569.836123,0.3367,0.4345,71.0,26.724558538467853,75.0
Bitcoin,2023-10-25,34502.82031,643.4280468750003,1093.5152170524566,0.2018,25.0,108.0,31.2,183.72000122070312,16.760000228881836,44.90999984741211,33035.92969,7258.540039,20.190000534057617,35.21628189086914,106.52999877929688,1.059535264968872,1424.648438,0.4623,151.0,1984.0999755859375,85.38999938964844,90.12999725341795,24353.985170712505,25254318008.0,812853,32725349.07621698,5410058415.255335,0.3878,0.4527,60.0,31.579277405357825,63.0
Bitcoin,2023-10-26,34156.64844,729.1425390625009,1091.877411370138,0.2164,22.0,109.0,29.4,184.0099945068359,16.530000686645508,43.93000030517578,32784.30078,7065.399902,20.68000030517578,35.04375076293945,106.5999984741211,1.056725025177002,1070.585938,0.472,123.4,1987.199951171875,83.20999908447266,87.93000030517578,24155.42727302832,19427195376.0,778594,33251001.232997146,5226498896.0,0.391,0.4645,57.0,34.726857167817165,66.0
Bitcoin,2023-10-27,33909.80078,800.0326953125004,1072.5521833258424,0.2257,21.0,99.0,21.0,186.1499938964844,17.690000534057617,46.63999938964844,32417.58984,7160.040039,21.270000457763672,35.014991760253906,106.55999755859376,1.0564459562301636,821.3242188,0.4665,121.0,1988.5999755859375,85.54000091552734,90.48000336,24099.57025964084,16418032871.0,801082,34005980.050704196,5100484102.689385,0.3561,0.4575,38.0,36.76781961389883,34.0
Bitcoin,2023-10-28,34089.57422,821.3777343750007,1033.411737195425,0.2205,23.666666666666668,76.0,23.4,185.7999979654948,17.406667073567707,45.763332366432294,32588.046873333333,7191.3733723333335,20.763333638509113,35.13640467325846,106.41333262125653,1.056379000345866,524.5859375,0.4664,95.4,1991.13330078125,84.46333312988281,89.4700012227474,24113.548078390937,10160330825.0,819540,34772370.76564866,2870949243.580533,0.357,0.4513,39.0,38.35769178495235,21.0
Bitcoin,2023-10-29,34538.48047,832.4515624999985,1016.4319925743232,0.2157,26.333333333333332,68.0,18.8,185.4500020345052,17.1233336130778,44.886665343216144,32758.503906666665,7222.706705666667,20.25666681925456,35.25781758626302,106.26666768391928,1.0563120444615681,795.6953125,0.4583,93.0,1993.6666259765625,83.38666534423828,88.45999908549479,24211.147920672516,11160323986.0,672955,30266520.889385495,1726351388.5867956,0.3619,0.4551,45.0,39.57324452739165,52.0
Bitcoin,2023-10-30,34502.36328,831.3975390625019,996.1840600690144,0.2184,29.0,90.0,22.8,185.1000061035156,16.84000015258789,44.00999832,32928.96094,7254.040039,19.75,35.37923049926758,106.12000274658205,1.0562450885772705,732.9609375,0.4726,98.0,1996.199951171875,82.30999755859375,87.44999694824219,24428.876899309613,17184860315.0,779588,35089903.58,4478036357.562357,0.3693,0.4646,53.0,40.015194041093224,44.0
Bitcoin,2023-10-31,34667.78125,853.4318359374993,970.452721,0.2257,30.0,68.0,24.8,184.08999633789065,16.229999542236328,41.99000168,33052.87109,7265.589844,18.13999938964844,35.17794418334961,106.66000366210938,1.061503529548645,635.9453125,0.4712,99.4,1985.199951171875,81.01999664,87.41000366210938,24809.245500061308,15758270810.0,782062,33982514.00176837,3801042795.0,0.3573,0.4626,42.0,39.57146554,30.0
Bitcoin,2023-11-01,35437.25391,892.1179297,998.0802609778748,0.2242,32.0,76.0,24.8,183.5099945068359,15.359999656677246,40.52000045776367,33274.57813,7423.180176,16.87000084,35.503841400146484,106.87999725341795,1.0579099655151367,1357.238281,0.4687,113.0,1978.800048828125,80.44000244140625,84.62999725341797,25257.101254488516,22446272005.0,796206,32922837.157770928,4737884154.795067,0.3382,0.4651,48.0,38.93563094208987,42.0
Bitcoin,2023-11-02,34938.24219,902.6378906249992,1035.2366374258838,0.2261,37.0,85.0,34.6,184.1199951171875,14.760000228881836,39.790000915527344,33839.07813,7529.290039,15.65999984741211,36.12688064575195,106.12000274658205,1.058705211,1518.269531,0.4748,113.8,1985.5999755859375,82.45999908447266,86.84999847,25839.239827800455,20998158544.0,806444,33351243.132835437,4431468530.768458,0.3493,0.4801,42.0,37.31785955354744,46.0
Bitcoin,2023-11-03,34732.32422,893.6348437500019,1019.0791097526064,0.2381,36.0,85.0,28.0,184.7899932861328,14.039999961853027,38.529998779296875,34061.32031,7646.25,14.90999984741211,36.86494827270508,105.0199966430664,1.061909317970276,809.03125,0.4647,99.4,1991.5,80.51000213623047,84.88999938964844,26551.048593966916,17158456701.0,789502,30526523.557337712,4845318003.346834,0.337,0.4689,37.0,34.88187853955961,35.0
Bitcoin,2023-11-04,35082.19531,889.7021484,991.9548765,0.2293,36.666666666666664,67.0,20.6,184.30999755859375,13.776666641235352,37.789999643961586,34072.833333333336,7653.689941333333,14.90333334604899,36.96399688720703,105.08666483561198,1.065677801767985,639.3398438,0.4784,85.8,1988.1999918619792,80.61333465576172,84.98666636149089,27308.30314661552,9561294264.0,957847,40679663.26,1702192684.1513855,0.3527,0.4649,27.0,32.238966975223946,31.0
Bitcoin,2023-11-05,35049.35547,869.2210937499985,974.3936465,0.2263,37.333333333333336,80.0,30.2,183.83000183105466,13.513333320617676,37.050000508626304,34084.34635666667,7661.129882666667,14.896666844685873,37.063045501708984,105.15333302815755,1.069446285565694,746.0976563,0.4782,69.6,1984.8999837239583,80.71666717529297,85.08333333333333,27872.88775532735,12412743996.0,891683,38240754.28128319,1792951507.376402,0.3404,0.4724,38.0,30.47074539151654,31.0
Bitcoin,2023-11-06,35037.37109,847.2065624999996,941.9843904547108,0.2319,38.0,80.0,23.0,183.3500061035156,13.25,36.310001373291016,34095.85938,7668.569824,14.890000343322754,37.16209411621094,105.22000122070312,1.073214769363403,520.6640625,0.4608,84.2,1981.5999755859375,80.81999969482422,85.18000030517578,28566.46226448227,12693436420.0,725183,30426194.06464776,3548525600.407826,0.3364,0.4725,32.0,27.98421756038684,42.0
Bitcoin,2023-11-07,35443.5625,846.7938281,970.8856170293744,0.2318,39.0,95.0,29.4,182.58999633789065,13.329999923706056,38.720001220703125,34152.60156,7817.169922,14.81000042,37.09499740600586,105.54000091552734,1.0721560716629028,1346.601563,0.4635,83.6,1966.800048828125,77.37000274658203,81.61000061035156,29408.74737332447,18834737789.0,737771,32192116.29713576,3993548211.335103,0.3294,0.4705,41.0,24.78904297775446,37.0
Bitcoin,2023-11-08,35655.27734,851.8240234375007,962.0093006344192,0.2301,39.0,73.0,34.4,180.77000427246097,14.06999969482422,40.439998626708984,34112.26953,7854.02002,14.449999809265137,36.84577941894531,105.58999633789062,1.0696102380752563,846.6171875,0.4755,106.4,1951.5,75.33000183105469,79.54000091552734,30311.139235976007,17295394918.0,837044,37138019.602830954,5080135349.873515,0.3316,0.478,38.0,21.25918160856249,41.0
Bitcoin,2023-11-09,36693.125,873.5763281250001,1060.019797017675,0.236,41.0,148.0,41.6,181.4900054931641,14.06000042,41.22999954223633,33891.94141,7789.25,15.289999961853027,36.500709533691406,105.91000366210938,1.07104229927063,2334.15625,0.478,150.8,1964.199951171875,75.73999786376953,80.01000213623047,31032.052092699618,37762672382.0,832393,42386514.038143665,6287696612.251723,0.3365,0.485,65.0,18.87984317435555,60.0
Bitcoin,2023-11-10,37313.96875,918.8815624999988,1065.0931597306983,0.2414,41.0,83.0,24.6,179.50999450683594,13.960000038146973,39.290000915527344,34283.10156,8000.009766,14.170000076293944,36.75951004,105.86000061035156,1.0667576789855957,1131.046875,0.4987,129.6,1932.5999755859375,77.16999816894531,81.43000030517578,31809.56932364787,22711265155.0,848433,41589897.60578385,5561958754.0,0.3856,0.5008,55.0,16.323897946720294,39.0
Bitcoin,2023-11-11,37138.05078,959.9875391,1034.2597755535055,0.2542,40.333333333333336,94.0,34.2,179.84332784016925,13.946666717529297,39.32666778564453,34301.35807,7995.726562666667,14.36666679382324,36.75631459535156,105.7933349609375,1.0675103267033894,633.4257813,0.5078,97.8,1936.8999837239583,77.53333282470703,81.79333241678385,32890.89569675708,13924272142.0,894325,42293293.39069208,2477252247.2700353,0.3867,0.5132,42.0,12.018713508751244,61.0
Bitcoin,2023-11-12,37054.51953,995.7044921875022,992.4250929246836,0.264,39.666666666666664,74.0,19.4,180.1766611735026,13.93333339691162,39.36333465576172,34319.61458,7991.443359333333,14.563333511352539,36.75311915070313,105.72666931152344,1.0682629744211833,448.5742188,0.5069,75.0,1941.1999918619792,77.89666748046875,82.15666452839193,33097.86741790805,11545715999.0,880975,44174930.492356926,1674082856.514645,0.3872,0.5058,37.0,11.902319098088372,35.0
Bitcoin,2023-11-13,36502.35547,1031.7318749999977,993.3598519122064,0.258,39.0,76.0,28.4,180.5099945068359,13.920000076293944,39.400001525878906,34337.87109,7987.160156,14.760000228881836,36.74992370605469,105.66000366210938,1.069015622138977,1005.511719,0.4854,88.6,1945.5,78.26000213623047,82.51999664,33241.68669168076,19057712790.0,670301,31884004.88571462,3848545071.0,0.3855,0.507,52.0,11.78048746535318,38.0
Bitcoin,2023-11-14,35537.64063,1025.292734374998,1051.323546,0.2587,46.0,107.0,27.0,182.1199951171875,13.729999542236328,38.290000915527344,34827.69922,8174.189941,14.15999984741211,37.72762298583984,104.11000061035156,1.0701825618743896,1804.851563,0.4859,108.0,1961.800048828125,78.26000213623047,82.47000122070312,33326.30462684406,23857403554.0,745056,34961118.48011874,3848545071.0,0.3685,0.4971,41.0,11.577374461326242,30.0
Bitcoin,2023-11-15,37880.58203,1043.632656,1160.5942409345046,0.2508,52.0,68.0,22.4,181.63999938964844,12.979999542236328,39.50999832,34991.21094,8174.319824,14.18000030517578,38.04393768310547,104.38999938964844,1.0878314971923828,2581.113281,0.4846,106.6,1960.0999755859375,76.66000366210938,81.18000030517578,33320.86832061175,27365821679.0,770577,38830543.630601875,4102614220.876732,0.3643,0.4785,37.0,12.59454920836862,36.0
Bitcoin,2023-11-16,36154.76953,1028.504063,1248.348391135611,0.2361,55.0,79.0,25.2,183.69000244140625,13.039999961853027,42.529998779296875,34945.46875,8180.819824,14.31999969482422,37.67969894,104.37000274658205,1.0854581594467163,2389.152344,0.5012,108.4,1983.9000244140625,72.90000153,77.41999816894531,33553.450473861965,26007385366.0,813390,45968659.957687706,4524130270.562707,0.3718,0.5206,36.0,11.88025935685255,43.0
Bitcoin,2023-11-17,36596.68359,1010.5042187500004,1216.555648911639,0.2691,58.0,85.0,26.0,183.6699981689453,12.970000267028809,40.43000030517578,34947.28125,8189.390137,13.800000190734863,37.72762298583984,103.81999969482422,1.0853756666183472,803.25,0.4869,120.8,1981.5999755859375,75.88999938964844,80.61000061035156,33773.687430285565,22445028430.0,760684,43669781.87,4171500786.0435615,0.3352,0.4888,48.0,11.308560654508623,31.0
Bitcoin,2023-11-18,36585.70313,999.0732812499992,1172.9422989893792,0.244,59.0,47.0,17.4,183.56999715169272,12.84333356221517,39.95333353678385,35015.20052,8231.803385666666,13.670000076293945,37.88418197631835,103.70333353678386,1.0871513684590657,605.96875,0.486,84.0,1980.2999674479167,76.45999908309896,81.18000030517578,33934.93721611752,11886022717.0,748237,46206459.474866785,1616474690.918638,0.3207,0.4964,36.0,10.948247802584316,19.0
Bitcoin,2023-11-19,37386.54688,1022.6626953125016,1167.3576928115665,0.2498,60.0,59.0,20.8,183.4699961344401,12.71666685740153,39.47666676839193,35083.119790000004,8274.216634333334,13.539999961853027,38.040740966796875,103.58666737874348,1.0889270702997844,1094.757813,0.4957,78.2,1978.9999593098958,77.02999877654948,81.75,34087.32504113403,12915986553.0,806772,46808749.511597805,1523180186.540294,0.3095,0.4963,20.0,10.859064185058914,33.0
Bitcoin,2023-11-20,37476.95703,979.2601953125012,1146.424219217883,0.2496,61.0,86.0,22.2,183.3699951171875,12.59000015258789,39.0,35151.03906,8316.629883,13.40999984741211,38.19729995727539,103.47000122070312,1.090702772140503,874.2890625,0.5011,126.6,1977.699951171875,77.59999847,82.31999969482422,34239.943930570254,20888209068.0,804527,45344546.35534511,4189953801.045328,0.3081,0.5124,35.0,10.74970146,32.0
Bitcoin,2023-11-21,35813.8125,948.8796875000008,1194.3459267737485,0.262,61.0,83.0,19.2,185.3500061035156,14.09000015258789,38.52000045776367,35088.28906,8282.740234,13.350000381469728,37.957664489746094,103.56999969482422,1.0945948362350464,1817.328125,0.4965,98.0,1999.300048828125,77.76999664,82.44999694824219,34280.91996836963,25172163756.0,779702,41691019.301160336,5018074298.874251,0.324,0.5133,51.0,10.621758115366555,40.0
Bitcoin,2023-11-22,37432.33984,957.4241796874994,1265.1789186113378,0.2627,65.0,58.0,22.4,184.55999755859375,13.350000381469728,42.75999832,35273.03125,8299.009766,12.850000381469728,37.88098907470703,103.91999816894533,1.0918222665786743,2186.007813,0.4809,112.4,1991.4000244140625,77.09999847,81.95999908447266,34426.67987101647,24397247860.0,777966,38112934.25756094,5032277994.118966,0.3373,0.4848,37.0,10.469381583085012,34.0
Bitcoin,2023-11-23,37289.62109,953.7490624999992,1226.2414735319564,0.2404,65.5,57.0,27.6,185.04000091552737,13.200000286102295,43.069999694057614,35331.589845,8289.909668,12.65500020980835,37.89057350235351,103.65999984741211,1.0890873670578003,720.0546875,0.4963,108.4,1996.7999877929688,76.31999969276367,81.37000274658203,34660.02591672028,14214948217.0,771284,42565103.66364608,3787901261.386496,0.3561,0.5103,34.0,9.853988514983609,33.0
Bitcoin,2023-11-24,37720.28125,951.4638281250008,1221.0623950653885,0.2604,66.0,79.0,27.4,185.52000427246097,13.050000190734863,43.380001068115234,35390.14844,8280.80957,12.460000038146973,37.90015793,103.4000015258789,1.0906314849853516,1153.734375,0.5058,85.2,2002.199951171875,75.54000091552734,80.58000183105469,34827.81245886304,22922957823.0,841609,43175803.34623592,4748926595.785043,0.3425,0.5084,23.0,9.622322306,27.0
Bitcoin,2023-11-25,37796.79297,958.6035938,1153.4873467571465,0.2587,65.66666666666667,63.0,20.0,185.93667093912762,13.136666933823243,43.55333455403646,35371.255209999996,8272.619791333333,12.536666552097982,37.849035899866536,103.33333333333334,1.0917689800262451,275.0117188,0.5054,75.8,2005.3999837239583,75.31333414713542,80.38000234070313,35039.72455382551,9099571165.0,861295,41000040.53691879,2730084336.6812563,0.3415,0.5157,35.0,9.180398266609403,29.0
Bitcoin,2023-11-26,37479.12109,983.1486718749948,1118.0633063637786,0.2642,65.33333333333333,77.0,22.4,186.3533376057943,13.22333367691162,43.72666803995768,35352.36198,8264.430012666668,12.613333066048991,37.79791386973307,103.26666514078777,1.0929064750671387,657.5507813,0.5014,84.4,2008.6000162760417,75.08666737874348,80.18000285035156,35322.51313658556,13744796068.0,817987,37350394.61475251,2065071069.316657,0.3543,0.517,46.0,8.277733195567697,46.0
Bitcoin,2023-11-27,37254.16797,969.4830078125016,1096.0035389449372,0.265,65.0,71.0,21.8,186.77000427246097,13.31000042,43.900001525878906,35333.46875,8256.240234,12.68999958,37.74679183959961,103.1999969482422,1.0940439701080322,809.2265625,0.491,85.6,2011.800048828125,74.86000061035156,79.98000336,35548.199044057306,19002925720.0,759608,33990153.118594855,5524499401.0,0.3619,0.5109,51.0,7.525650647783562,31.0
Bitcoin,2023-11-28,37831.08594,984.6266406249996,1123.245473663156,0.2601,65.0,70.0,18.6,189.2599945068359,15.539999961853027,43.13999938964844,35416.98047,8305.639648,12.68999958,38.063106536865234,102.75,1.095842361450195,1477.390625,0.4956,89.0,2039.699951171875,76.41000366210938,81.68000030517578,35737.375254109735,21696137014.0,713884,37326757.10887134,4427109260.402222,0.3406,0.506,60.0,7.069583554714587,29.0
Bitcoin,2023-11-29,37858.49219,987.8887109374992,1096.8336875979303,0.256,63.0,70.0,21.8,189.5399932861328,15.039999961853027,42.900001525878906,35430.42188,8265.599609,12.979999542236328,37.84264373779297,102.7699966430664,1.100594401359558,753.4804688,0.4932,99.8,2047.0999755859375,77.86000061035156,83.09999847,35760.558405917836,20728546658.0,646160,34687799.69065694,4699623330.221132,0.3296,0.5168,41.0,7.247593995245234,26.0
Bitcoin,2023-11-30,37712.74609,1007.6733203124968,1062.1036585730783,0.2643,64.0,61.0,23.6,188.75,14.220000267028809,39.400001525878906,35950.89063,8243.349609,12.920000076293944,37.91933059692383,103.5,1.0973695516586304,610.6132813,0.4931,100.2,2038.0999755859375,75.95999908447266,82.83000183105469,35757.08126787956,18115982627.0,701654,34288709.36377425,5759474247.362017,0.3297,0.5168,40.0,7.369847957752879,21.0
Bitcoin,2023-12-01,38688.75,1056.1067187500012,1080.864111532144,0.2642,64.0,64.0,21.8,192.0099945068359,16.959999084472656,35.70000076293945,36245.5,8210.730469,12.630000114440918,38.082279205322266,103.2699966430664,1.089205980300903,1324.75,0.5133,105.8,2071.0,74.06999969482422,78.87999725341797,35674.11194659159,23512784002.0,844580,44330443.88131468,5505329810.390505,0.3644,0.514,41.0,8.217353092354873,41.0
Bitcoin,2023-12-02,39476.33203,1122.0042968749983,1076.9697999941338,0.2619,63.666666666666664,67.0,25.2,190.62666320800778,17.016665776315104,36.493334452311196,36231.81380333333,8174.940267,12.78000005086263,37.938499450683594,103.39333089192708,1.0890755256017048,1026.34375,0.5045,76.8,2055.366658528646,73.72666676839192,78.59666442871094,35505.13766898046,15534035612.0,689877,33852262.01674702,2035583551.1119373,0.379,0.5315,36.0,9.745011830000315,34.0
Bitcoin,2023-12-03,39978.39063,1179.3898046875038,1059.860629,0.2757,63.333333333333336,78.0,26.4,189.2433319091797,17.073332468157552,37.286668141682945,36218.12760666667,8139.150065,12.929999987284344,37.79471969604492,103.51666514078777,1.0889450709025064,837.4414063,0.5306,86.4,2039.7333170572917,73.38333384195964,78.3133316040039,35385.43675,15769696322.0,777188,46347878.82500001,2543818325.3253436,0.3733,0.5446,43.0,11.265293801852556,28.0
Bitcoin,2023-12-04,41980.09766,1266.4492578124991,1155.1105394400952,0.2858,63.0,129.0,42.6,187.86000061035156,17.12999916,38.08000183105469,36204.44141,8103.359863,13.079999923706056,37.65093994140625,103.63999938964844,1.088814616203308,2393.121094,0.535,114.8,2024.0999755859375,73.04000091552734,78.02999877929688,35118.48754232582,39856129827.0,763939,46775809.09590795,6631870125.654376,0.3761,0.5533,50.0,14.284506350900946,80.0
Bitcoin,2023-12-05,44080.64844,1360.8843750000017,1285.9966169800884,0.2925,65.0,114.0,48.6,187.1499938964844,15.460000038146973,36.36000061035156,36124.55859,8155.009766,12.850000381469728,37.420894622802734,104.0500030517578,1.0837758779525757,2987.515625,0.5519,126.2,2018.5,72.31999969482422,77.19999694824219,34288.93944571887,36312154535.0,674260,46391610.44417968,7424874757.0,0.4262,0.5847,54.0,20.14561284920516,53.0
Bitcoin,2023-12-06,43746.44531,1428.8592968750015,1250.403108624368,0.3178,63.0,146.0,69.8,187.83999633789065,15.399999618530272,39.720001220703125,36054.42969,8072.0,12.970000267028809,37.37297058105469,104.1500015258789,1.0793657302856443,787.6875,0.5723,136.0,2030.5,69.37999725341797,74.30000305175781,34070.281484421095,29909761586.0,642605,50935074.844515406,7687976484.593285,0.4584,0.6179,70.0,23.054041336946597,71.0
Bitcoin,2023-12-07,43292.66406,1475.8666015624983,1244.0844155976272,0.3447,66.0,99.0,40.4,188.1499938964844,14.93000030517578,37.81999969482422,36117.37891,8230.009766,13.06000042,37.55508804321289,103.54000091552734,1.076669692993164,1161.941406,0.564,158.8,2029.9000244140625,69.33999633789062,74.05000305175781,34037.72972084808,27635760671.0,647634,38956627.59378403,6360147723.127843,0.49,0.6118,43.0,24.746750701876696,38.0
Bitcoin,2023-12-08,44166.60156,1522.4688281249985,1268.0940109120825,0.3402,65.0,83.0,35.6,185.63999938964844,14.140000343322754,36.24000168,36247.87109,8310.179688,12.350000381469728,37.39213562011719,104.01000213623048,1.079214334487915,1580.21875,0.5709,136.8,1998.300048828125,71.23000336,75.83999633789062,34010.42765155104,24421116687.0,682971,43486639.64278974,5745064612.0,0.4772,0.6039,42.0,26.57958078703747,45.0
Bitcoin,2023-12-09,43725.98438,1506.9206249999988,1229.9201641505051,0.334,65.66666666666667,91.0,27.8,184.9566650390625,14.09000015258789,35.92666753235351,36300.22395666667,8316.253255666667,12.443333625793459,37.465623219807945,104.04000091552736,1.078335205713908,733.6601563,0.5861,90.4,1991.5333658854167,71.26000213827474,75.90333048502605,34049.10723258793,17368210171.0,739198,49983455.17,3136020521.0,0.4763,0.6177,49.0,27.774153363502872,51.0
Bitcoin,2023-12-10,43779.69922,1472.9227343750026,1173.5929984076122,0.345,66.33333333333333,108.0,33.2,184.2733306884766,14.039999961853027,35.61333338470703,36352.57682333333,8322.326823333333,12.536666870117188,37.539110819498696,104.06999969482422,1.0774560769399006,441.3398438,0.5767,87.6,1984.7666829427083,71.29000091654947,75.96666463216145,34154.589539917884,13000481418.0,664453,44686549.54716012,2417173945.385429,0.4819,0.6101,40.0,28.60662418069735,50.0
Bitcoin,2023-12-11,41243.83203,1391.3075000000026,1345.0361324499256,0.3388,67.0,169.0,43.2,183.58999633789065,13.989999771118164,35.29999923706055,36404.92969,8328.400391,12.630000114440918,37.61259841918945,104.0999984741211,1.0765769481658936,3573.796875,0.5803,97.8,1978.0,71.31999969482422,76.02999877929688,34711.795644481994,40632672038.0,690909,47227552.40644524,8104950971.955434,0.4804,0.6097,43.0,26.989054223058705,31.0
Bitcoin,2023-12-12,41450.22266,1259.3008203124991,1347.5865649535024,0.3382,67.0,150.0,35.2,183.4900054931641,12.81999969482422,36.380001068115234,36577.94141,8427.0,12.06999969482422,37.62218475341797,103.87000274658205,1.076658010482788,1380.742188,0.5531,104.0,1977.800048828125,68.61000061035156,73.23999786376953,35030.59725,24779520132.0,688671,42108188.76068561,7010140693.869939,0.4634,0.5684,42.0,26.269858511031924,30.0
Bitcoin,2023-12-13,42890.74219,1130.1492187500044,1447.967100492538,0.3053,67.0,116.0,32.6,187.6300048828125,13.670000076293944,36.599998474121094,37090.23828,8527.05957,12.18999958,37.99601364135742,102.87000274658205,1.0798670053482056,2752.914063,0.5569,114.4,1982.300048828125,69.47000122070312,74.26000213623047,35391.08712615073,26797884674.0,617899,47685314.57453177,3795478024.1647553,0.4728,0.5719,49.0,25.692533940785268,30.0
Bitcoin,2023-12-14,43023.97266,1019.7115625000006,1460.524416975214,0.3083,70.0,117.0,36.2,188.72999572753903,13.960000038146973,33.97999954223633,37248.35156,8547.709961,12.479999542236328,38.55195617675781,101.95999908447266,1.0886130332946775,1623.769531,0.5641,123.0,2030.199951171875,71.58000183105469,76.61000061035156,35731.670252265176,25578530178.0,573978,53487706.78018544,4329637461.0,0.4475,0.5955,37.0,25.15689768388112,40.0
Bitcoin,2023-12-15,41929.75781,897.9480078,1455.833778,0.327,69.0,113.0,32.2,187.0,13.489999771118164,35.130001068115234,37305.16016,8611.570313,12.279999732971191,38.32191086,102.5500030517578,1.0993602275848389,1394.855469,0.5708,93.8,2021.0999755859375,71.43000030517578,76.55000305175781,36120.47472328445,19639442462.0,706714,61874809.91705933,5301820215.0,0.4294,0.5966,47.0,24.14349959186034,28.0
Bitcoin,2023-12-16,42240.11719,839.5556250000009,1419.1193673472503,0.3277,69.33333333333333,66.0,30.8,187.28333536783853,13.589999834696451,35.78333409627279,37305.44661666667,8651.616862333334,12.373333295314128,38.31551996989909,102.53666941324869,1.096082290013631,941.8320313,0.5584,91.6,2022.8333333333333,71.77666727701823,77.01666768391927,36622.64420523887,14386729590.0,636391,63958242.19172744,3552822420.327068,0.4286,0.5789,47.0,22.725910491452364,23.0
Bitcoin,2023-12-17,41364.66406,817.7776562500003,1395.2503500367327,0.3137,69.66666666666667,113.0,27.8,187.56667073567706,13.68999989827474,36.436667124430336,37305.73307333333,8691.663411666666,12.466666857657064,38.309129079798176,102.52333577473959,1.0928043524424236,1084.953125,0.5565,87.8,2024.5666910807292,72.12333424886067,77.48333231608073,37213.61790187801,16678702876.0,570690,64128658.06425429,2288390935.236568,0.43,0.5823,43.0,20.756871789405565,35.0
Bitcoin,2023-12-18,42623.53906,799.6945312499956,1452.0209723555377,0.3162,70.0,161.0,30.8,187.8500061035156,13.789999961853027,37.09000015258789,37306.01953,8731.709961,12.56000042,38.302738189697266,102.51000213623048,1.0895264148712158,2190.039063,0.56,129.4,2026.300048828125,72.47000122070312,77.94999694824219,37780.51131943521,25224642008.0,715198,59706278.14765298,4292902117.405886,0.43,0.5693,49.0,19.070486704707776,38.0
Bitcoin,2023-12-19,42270.52734,784.6347656,1457.445255580142,0.3057,82.0,124.0,26.4,189.1300048828125,13.75,35.040000915527344,37557.92188,8776.230469,12.529999732971191,38.628639221191406,102.16999816894533,1.092382788658142,1527.960938,0.5651,162.0,2038.4000244140625,73.44000244140625,79.23000336,38424.34264731541,23171001281.0,684666,62467181.34,5265539890.764674,0.431,0.5885,46.0,16.95409935518528,48.0
Bitcoin,2023-12-20,43652.25,808.8619531250006,1499.8969895565604,0.321,75.0,109.0,34.2,188.1000061035156,13.81999969482422,34.97999954223633,37082.0,8643.740234,13.670000076293944,37.933258056640625,102.41000366210938,1.0981045961380005,2051.769531,0.5572,158.8,2034.5,74.22000122070312,79.69999694824219,39243.34076297004,27868908174.0,659068,57630882.345314704,7190126134.124825,0.4198,0.5822,65.0,14.36566858202162,41.0
Bitcoin,2023-12-21,43869.15234,810.8935937499991,1457.8055751239488,0.316,77.0,75.0,30.8,189.42999267578125,14.270000457763672,35.439998626708984,37404.35156,8755.25,13.649999618530272,38.646217346191406,101.83999633789062,1.094570875167847,910.6171875,0.5702,161.6,2039.0999755859375,73.88999938964844,79.38999938964844,39916.373838563624,22452766169.0,699086,59081092.58587713,4308624956.614696,0.4453,0.6036,50.0,12.33169939614658,35.0
Bitcoin,2023-12-22,43997.90234,846.5849999999991,1419.8186255615235,0.3331,79.0,70.0,29.0,190.27000427246097,15.25,33.31999969482422,37385.96875,8728.230469,13.029999732971191,38.460655212402344,101.6999969482422,1.100618600845337,925.9882813,0.5837,129.6,2057.100098,73.55999755859375,79.06999969482422,40479.66951152925,21028503216.0,772558,60254531.70180586,5791592267.206111,0.4455,0.6082,30.0,10.689450555855409,41.0
Bitcoin,2023-12-23,43739.54297,865.0282031250026,1365.8561344499865,0.3367,79.5,57.0,20.6,190.6325035095215,15.394999980926514,33.62249946594238,37425.808595,8741.28295925,13.019999742507935,38.53634452819824,101.64249801635744,1.101298213005066,664.34375,0.5811,122.6,2057.375061292969,74.06249809265137,79.56999969482422,41024.87289659748,13507796558.0,683793,53244333.62,2403694866.5846877,0.4492,0.605,57.0,8.979705690005193,40.0
Bitcoin,2023-12-24,43016.11719,868.3433593750015,1351.0525154714155,0.3342,80.0,68.0,21.6,190.99500274658206,15.539999961853027,33.92499923706055,37465.64844,8754.3354495,13.009999752044678,38.61203384399414,101.58499908447266,1.101977825164795,1158.605469,0.5813,124.2,2057.6500245859374,74.56499862670898,80.06999969482422,41129.08770725133,18830554085.0,731313,56344289.05,2431478043.575155,0.4353,0.6047,56.0,8.725133697092936,32.0
Bitcoin,2023-12-25,43613.14063,859.9296875,1325.9290657056004,0.3339,80.5,58.0,22.6,191.35750198364258,15.684999942779543,34.22749900817871,37505.488285,8767.38793975,12.999999761581421,38.68772315979004,101.52750015258789,1.102657437324524,999.3242188,0.5635,127.4,2057.9249878789064,75.0674991607666,80.56999969482422,41148.73502669339,21115795370.0,572121,45016232.312319785,2721717821.872891,0.4447,0.5924,39.0,8.529688646995774,31.0
Bitcoin,2023-12-26,42520.40234,840.9523437499956,1369.552156994486,0.3242,81.0,82.0,29.6,191.72000122070312,15.829999923706056,34.529998779296875,37545.32813,8780.44043,12.989999771118164,38.76341247558594,101.47000122070312,1.1020255088806152,1926.6875,0.5623,98.6,2058.199951171875,75.56999969482422,81.06999969482422,41111.973576229895,30026850982.0,582914,44429205.61532214,5681935907.609517,0.4211,0.6025,43.0,8.427517257921863,26.0
Bitcoin,2023-12-27,43442.85547,819.7450000000026,1379.9825832805943,0.332,81.0,64.0,28.6,192.58999633789065,16.959999084472656,35.40999984741211,37656.51953,8796.259766,12.43000030517578,38.98804473876953,100.98999786376952,1.1043012142181396,1515.578125,0.5526,121.4,2081.899902,74.11000061035156,79.65000153,41112.13265562632,25260941032.0,647166,46783050.714829125,6902847757.699894,0.4399,0.5821,47.0,8.460288630285696,29.0
Bitcoin,2023-12-28,42627.85547,779.0521874999977,1387.5717179569804,0.316,81.0,97.0,25.4,191.47000122070312,16.049999237060547,36.45000076293945,37710.10156,8779.599609,12.470000267028809,39.290809631347656,101.2300033569336,1.110864281654358,1486.230469,0.5526,112.6,2073.899902,71.76999664,78.38999938964844,41123.36830135438,22992093014.0,593042,42422981.18148732,4984776519.626013,0.4458,0.5949,46.0,8.063947047855457,36.0
Bitcoin,2023-12-29,42099.40234,728.4992968750012,1409.9067180136246,0.3266,80.0,86.0,30.0,191.1699981689453,15.850000381469728,36.220001220703125,37689.53906,8716.330078,12.449999809265137,39.271278381347656,101.33000183105467,1.1068191528320312,1700.261719,0.5619,145.8,2062.399902,71.65000153,77.04000091552734,41061.39915019214,26000021055.0,703116,49093691.46371118,7532430670.960343,0.4461,0.5829,59.0,7.988750117844534,35.0
Bitcoin,2023-12-30,42156.90234,654.0822656,1382.6204122626514,0.3172,79.75,82.0,19.0,191.05749893188477,15.820000171661379,36.92750072479248,37695.91406,8664.81762675,12.637499809265137,39.15652084350586,101.54750061035156,1.1064071655273438,1027.898438,0.5549,138.2,2062.899902,71.33250046085449,76.75250053405762,41026.301321374376,16013925945.0,599027,49356320.35824165,4140609952.7479687,0.463,0.5678,41.0,7.788223793671115,29.0
Bitcoin,2023-12-31,42265.1875,606.9643750000032,1345.4820680831765,0.3055,79.5,79.0,22.4,190.94499969482422,15.78999996185303,37.635000228881836,37702.28906,8613.3051755,12.824999809265137,39.04176330566406,101.76499938964844,1.1059951782226562,862.6835938,0.561,126.0,2063.399902,71.01499939170898,76.46500015258789,41199.80329666761,16397498810.0,690255,56442917.345324256,5775726137.874888,0.4665,0.5747,45.0,7.205988536,34.0
Bitcoin,2024-01-01,44167.33203,589.2347656249985,1389.409130184378,0.3109,79.25,84.0,19.8,190.83250045776367,15.759999752044678,38.34249973297119,37708.66406,8561.79272425,13.012499809265137,38.927005767822266,101.98249816894533,1.1055831909179688,1960.460938,0.5665,117.4,2063.899902,70.69749832256348,76.17749977111816,41335.25760966838,18426978443.0,624628,50875146.64536134,3128005996.2158074,0.4792,0.577,40.0,7.185026906233186,37.0
Bitcoin,2024-01-02,44957.96875,618.8954687500009,1413.9066923140654,0.3126,79.0,116.0,42.8,190.72000122070312,15.729999542236328,39.04999923706055,37715.03906,8510.280273,13.199999809265137,38.81224822998047,102.1999969482422,1.1038745641708374,1722.757813,0.5706,199.0,2064.399902,70.37999725341797,75.88999938964844,41190.89852566708,39335274536.0,550846,43517765.64175245,6587808088.354585,0.4799,0.5967,42.0,8.320500243475996,48.0
Bitcoin,2024-01-03,42848.17578,656.9806249999965,1647.892430809489,0.328,76.0,106.0,33.2,189.1300048828125,14.850000381469728,38.220001220703125,37430.19141,8410.259766,14.039999961853027,38.59738540649414,102.45999908447266,1.0941756963729858,4689.707031,0.5866,220.6,2034.199951171875,72.69999694824219,78.25,41181.35257,46342323118.0,677059,49942736.51560193,5809292836.613322,0.47,0.6192,43.0,8.325721515524306,29.0
Bitcoin,2024-01-04,44179.92188,686.1087499999994,1679.8178040552398,0.3461,78.0,127.0,33.6,189.32000732421875,14.199999809265137,37.58000183105469,37440.33984,8366.259766,14.130000114440918,38.470420837402344,102.41999816894533,1.0927767753601074,2094.847656,0.5807,212.4,2042.300048828125,72.19000244140625,77.58999633789062,41286.71840633581,30448091210.0,675009,51742209.323741384,6758590235.967164,0.4788,0.5828,48.0,8.337135876208952,37.0
Bitcoin,2024-01-05,44162.69141,743.7244531249962,1671.8712756405798,0.3176,75.0,114.0,36.4,189.3500061035156,13.81000042,36.06999969482422,37466.10938,8415.030273,13.350000381469728,38.51925277709961,102.41000366210938,1.0947387218475342,1568.566406,0.586,239.8,2042.4000244140625,73.80999755859375,78.76000213623047,41367.77493688133,32336029347.0,645934,42917989.38384478,5502551749.201209,0.5976,0.6059,54.0,8.38838786,49.0
Bitcoin,2024-01-06,43989.19531,749.3184374999983,1606.2002247019668,0.338,75.33333333333333,80.0,30.4,188.8566691080729,13.726667086666666,36.31000010172526,37538.41016,8492.066731333334,13.260000228881838,38.55506261189779,102.3433354695638,1.0945670207341511,752.4765625,0.5859,192.4,2037.1333414713542,72.7966639190625,77.88000233968098,41671.71129424756,16092503468.0,572161,42219253.582897715,3514058610.2708097,0.5838,0.5991,41.0,7.565420053302963,22.0
Bitcoin,2024-01-07,43943.09766,727.3540625000023,1550.9959117768265,0.3328,75.66666666666667,93.0,30.6,188.3633321126302,13.643333753333334,36.550000508626304,37610.710940000004,8569.103189666666,13.170000076293947,38.59087244669596,102.27666727701823,1.0943953196207683,833.3398438,0.5721,189.6,2031.8666585286458,71.78333027953126,77.00000254313152,41747.33041,19330573863.0,510040,35888603.51598232,2570531900.0,0.5817,0.597,47.0,7.509458494,24.0
Bitcoin,2024-01-08,46970.50391,772.8225,1724.061772989196,0.331,76.0,122.0,46.0,187.8699951171875,13.56000042,36.790000915527344,37683.01172,8646.139648,13.079999923706056,38.62668228149414,102.20999908447266,1.0942236185073853,3973.917969,0.5781,325.4,2026.5999755859375,70.76999664,76.12000274658203,41426.645096896886,42746192015.0,534011,40680377.09676569,5368278467.614525,0.5714,0.5969,48.0,10.01736164509562,52.0
Bitcoin,2024-01-09,46139.73047,820.0911718749994,1790.1276731328248,0.3308,75.0,124.0,34.6,187.92999267578125,13.15999984741211,36.09000015258789,37525.16016,8669.570313,12.760000228881836,38.07976150512695,102.56999969482422,1.095170259475708,2648.984375,0.6157,434.4,2026.4000244140625,72.23999786376953,77.58999633789062,41288.31118,39821290992.0,618468,49538486.49160472,7313080325.294907,0.5878,0.6439,49.0,11.19022718386922,61.0
Bitcoin,2024-01-10,46627.77734,876.2120312500047,1888.266433087623,0.3681,76.0,107.0,35.2,187.5,13.260000228881836,36.349998474121094,37695.73047,8757.040039,12.68999958,37.99185943603515,102.36000061035156,1.093242645263672,3164.070313,0.6061,618.6,2021.699951171875,71.37000274658203,76.80000305175781,41119.821833110174,50114613298.0,605995,41930208.961562425,8570243218.0,0.5995,0.6324,50.0,12.55189035119509,45.0
Bitcoin,2024-01-11,46368.58594,907.0867187500044,1988.4421566170784,0.3592,74.0,150.0,56.8,187.8699951171875,12.800000190734863,36.779998779296875,37711.01953,8780.240234,12.43999958,38.14812469482422,102.29000091552734,1.0975141525268557,3290.726563,0.6265,699.6,2014.300048828125,72.01999664,77.41000366210938,41030.81305868027,45833734549.0,664879,55090803.641925655,10341488786.372932,0.5993,0.6411,187.0,13.46162228320638,85.0
Bitcoin,2024-01-12,42853.16797,871.2097656249971,2174.5796588230014,0.3662,73.0,182.0,51.6,189.7100067138672,13.489999771118164,40.63999938964844,37592.98047,8758.469727,12.699999809265137,38.284854888916016,102.4000015258789,1.0981649160385132,4594.367188,0.6066,496.2,2046.699951171875,72.68000030517578,78.29000091552734,40946.454388082195,43332698900.0,596693,53989678.34155952,14005870397.167002,0.5105,0.6329,179.0,13.657414678165308,43.0
Bitcoin,2024-01-13,42842.38281,781.9726563,2074.289370692787,0.36,72.75,137.0,32.8,189.26000595092773,13.504999876022339,40.0649995803833,37535.015625,8751.589844,12.984999895095825,38.05289936065674,102.64000129699707,1.0969669024149578,770.515625,0.5767,265.2,2041.5249633789062,72.61000061138184,78.29000091552734,40926.051265025206,20601860469.0,715186,48673245.39783319,2818743351.1125674,0.512,0.5701,58.0,13.71344529813152,40.0
Bitcoin,2024-01-14,41796.26953,688.7067187499997,2021.9104424290165,0.3104,72.5,100.0,36.0,188.81000518798828,13.519999980926514,39.489999771118164,37477.050780000005,8744.709961,13.269999980926514,37.82094383239746,102.88000106811523,1.0957688887914023,1340.984375,0.5556,174.0,2036.3499755859375,72.54000091758789,78.29000091552734,40695.09623866976,17521429522.0,616604,43605321.901035935,2706190809.4012694,0.507,0.5784,47.0,14.38093508712049,41.0
Bitcoin,2024-01-15,42511.96875,573.0843749999985,1992.7957456483723,0.3167,72.25,81.0,26.0,188.3600044250488,13.535000085830688,38.91499996185303,37419.085935,8737.830077999999,13.555000066757202,37.588988304138184,103.1200008392334,1.094570875167847,1614.304688,0.5414,160.2,2031.1749877929688,72.47000122379394,78.29000091552734,40693.96227648005,22320220558.0,568802,35351902.51078625,4996520831.943217,0.5038,0.5669,41.0,14.384322292409834,32.0
Bitcoin,2024-01-16,43154.94531,512.375,1956.1872883699175,0.3076,72.0,86.0,25.4,187.91000366210935,13.550000190734863,38.34000015258789,37361.12109,8730.950195,13.84000015258789,37.357032775878906,103.36000061035156,1.094570875167847,1480.277344,0.551,159.8,2026.0,72.40000153,78.29000091552734,40669.69575,24062872740.0,569684,38834220.32375118,11430042037.934734,0.4949,0.5716,48.0,14.434085373778563,42.0
Bitcoin,2024-01-17,42742.65234,499.3353906249977,1887.929770004209,0.3111,57.0,91.0,26.8,185.83999633789065,13.529999732971191,37.060001373291016,37266.67188,8681.129883,14.789999961853027,36.80033874511719,103.4499969482422,1.087878942489624,1000.582031,0.5541,161.8,2002.5999755859375,72.55999755859375,77.87999725341797,40683.79857012368,20851232595.0,647470,36774948.19774859,10222435916.695278,0.5091,0.5803,78.0,14.394042298811629,30.0
Bitcoin,2024-01-18,41262.05859,464.9646874999962,1913.447342236051,0.319,66.0,123.0,31.6,187.3699951171875,13.09000015258789,35.97999954223633,37468.60938,8799.049805,14.130000114440918,37.10310363769531,103.54000091552734,1.0885775089263916,2245.175781,0.56,173.8,2018.5999755859375,74.08000183105469,79.09999847,40530.45896408089,25218357242.0,678147,42582217.75309462,9254871867.189322,0.5066,0.5715,53.0,14.916843136720765,26.0
Bitcoin,2024-01-19,41618.40625,463.0883593749968,1907.9656124334765,0.3122,72.0,136.0,36.0,187.92999267578125,12.949999809265137,35.790000915527344,37863.80078,8990.410156,13.300000190734863,37.49376297,103.29000091552734,1.0879143476486206,1836.703125,0.5444,184.6,2026.5,73.41000366210938,78.55999755859375,40441.61263724961,25752407154.0,627719,38173782.20108948,8969914143.779112,0.5191,0.5473,64.0,15.208958924244618,48.0
Bitcoin,2024-01-20,41665.58594,421.9681249999994,1802.4730910096569,0.2939,72.0,73.0,21.8,187.69332885742188,12.90999984741211,35.76333363850912,37909.80338333333,8998.40332,13.26333332048991,37.38307571413086,103.30333455403645,1.0883527994155884,431.0703125,0.5489,106.4,2024.2666829427083,74.00333658854167,79.05999755859375,40347.76431338566,11586690904.0,656529,40838677.04548536,2894284665.0,0.4983,0.5524,46.0,15.511418420304452,24.0
Bitcoin,2024-01-21,41545.78516,345.3416406249962,1699.3221112946812,0.2978,72.0,34.0,16.4,187.4566650390625,12.869999885559084,35.73666636149088,37955.805986666666,9006.396484,13.226666450244954,37.272388458261716,103.31666819254556,1.0887912511825562,358.359375,0.5478,101.8,2022.0333658854167,74.59666951497395,79.55999755859375,40092.528501477165,9344043642.0,621585,40129996.80070496,2224918361.826995,0.4953,0.5547,41.0,16.127457823286054,15.0
Bitcoin,2024-01-22,39507.36719,237.68984375000585,1735.1626636129183,0.2995,72.0,147.0,29.6,187.22000122070312,12.829999923706056,35.709999084472656,38001.80859,9014.389648,13.18999958,37.16170120239258,103.33000183105467,1.089229702949524,2201.089844,0.5528,123.8,2019.800048828125,75.19000244140625,80.05999755859375,39454.55295,31338708143.0,620801,44483822.24441322,9388167044.048624,0.4899,0.5515,44.0,17.91542610612071,34.0
Bitcoin,2024-01-23,39845.55078,126.92757812500348,1725.8979755869957,0.2969,70.0,154.0,35.4,187.9499969482422,12.729999542236328,34.99000168,37905.44922,9097.259766,12.550000190734863,37.48399734,103.62000274658205,1.088020920753479,1605.457031,0.5361,159.2,2023.699951171875,74.37000274658203,79.55000305175781,39018.75348692928,29244553045.0,600773,41501393.373973474,8659927337.0,0.5174,0.52,70.0,19.300661573220875,34.0
Bitcoin,2024-01-24,40077.07422,-31.25710938,1672.2615688486387,0.2726,72.0,125.0,36.0,186.3999938964844,12.699999809265137,33.99000168,37806.39063,9261.330078,13.140000343322754,37.903961181640625,103.23999786376952,1.0857881307601929,974.9882813,0.5297,153.4,2013.9000244140625,75.08999633789062,80.04000091552734,38629.58145028679,22359526178.0,564400,39896278.22309834,9848223437.575151,0.4941,0.513,54.0,20.249105932182637,30.0
Bitcoin,2024-01-25,39933.80859,-167.0465625,1603.4440572344502,0.2672,73.0,119.0,24.0,187.13999938964844,12.789999961853027,35.099998474121094,38049.12891,9232.959961,13.449999809265137,37.95279312133789,103.56999969482422,1.088174819946289,708.8164063,0.5476,116.4,2016.9000244140625,77.36000061035156,82.43000030517578,38260.21721,18491782013.0,573766,48344552.33062511,8386242533.813688,0.522,0.5199,40.0,21.08767842459534,29.0
Bitcoin,2024-01-26,41816.87109,-237.9514844,1659.176289753418,0.2729,73.0,114.0,25.8,187.0099945068359,11.90999984741211,34.779998779296875,38109.42969,9207.549805,13.260000228881836,37.98208999633789,103.47000122070312,1.0847046375274658,2383.695313,0.5342,121.0,2016.800048828125,78.01000213623047,83.55000305175781,38169.70599049376,25598119893.0,683719,41750111.50718081,9756330736.025513,0.4817,0.5209,32.0,21.056490022814582,22.0
Bitcoin,2024-01-27,42120.05469,-269.4619531,1595.2602378067452,0.2739,73.33333333333333,65.0,21.6,187.44999694824216,12.299999872843426,35.29333241780599,38184.10286666667,9258.000000333333,13.3733336130778,37.98860168457031,103.51666768391927,1.0845870176951091,764.3515625,0.5591,105.6,2019.6000162760417,77.60000101725261,83.16666921117188,38112.44955589964,11422941934.0,718169,47675471.299907975,2085901470.8859684,0.4875,0.5546,34.0,20.942329925493013,31.0
Bitcoin,2024-01-28,42035.59375,-260.5788281,1559.9034797491206,0.2998,73.66666666666667,70.0,19.4,187.88999938964844,12.68999989827474,35.8066660563151,38258.77604333333,9308.450195666666,13.486666997273764,37.99511337280273,103.56333414713542,1.0844693978627522,1100.265625,0.5595,81.0,2022.3999837239583,77.18999989827473,82.78333537058593,38347.00827768754,16858971687.0,731738,45107620.53080758,2414305517.924773,0.4906,0.5585,33.0,18.79000581128673,26.0
Bitcoin,2024-01-29,43288.24609,-190.3364062,1554.7343137848975,0.3028,74.0,77.0,27.8,188.3300018310547,13.079999923706056,36.31999969482422,38333.44922,9358.900391,13.600000381469728,38.00162506103515,103.61000061035156,1.0843517780303955,1487.535156,0.5588,124.4,2025.199951171875,76.77999877929688,82.40000153,38574.79345445137,20668476578.0,697324,43764851.71744079,9490934336.421131,0.492,0.5531,43.0,17.097456948620838,16.0
Bitcoin,2024-01-30,42952.60938,-79.908125,1524.2228784252625,0.2986,74.0,91.0,27.0,188.58999633789065,13.050000190734863,36.189998626708984,38467.30859,9274.959961,13.31000042,37.69886398,103.4000015258789,1.0834470987319946,1127.574219,0.5632,162.8,2031.5,77.81999969482422,82.87000274658203,38991.71561931103,23842814518.0,687547,41887695.838599674,10414364856.193766,0.4944,0.5752,42.0,14.311675754281946,36.0
Bitcoin,2024-01-31,42582.60547,-27.74460937,1516.668454073458,0.3158,64.0,71.0,30.6,188.4499969482422,13.15999984741211,37.25,38150.30078,9011.0,14.350000381469728,37.49376297,103.2699966430664,1.084339976,1418.460938,0.5588,124.4,2048.399902,75.84999847,81.70999908447266,39541.71779680905,24673628793.0,622142,37948047.32824909,13314893805.47666,0.5146,0.5772,38.0,10.839797921756947,38.0
Bitcoin,2024-02-01,43075.77344,16.886953125002037,1505.7618903896396,0.3179,72.0,63.0,20.4,190.41000366210935,13.720000267028809,35.380001068115234,38519.83984,9150.179688,13.880000114440918,37.855125427246094,103.0500030517578,1.0803920030593872,1363.976563,0.5669,117.6,2053.0,73.81999969482422,78.69999694824219,39530.33997,21423953779.0,680097,43048043.63,7239258230.015157,0.5231,0.5651,41.0,10.944558766899435,28.0
Bitcoin,2024-02-02,43185.85938,53.93249999999534,1458.0754942010938,0.3089,74.0,55.0,22.6,188.61000061035156,12.65999984741211,34.849998474121094,38654.42188,9594.209961,13.850000381469728,37.74769592285156,103.91999816894533,1.0874648094177246,838.1523438,0.5846,116.6,2036.0999755859375,72.27999877929688,77.33000183105469,39512.1624,18603843039.0,691810,53422971.55081713,5697691728.701172,0.5309,0.5698,37.0,11.109066030711192,31.0
Bitcoin,2024-02-03,42992.25,85.01140624999971,1387.4367312224442,0.3126,73.66666666666667,53.0,17.8,188.26333618164062,12.603333155314127,34.709999084472656,38562.98828333333,9588.713216333334,13.790000279744467,37.763973236083984,104.09666442871095,1.0843113263448079,469.1328125,0.5703,82.0,2032.63330078125,72.44666544596355,77.5500005086263,39518.192795964096,11169245236.0,668270,48887964.89018517,1974959185.658117,0.5262,0.5729,27.0,11.349887928596711,18.0
Bitcoin,2024-02-04,42583.58203,57.705156249998254,1339.9635718494123,0.3151,73.33333333333333,75.0,20.8,187.9166717529297,12.546666463216146,34.56999969482422,38471.55468666667,9583.216471666667,13.730000178019205,37.780250549316406,104.27333068847658,1.0811578432718914,722.8125,0.5696,77.6,2029.1666259765625,72.6133321126302,77.76999918619792,39517.85962207749,14802225490.0,539397,45783886.78348891,1890619835.1140633,0.5257,0.5705,24.0,11.367600082548336,17.0
Bitcoin,2024-02-05,42658.66797,60.937578124998254,1332.068573,0.3132,73.0,66.0,21.4,187.57000732421875,12.489999771118164,34.43000030517578,38380.12109,9577.719727,13.670000076293944,37.79652786254883,104.4499969482422,1.0780043601989746,1229.433594,0.5673,85.6,2025.699951171875,72.77999877929688,77.98999786376953,39535.93873421976,18715487317.0,525379,45076244.44078093,6388823686.040648,0.5331,0.5621,30.0,11.169471919549787,22.0
Bitcoin,2024-02-06,43084.67188,66.45960937500058,1295.1443114734727,0.3067,73.0,67.0,19.0,188.5500030517578,12.31000042,33.00999832,38521.35938,9527.900391,13.06000042,38.65598678588867,104.18000030517578,1.0741831064224243,815.1289063,0.5731,86.8,2034.5,73.30999755859375,78.58999633789062,39523.08655653214,16798476726.0,521338,47917909.03391089,6818400435.817393,0.5272,0.5607,40.0,11.307915403499322,33.0
Bitcoin,2024-02-07,44318.22266,104.1757813,1314.4905883325102,0.3056,73.0,41.0,19.2,188.5,11.84000015258789,31.209999084472656,38677.35938,9697.650391,12.829999923706056,38.70481872558594,104.04000091552734,1.075719952583313,1565.992188,0.5735,105.4,2035.199951171875,73.86000061035156,79.20999908447266,39472.47212254864,21126587775.0,640781,47540598.54976358,5843028458.963722,0.5185,0.5722,43.0,12.234472996010066,42.0
Bitcoin,2024-02-08,45301.56641,115.91226562499652,1310.4282025587595,0.3148,74.0,75.0,27.4,188.3300018310547,11.710000038146973,31.63999938964844,38726.32813,9724.230469,12.789999961853027,38.48995590209961,104.1500015258789,1.077574610710144,1243.714844,0.5717,122.0,2032.199951171875,76.22000122070312,81.62999725341797,39302.01997729476,26154524080.0,547079,42786545.164145045,6959960919.159083,0.4918,0.5879,36.0,13.860597828087329,21.0
Bitcoin,2024-02-09,47147.19922,174.60390625000582,1423.3741791617051,0.3271,75.0,85.0,28.6,187.6000061035156,11.199999809265137,32.439998626708984,38671.69141,9897.799805,12.93000030517578,38.65598678588867,104.08000183105467,1.077725529670715,2891.671875,0.5965,159.8,2023.300048828125,76.83999633789062,82.19000244140625,38891.64733678855,39316770844.0,615935,51030599.76285843,7871681403.385255,0.4921,0.6059,42.0,16.991971584543574,34.0
Bitcoin,2024-02-10,47771.27734,224.19132812500175,1410.3368494001547,0.3413,75.0,61.0,23.8,187.4366709391276,11.403333346176758,32.52333196004232,38713.587243333335,9870.583333666667,13.263333638509113,38.75690714518229,104.11000061035156,1.078423778216044,1240.851563,0.6077,68.0,2021.6000162760417,76.86666361490886,82.12666829427083,38568.89528974518,16398681570.0,637411,46943037.64336505,2920257241.489225,0.5078,0.6352,34.0,19.83020965954558,31.0
Bitcoin,2024-02-11,48293.91797,306.0561718750032,1375.2078780144293,0.3646,75.0,94.0,26.6,187.27333577473956,11.606666883088378,32.60666529337565,38755.483076666664,9843.366862333332,13.596666971842446,38.857827504475914,104.13999938964844,1.0791220267613728,918.53125,0.6079,88.4,2019.8999837239583,76.89333089192708,82.06333414713542,38663.31046291389,19315867136.0,558692,48789312.407846846,3435220650.0,0.5189,0.6428,39.0,21.22364224410262,48.0
Bitcoin,2024-02-12,49958.22266,403.9443750000064,1458.0298041383987,0.3706,75.0,111.0,36.4,187.11000061035156,11.81000042,32.689998626708984,38797.37891,9816.150391,13.93000030517578,38.95874786376953,104.16999816894533,1.0798202753067017,2534.714844,0.6294,119.2,2018.199951171875,76.91999816894531,82.0,38590.36080223907,34511985805.0,649038,57764470.84,9514614187.0,0.5289,0.6465,35.0,23.622817165808243,60.0
Bitcoin,2024-02-13,49742.44141,493.54406250000466,1493.3058560749416,0.3735,66.0,137.0,39.8,184.52999877929688,12.149999618530272,32.369998931884766,38272.75,9674.799805,15.850000381469728,38.22625732421875,104.95999908447266,1.0772264003753662,1951.894531,0.6294,146.6,1992.9000244140625,77.87000274658203,82.76999664,38744.080259629336,35593051468.0,589286,44242861.69005214,8546209149.126843,0.5667,0.6724,44.0,24.8545293,46.0
Bitcoin,2024-02-14,51826.69531,614.1089843749942,1581.251085105303,0.3945,67.0,148.0,50.6,184.4199981689453,12.020000457763672,32.75999832,38424.26953,9867.200195,14.380000114440918,38.77318192,104.72000122070312,1.070893168449402,2724.539063,0.6331,143.6,1990.300048828125,76.63999938964844,81.59999847,38786.427542162695,39105608050.0,586548,47673442.25853745,14808730273.070637,0.557,0.6657,74.0,26.98848557518867,120.0
Bitcoin,2024-02-15,51938.55469,708.5554687499971,1571.764400454924,0.3895,73.0,119.0,46.8,185.66000366210935,11.789999961853027,32.02000045776367,38773.12109,9891.019531,14.010000228881836,38.95874786376953,104.3000030517578,1.073214769363403,1448.4375,0.6617,147.2,2002.0999755859375,78.02999877929688,82.86000061035156,38721.296248322054,38564360533.0,612859,53715187.40537837,9535567173.690292,0.6229,0.6949,61.0,29.206796442436023,63.0
Bitcoin,2024-02-16,52160.20313,808.1149218749997,1523.5384834581437,0.4139,73.0,103.0,40.8,186.33999633789065,11.75,30.84000015258789,38627.98828,9791.419922,14.239999771118164,39.14431381225586,104.3000030517578,1.0773887634277344,896.6015625,0.6546,129.6,2011.5,79.19000244140625,83.47000122070312,38769.92575749811,28180567298.0,613011,47283903.32749274,9285188321.0,0.6312,0.6926,50.0,30.864855259863234,85.0
Bitcoin,2024-02-17,51662.99609,860.5446875,1523.446169907562,0.4124,70.5,104.0,30.4,186.62249755859378,11.765000105,31.082499980926514,38611.941405,9748.15747075,14.53499984741211,39.15896224975586,104.24500274658202,1.0777567625045776,1522.246094,0.6633,101.2,2015.5,78.93750190734863,83.1875,39046.41824615825,20009091006.0,590229,49886963.26454996,2812316081.6115212,0.6327,0.6957,38.0,31.428641252806212,34.0
Bitcoin,2024-02-18,52122.54688,937.2715624999984,1494.8612872355932,0.4151,68.0,95.0,28.4,186.9049987792969,11.78000021,31.324999809265137,38595.89453,9704.8950195,14.829999923706055,39.17361068725586,104.19000244140624,1.078124761581421,1123.257813,0.6464,114.0,2019.5,78.68500137329102,82.90499877929688,39212.24504011748,17595377311.0,563861,41074931.24964146,2152571481.562674,0.6338,0.6911,44.0,32.31162003227034,40.0
Bitcoin,2024-02-19,51779.14453,941.4248437500064,1443.1929028794796,0.4116,65.5,92.0,30.2,187.1875,11.795000315,31.56749963760376,38579.847655,9661.632568250001,15.124999999999998,39.18825912475586,104.13500213623045,1.0784927606582642,771.5039063,0.6576,85.8,2023.5,78.4325008392334,82.62249755859375,39565.94701475747,21362184346.0,617452,45808218.64349052,4823413490.972352,0.6408,0.6971,42.0,32.38077955694455,50.0
Bitcoin,2024-02-20,52284.875,933.8617187499984,1493.8747156202312,0.4164,63.0,96.0,40.4,187.47000122070312,11.81000042,31.809999465942383,38563.80078,9618.370117,15.420000076293944,39.20290756225586,104.08000183105467,1.0775396823883057,2152.738281,0.6581,124.6,2027.5,78.18000030517578,82.33999633789062,40055.66624655018,33353758256.0,638563,47322899.81340297,8084102403.712771,0.6341,0.6931,70.0,32.032111957692614,62.0
Bitcoin,2024-02-21,51839.17969,880.8389843749974,1508.3878497723576,0.4138,63.0,138.0,47.6,187.47999572753903,11.460000038146973,31.049999237060547,38612.23828,9577.900391,15.34000015258789,39.271278381347656,104.01000213623048,1.0813149213790894,1697.058594,0.6561,123.8,2022.300048828125,77.91000366210938,83.02999877929688,40599.200024494494,28624907020.0,630339,46674931.29171306,8039334308.491749,0.6222,0.6968,70.0,31.302705881797717,42.0
Bitcoin,2024-02-22,51304.97266,858.7030468750017,1478.025882824332,0.4169,73.0,89.0,28.4,187.55999755859375,11.18999958,30.549999237060547,39069.10938,10032.25977,14.539999961853027,39.67170333862305,103.95999908447266,1.082040309906006,1083.320313,0.6482,123.2,2019.699951171875,78.61000061035156,83.66999816894531,41243.92435066973,25413900611.0,642155,45627275.608025245,8872259885.789461,0.5958,0.6858,41.0,30.057072637748732,39.0
Bitcoin,2024-02-23,50731.94922,790.4307031249991,1439.3209090511652,0.4084,73.0,89.0,27.0,188.6199951171875,11.5,31.309999465942383,39131.53125,10003.7998,13.75,39.65216827392578,103.94000244140624,1.0825674533843994,936.15625,0.6561,106.4,2038.5999755859375,76.48999786376953,81.62000274658203,42039.14085059705,21427078270.0,679759,53016307.25,7894519042.487276,0.6041,0.6843,46.0,28.150544174046733,46.0
Bitcoin,2024-02-24,51571.10156,748.3197656249977,1414.9944155475107,0.4076,72.33333333333333,87.0,25.4,188.47999572753906,11.429999987284342,31.44333267211914,39110.76432333334,10002.079749333334,13.74666659037272,39.59356943766276,103.90333557128905,1.0823800166447957,1098.75,0.6424,82.8,2035.2333170572917,76.85333251953125,81.92333475748698,43052.69797200525,15174077879.0,591315,45831218.692241445,3416208944.371803,0.6037,0.674,42.0,25.60904321659912,36.0
Bitcoin,2024-02-25,51733.23828,740.8497656250038,1359.9130622048312,0.3998,71.66666666666667,78.0,24.4,188.33999633789062,11.359999974568685,31.5766658782959,39089.997396666666,10000.359698666667,13.743333180745443,39.53497060139974,103.86666870117186,1.0821925799051921,643.8554688,0.6589,86.6,2031.8666585286458,77.21666717529297,82.22666676839192,44239.57549899019,15413239245.0,607478,54200240.79129108,2336779584.3757186,0.6002,0.6846,44.0,22.43317232387061,39.0
Bitcoin,2024-02-26,54522.40234,814.8116406249974,1549.0010242794865,0.4082,71.0,103.0,36.0,188.1999969482422,11.289999961853027,31.709999084472656,39069.23047,9998.639648,13.739999771118164,39.47637176513672,103.83000183105467,1.0820051431655884,4007.144531,0.6493,123.4,2028.5,77.58000183105469,82.52999877929688,45376.638131284184,34074411896.0,620435,46477960.251152866,7973852984.805449,0.5962,0.686,70.0,19.935888320371063,65.0
Bitcoin,2024-02-27,57085.37109,847.9730468749985,1656.4752814738088,0.4092,75.0,148.0,54.2,188.0,10.949999809265137,31.350000381469727,38972.41016,10042.4502,13.43000030517578,39.55450439453125,103.83000183105467,1.0850930213928225,3053.640625,0.6689,158.8,2034.0,78.87000274658203,83.65000153,46024.11035,49756832031.0,674490,48126498.31303941,12309674248.943563,0.6134,0.724,61.0,19.65082762497184,75.0
Bitcoin,2024-02-28,62504.78906,1044.2336718750012,2050.6346921721083,0.4398,76.0,211.0,90.8,188.33999633789065,10.93000030517578,31.209999084472656,38949.01953,9969.650391,13.84000015258789,39.03688049316406,103.9800033569336,1.084481120109558,7174.707031,0.7005,215.4,2033.0,78.54000091552734,83.68000030517578,45426.14831455944,83239156760.0,763915,59287809.13205337,17690707393.755234,0.6506,0.7502,116.0,24.944214217789646,88.0
Bitcoin,2024-02-29,61198.38281,1187.4775781249991,2124.654647195529,0.4617,77.0,160.0,66.6,189.30999755859375,11.15999984741211,31.5,38996.39063,9894.089844,13.399999618530272,39.05641555786133,104.16000366210938,1.0838816165924072,3086.914063,0.7384,194.2,2045.699951171875,78.26000213623047,83.62000274658203,45341.88662950773,65496611844.0,772702,56281732.801982574,15960554472.385183,0.7786,0.7975,110.0,27.602676155840474,71.0
Bitcoin,2024-03-01,62440.63281,1354.0376562500023,2140.934616592277,0.5028,76.0,114.0,47.8,192.88999938964844,13.470000267028809,31.079999923706055,39087.37891,10082.87988,13.109999656677246,39.53497314453125,103.86000061035156,1.0804970264434814,2352.574219,0.7443,160.8,2086.899902,79.97000122070312,83.55000305175781,45257.54649,40186368423.0,771270,63104927.27289995,15155004614.209974,0.7978,0.7948,69.0,30.289761406138258,73.0
Bitcoin,2024-03-02,62029.84766,1525.9851562500044,2045.254298,0.5016,77.0,117.0,51.8,193.92999776204425,13.850000063578287,30.8766663869222,39054.861983333336,10049.349933,13.236666361490885,39.50567372639974,103.8500010172526,1.081754485766093,801.4101563,0.7449,147.6,2097.1665850572917,79.56000010172527,83.30000305175781,45454.67633574089,23888473685.0,623680,51776059.72787791,3495344246.4389367,0.819,0.8062,40.0,31.717524193002816,53.0
Bitcoin,2024-03-03,63167.37109,1730.1875781249985,2027.392384,0.5121,78.0,107.0,40.4,194.9699961344401,14.229999860127768,30.673332850138348,39022.345056666665,10015.819986,13.363333066304525,39.47637430826823,103.84000142415364,1.0830119450887044,1795.1875,0.7512,138.6,2107.4332681145834,79.14999898274739,83.05000305175781,45458.58984343625,26253811450.0,633897,63058947.84078989,3175882955.3331094,0.8218,0.7987,46.0,33.735739198857594,51.0
Bitcoin,2024-03-04,68330.41406,1933.5692968750009,2321.900907774957,0.506,79.0,198.0,72.6,196.0099945068359,14.609999656677246,30.469999313354492,38989.82813,9982.290039,13.489999771118164,39.44707489013672,103.83000183105467,1.084269404411316,6150.511719,0.7572,199.4,2117.699951171875,78.73999786376953,82.80000305175781,44934.84960524834,70670471105.0,664743,58085233.08,14721280340.494514,0.8283,0.8079,89.0,38.39795359980326,160.0
Bitcoin,2024-03-05,63801.19922,2067.9417968749985,2859.3876174874604,0.5135,76.0,221.0,75.4,197.19000244140625,14.539999961853027,30.190000534057617,38585.19141,9753.540039,14.460000038146973,39.09547805786133,103.8000030517578,1.0855170488357544,9846.714844,0.7843,172.0,2133.5,78.15000153,82.04000091552734,45114.95826626269,102803000000.0,772888,75940656.31789975,19156443673.329254,0.8577,0.8603,108.0,39.47841951505092,84.0
Bitcoin,2024-03-06,66106.80469,2205.5380468749936,2997.2354885597847,0.5574,72.0,158.0,54.2,198.80999755859375,15.170000076293944,29.56999969482422,38661.05078,9785.759766,14.5,39.66193771362305,103.37000274658205,1.0855995416641235,4789.257813,0.7689,171.0,2150.300048828125,79.12999725341797,82.95999908447266,45212.44401110624,68750229073.0,681667,61907827.19,19598765884.0,0.8776,0.8079,97.0,41.133728964379216,63.0
Bitcoin,2024-03-07,66925.48438,2305.661093750001,2952.746569734086,0.5164,73.0,109.0,51.2,199.94000244140625,15.09000015258789,29.56999969482422,38791.35156,10028.26953,14.43999958,39.90610122680664,102.81999969482422,1.089953899383545,2374.390625,0.7752,168.2,2158.0,78.93000030517578,82.95999908447266,45395.08893866971,46989543159.0,714978,78496285.61822377,15234928434.0,0.8758,0.8342,57.0,42.53435827,61.0
Bitcoin,2024-03-08,68300.09375,2439.922031250004,3017.0219263602226,0.5408,70.0,121.0,44.2,201.6300048828125,15.470000267028809,29.63999938964844,38722.69141,9798.889648,14.739999771118164,39.867034912109375,102.73999786376952,1.0950144529342651,3852.601563,0.7829,154.4,2178.600098,78.01000213623047,82.08000183105469,45719.55699904946,59202881172.0,716770,68298914.49705783,15049636665.76224,0.8865,0.8434,61.0,43.66439916806509,68.0
Bitcoin,2024-03-09,68498.88281,2446.848671874999,2845.8010521559213,0.5496,67.33333333333333,90.0,37.6,201.75333658854166,15.480000178019205,29.463333129882812,38738.34766,9765.893229,14.899999936421713,39.89633433024088,102.78333282470703,1.0947748025258381,619.9296875,0.7902,128.4,2179.9000653333333,77.98333485921223,82.12333424886067,46181.122283816454,21609650379.0,632927,74825227.26763998,4704779112.537283,0.8918,0.8548,58.0,44.26629562760007,90.0
Bitcoin,2024-03-10,69019.78906,2568.1481249999997,2768.617160037641,0.5602,64.66666666666667,118.0,42.6,201.87666829427084,15.490000089009603,29.286666870117188,38754.00391,9732.89681,15.06000010172526,39.9256337483724,102.82666778564453,1.0945351521174114,1765.226563,0.7924,148.8,2181.2000326666666,77.95666758219402,82.16666666666667,46870.74820535595,35683977532.0,627815,64382576.39751776,5757164174.643834,0.8984,0.8536,54.0,44.20517343691059,73.0
Bitcoin,2024-03-11,72123.90625,2720.673359375003,2974.846515,0.5596,62.0,168.0,67.4,202.0,15.5,29.11000061035156,38769.66016,9699.900391,15.220000267028809,39.954933166503906,102.87000274658205,1.0942955017089844,5655.828125,0.7936,237.2,2182.5,77.93000030517578,82.20999908447266,47411.32303918835,65716656765.0,684136,78889620.04037066,18287980135.98232,0.9003,0.8523,86.0,44.964241384362346,132.0
Bitcoin,2024-03-12,71481.28906,2876.495156249999,3054.986384165109,0.559,72.0,165.0,57.2,199.7899932861328,14.100000381469728,29.36000061035156,39005.48828,9916.120117,13.84000015258789,40.39442825317383,102.95999908447266,1.093135118484497,4096.804688,0.811,218.8,2160.399902,77.55999755859375,81.91999816894531,48391.31710348872,62554434520.0,677201,65796920.769616775,16249318406.90542,0.9249,0.8888,63.0,44.26043378263314,89.0
Bitcoin,2024-03-13,73083.5,3000.493437499994,3001.3004147604584,0.5903,71.0,147.0,60.2,201.19000244140625,14.09000015258789,29.520000457763672,39043.32031,9836.19043,13.75,40.26746368408203,102.79000091552734,1.0927767753601074,2303.382813,0.8082,199.8,2175.399902,79.72000122070312,84.02999877929688,49637.64240258293,48212536929.0,710767,75123785.8,19749038369.964565,0.9104,0.8737,70.0,43.00038976356965,78.0
Bitcoin,2024-03-14,71396.59375,3089.2742968750026,3157.4251619204256,0.5793,70.0,155.0,56.8,200.3500061035156,13.300000190734863,31.510000228881836,38905.66016,9809.639648,14.399999618530272,40.06236649,103.36000061035156,1.0955302715301514,5187.046875,0.8196,189.0,2163.0,81.26000213623047,85.41999816894531,51513.26238731615,59594605698.0,663447,65996346.70815762,16402381871.931149,0.9731,0.8867,67.0,39.68749089140621,102.0
Bitcoin,2024-03-15,69403.77344,3131.5895312499997,3412.3546146403955,0.5936,68.0,183.0,43.8,199.7100067138672,13.539999961853027,29.770000457763672,38714.76953,9691.019531,14.40999984741211,39.81820297241211,103.43000030517578,1.0883406400680542,6726.4375,0.8112,159.6,2157.300048828125,81.04000091552734,85.33999633789062,53646.80068,78320453976.0,749328,57055498.61769608,14316113749.467398,0.9652,0.8704,64.0,35.332400233156534,51.0
Bitcoin,2024-03-16,65315.11719,2989.9920312500035,3543.2492068982247,0.5818,68.66666666666667,124.0,36.6,199.8166707356771,13.636666615804037,29.78333346048991,38739.98958333333,9745.536458333334,14.383333206176758,39.84099197387695,103.48000081380208,1.0883129835128784,5244.878906,0.8021,134.0,2158.433349609375,81.60000101725261,85.85666402180989,56109.62209235021,46842198371.0,621787,64039828.15236656,4543880223.851563,0.9542,0.8434,47.0,29.549318193402748,52.0
Bitcoin,2024-03-17,68390.625,2875.9249999999956,3597.3315738162087,0.5612,69.33333333333333,130.0,34.4,199.92333475748697,13.733333269755047,29.796666463216145,38765.20963666667,9800.053385666666,14.356666564941408,39.8637809753418,103.53000132242838,1.0882853269577026,4300.402344,0.782,106.8,2159.566650390625,82.16000111897786,86.37333170572917,58260.020904344536,44716864318.0,601779,63714127.09892728,6585683552.700839,0.9516,0.8161,67.0,24.861411150145365,43.0
Bitcoin,2024-03-18,67548.59375,2721.426015625002,3504.872622115051,0.5402,70.0,113.0,32.0,200.02999877929688,13.829999923706056,29.809999465942383,38790.42969,9854.570313,14.329999923706056,39.88656997680664,103.58000183105467,1.0882576704025269,2302.90625,0.7912,140.6,2160.699951171875,82.72000122070312,86.88999938964844,60005.84028520092,49261579492.0,673489,64782009.90499135,11933590441.311106,0.9555,0.8348,63.0,21.02061637440585,62.0
Bitcoin,2024-03-19,61912.77344,2467.526171874997,3723.863863392547,0.5561,70.0,190.0,55.6,199.8000030517578,13.479999542236328,29.219999313354492,39110.76172,9888.299805,13.81999969482422,39.69123840332031,103.80999755859376,1.087393879890442,6570.75,0.7876,163.8,2156.300048828125,83.47000122070312,87.37999725341797,59895.557803486015,74215844794.0,755218,66335356.25590292,13678549274.50323,0.9268,0.83,71.0,21.270655589342937,57.0
Bitcoin,2024-03-20,67913.67188,2377.348125000004,3979.8359200252225,0.5532,69.0,136.0,39.2,202.17999267578125,13.619999885559082,28.81999969482422,39512.12891,10064.07031,13.039999961853027,40.140499114990234,103.41000366210938,1.0863306522369385,7307.472656,0.7583,157.8,2157.899902,81.68000030517578,85.94999694824219,60746.52886496698,66792634382.0,639266,61496810.484660126,10724289256.435526,0.9033,0.77,39.0,19.63490677884231,31.0
Bitcoin,2024-03-21,65491.39063,2365.5589062500003,3954.067227076992,0.5067,71.0,121.0,34.6,201.97000122070312,13.420000076293944,27.530000686645508,39781.37109,10043.46973,12.920000076293944,40.189334869384766,104.0,1.0937210321426392,3619.074219,0.7557,121.2,2182.399902,81.06999969482422,85.77999877929688,61227.35640253833,44480350565.0,611408,52650436.99,11202686425.692236,0.7893,0.8261,32.0,18.618006973623523,50.0
Bitcoin,2024-03-22,63778.76172,2254.207265625002,3976.518061303636,0.5514,69.0,96.0,27.4,200.3500061035156,12.529999732971191,26.920000076293945,39475.89844,10113.12012,13.06000042,39.90610122680664,104.43000030517578,1.0862362384796145,4268.378906,0.7541,151.6,2158.100098,80.62999725341797,85.43000030517578,61579.24942,41401116964.0,679058,57763066.57004259,12407695913.88318,0.7691,0.8021,31.0,17.811528737352372,42.0
Bitcoin,2024-03-23,64062.20313,2161.474140625003,3902.331503353376,0.5334,68.33333333333333,81.0,22.6,200.56333923339844,12.383333206176758,27.109999974568684,39421.812503333334,10104.79004,13.103333473333333,39.9158681233724,104.36333465576172,1.0844087998072307,2937.90625,0.7443,112.4,2163.6667482760417,81.0699971516927,85.87000020345052,61744.313623865775,24738964812.0,622559,67132158.05324538,5780151499.661647,0.7578,0.7744,29.0,17.44399653985202,36.0
Bitcoin,2024-03-24,67234.17188,2273.822031249998,3894.8011281138497,0.5131,67.66666666666667,99.0,23.4,200.77667236328125,12.236666679382324,27.299999872843426,39367.726566666664,10096.45996,13.146666526666667,39.92563501993815,104.29666900634766,1.0825813611348472,3796.90625,0.7508,124.4,2169.233398552083,81.50999704996745,86.31000010172527,61695.65325177988,27206630673.0,566459,70611540.39952184,3446270505.158186,0.8013,0.7902,23.0,17.439939615470927,43.0
Bitcoin,2024-03-25,69958.8125,2322.1053906250017,3955.726605570003,0.5286,67.0,85.0,26.4,200.9900054931641,12.09000015258789,27.489999771118164,39313.64063,10088.12988,13.18999958,39.935401916503906,104.2300033569336,1.0807539224624634,4747.757813,0.7639,145.2,2174.800048828125,81.94999694824219,86.75,62186.78565143646,42700139523.0,623335,59244349.82163497,10813846448.792442,0.7959,0.8135,34.0,16.821067290127335,62.0
Bitcoin,2024-03-26,69987.83594,2410.5130468749994,3830.327048922146,0.5477,67.0,72.0,29.0,201.63999938964844,12.56999969482422,27.25,39282.32813,10050.23047,13.239999771118164,39.90610122680664,104.29000091552734,1.0838228464126587,2200.132813,0.7857,112.6,2175.600098,81.62000274658203,86.25,62373.640059559344,36010437368.0,648004,61065374.79673613,15441122467.654274,0.8484,0.8454,48.0,16.794269126278362,43.0
Bitcoin,2024-03-27,69455.34375,2523.866718750003,3795.714960606278,0.576,69.0,103.0,34.4,203.1000061035156,13.579999923706056,26.600000381469727,39760.07813,10040.74023,12.779999732971191,39.97446823120117,104.3499984741211,1.0832358598709106,3345.757813,0.7977,150.4,2190.600098,81.34999847,86.08999633789062,62496.96553478582,40827113309.0,637151,61355577.38783222,12835468637.174114,0.9294,0.8434,52.0,16.772414756575902,58.0
Bitcoin,2024-03-28,70744.95313,2634.8744531249977,3713.915008062973,0.5758,68.0,84.0,27.0,205.72000122070312,15.43999958,26.270000457763672,39807.37109,9998.009766,13.010000228881836,40.120967864990234,104.5500030517578,1.0813382863998413,2650.515625,0.7932,136.8,2217.399902,83.16999816894531,87.48000336,62513.890495103915,34374900617.0,696012,69026805.74765356,13059294357.123844,0.9197,0.8338,51.0,17.050630505110767,66.0
Bitcoin,2024-03-29,69892.82813,2641.8612500000017,3579.8094717727604,0.5697,68.75,66.0,33.6,206.24500274658203,15.642499685,26.615000247955322,39747.2412075,10015.127441999999,13.170000076293945,40.13805961608887,104.66750144958495,1.0794472694396973,1836.4375,0.7979,96.4,2222.1749265,83.30499839782715,87.46500206223632,62544.43817500595,25230851763.0,659374,65030139.07199751,9052675458.634825,0.9165,0.8464,39.0,17.147715062346066,37.0
Bitcoin,2024-03-30,69645.30469,2544.3187499999985,3377.996630038992,0.5816,69.5,66.0,26.6,206.77000427246094,15.84499979,26.960000038146973,39687.111325,10032.245118,13.329999923706055,40.1551513671875,104.7849998474121,1.0793890555699666,754.4296875,0.7953,94.4,2226.949951,83.43999862670898,87.45000076447265,62556.39782621683,17130241883.0,614851,69911455.80526887,4899663872.0,0.9162,0.8366,53.0,17.19632502275394,45.0
Bitcoin,2024-03-31,71333.64844,2468.9828124999985,3261.919303786207,0.5753,70.25,92.0,29.6,207.29500579833984,16.047499895,27.304999828338623,39626.9814425,10049.362794,13.489999771118162,40.17224311828613,104.90249824523926,1.079330841700236,1752.914063,0.7902,100.2,2231.7249755,83.57499885559082,87.43499946670899,62606.39808033761,20050941373.0,546293,63236811.094294675,4052049395.0,0.8859,0.834,50.0,16.944530289599097,52.0
Bitcoin,2024-04-01,69702.14844,2369.733984374994,3259.739241908621,0.5744,71.0,97.0,30.6,207.82000732421875,16.25,27.649999618530273,39566.85156,10066.48047,13.649999618530272,40.189334869384766,105.0199966430664,1.0792726278305054,3231.398438,0.796,98.4,2236.5,83.70999908447266,87.41999816894531,62656.313754662144,34873527352.0,648777,67281578.10449564,13085709742.520838,0.8831,0.8453,45.0,16.560015499822242,56.0
Bitcoin,2024-04-02,65446.97266,2150.974374999998,3392.742800522291,0.5842,71.0,138.0,29.4,210.88999938964844,17.12999916,29.040000915527344,39170.23828,9961.05957,14.609999656677246,40.31629562,104.81999969482422,1.0737217664718628,5121.789063,0.7876,108.8,2261.0,85.15000153,88.91999816894531,62592.18911888873,50705240709.0,685496,63780735.35077506,12446948304.835768,0.8626,0.8314,49.0,15.717727233025713,48.0
Bitcoin,2024-04-03,65980.8125,1983.9165625000023,3318.577020127842,0.5755,69.0,114.0,26.2,212.7400054931641,17.489999771118164,29.079999923706055,39127.14063,10024.41992,14.329999923706056,40.34559631347656,104.25,1.076855182647705,2354.421875,0.7672,93.8,2294.399902,85.43000030517578,89.34999847,62505.83361688057,34488018367.0,714141,60472741.77505365,11542956859.303854,0.87,0.7876,54.0,15.235455141788718,38.0
Bitcoin,2024-04-04,68508.84375,1867.597421874998,3379.925871,0.5433,53.0,116.0,29.4,211.52000427246097,17.290000915527344,32.16999816894531,38596.98047,9893.589844,16.350000381469727,40.199100494384766,104.12000274658205,1.0838346481323242,4177.460938,0.767,99.8,2288.800048828125,86.58999633789062,90.65000153,62507.08610498278,34439527442.0,655509,60862190.09987233,10660992756.195915,0.8829,0.7915,49.0,15.10947671797101,44.0
Bitcoin,2024-04-05,67837.64063,1714.3317187499997,3332.3798269852305,0.5476,58.0,126.0,32.2,215.13999938964844,16.920000076293945,32.36000061035156,38904.03906,10040.49023,16.030000686645508,40.28699875,104.3000030517578,1.0837054252624512,2714.28125,0.7786,125.0,2325.699951171875,86.91000366210938,91.16999816894533,62743.22812914101,33748230056.0,643705,63802894.67461135,7927852982.371402,0.8807,0.8094,58.0,14.756533279646051,51.0
Bitcoin,2024-04-06,68896.10938,1620.885234375004,3247.0586116648565,0.5624,60.0,89.0,30.4,215.58666483561197,17.264999866485596,31.510000228881836,38900.29296666667,10047.41341,15.750000317763671,40.37489827555339,104.24666849772134,1.0834863185882568,2137.882813,0.7778,88.4,2327.699951171875,86.75000254313152,90.9066645304362,62750.54553817984,19967785809.0,673290,67120728.44,5025793841.248038,0.8834,0.8067,46.0,14.80402570429484,31.0
Bitcoin,2024-04-07,69362.55469,1665.1014062500035,3117.468487617367,0.5611,62.0,68.0,20.4,216.0333302815755,17.609999656677246,30.65999984741211,38896.54687333333,10054.33659,15.469999948881837,40.462797801106774,104.19333394368489,1.0832672119140625,1432.796875,0.784,75.2,2329.699951171875,86.59000142415364,90.64333089192708,62794.90995547794,21204930369.0,652726,75192006.26475267,5011808062.969637,0.8878,0.82,49.0,14.920800541145049,39.0
Bitcoin,2024-04-08,71631.35938,1730.5102343749968,3155.5862518946983,0.5721,64.0,97.0,33.6,216.47999572753903,17.954999446868896,29.809999465942383,38892.80078,10061.25977,15.18999958,40.55069732666016,104.13999938964844,1.0830481052398682,3651.117188,0.7856,109.2,2331.699951171875,86.43000030517578,90.37999725341795,63819.46983300089,37261432669.0,685180,72584586.69,11418584778.487938,0.881,0.8208,55.0,13.238461182705665,41.0
Bitcoin,2024-04-09,69139.01563,1744.064687500002,3182.300515,0.5732,59.0,105.0,26.0,217.6699981689453,18.299999237060547,28.959999084472656,38883.67188,10072.28027,14.979999542236328,40.82415390014648,104.1500015258789,1.0863661766052246,3529.585938,0.7867,134.0,2343.5,85.23000336,89.41999816894531,63872.48628098652,36426900409.0,683771,67373619.40642908,10939569437.810043,0.7921,0.8473,43.0,13.250727395942477,48.0
Bitcoin,2024-04-10,70587.88281,1792.1431250000023,3211.412420319918,0.5947,49.0,80.0,21.4,215.61000061035156,18.670000076293945,30.079999923706055,38461.51172,10022.59961,15.800000190734863,40.26746368408203,105.25,1.0859296321868896,3589.867188,0.7754,112.2,2329.600098,86.20999908447266,90.48000336,64239.422757195454,38318601774.0,703704,71054532.68350925,8679207271.980724,0.7746,0.8199,56.0,12.874974042857287,40.0
Bitcoin,2024-04-11,70060.60938,1821.8535937499985,3102.3416670827814,0.5738,56.0,82.0,26.2,219.8000030517578,18.969999313354492,31.270000457763672,38459.07813,10279.34961,14.90999984741211,40.511627197265625,105.27999877929688,1.074171543121338,1684.421875,0.7745,123.8,2354.800048828125,85.01999664,89.73999786376953,65130.29209942671,30153382941.0,631803,65559919.89630068,8561053017.120059,0.7608,0.8323,46.0,11.143883039519446,46.0
Bitcoin,2024-04-12,67195.86719,1785.6803124999933,3307.0248515768685,0.5838,45.0,109.0,33.6,216.88999938964844,20.209999084472656,32.189998626708984,37983.23828,10132.12988,17.309999465942383,39.58380508422851,106.04000091552734,1.0726851224899292,5967.90625,0.7687,103.6,2356.199951171875,85.66000366210938,90.4499969482422,65892.91912366974,44129299406.0,683741,70825577.10394244,9357183105.151403,0.7261,0.8278,48.0,9.365572868511562,50.0
Bitcoin,2024-04-13,63821.47266,1657.2945312500087,3571.689092089235,0.5806,42.666666666666664,145.0,26.2,218.2433319091797,20.889999389648438,33.32333246866862,37900.528646666666,10042.356443333334,17.9499994913737,39.49916203816731,106.09666697184245,1.0701109965642293,7012.324219,0.7589,91.4,2359.3999837239585,85.57667032877605,90.33333078882814,65050.466216233464,52869738185.0,683432,76211932.38547996,6210051369.613112,0.7356,0.7937,35.0,11.337189279883528,33.0
Bitcoin,2024-04-14,65738.72656,1593.4496093749983,3575.0383087257183,0.5543,40.333333333333336,158.0,31.6,219.59666442871094,21.56999969482422,34.45666631062826,37817.819013333334,9952.583006666666,18.589999516805012,39.41451899210612,106.15333302815755,1.0675368706385295,3618.578125,0.7412,86.4,2362.6000162760415,85.4933369954427,90.21666462941407,64628.13090488064,49084320047.0,665693,67955125.97572012,5003997183.111914,0.73,0.7662,31.0,11.986780192148142,28.0
Bitcoin,2024-04-15,63426.21094,1461.2489062499951,3644.434009888166,0.5333,38.0,108.0,26.8,220.9499969482422,22.25,35.59000015258789,37735.10938,9862.80957,19.229999542236328,39.32987594604492,106.20999908447266,1.0649627447128296,4546.578125,0.7394,122.0,2365.800048828125,85.41000366210938,90.09999847,63740.135807379615,43595917654.0,666015,70442667.80740799,11559341313.326014,0.737,0.7746,41.0,13.680944235614565,38.0
Bitcoin,2024-04-16,63811.86328,1282.6095312499965,3572.6362681104406,0.5397,35.0,89.0,24.6,221.22000122070312,20.559999465942383,33.61000061035156,37798.96875,9851.040039,18.399999618530273,38.81224822998047,106.26000213623048,1.0625749826431274,2639.265625,0.7338,107.4,2390.800048828125,85.36000061035156,90.01999664,63076.61483089083,42847528078.0,743368,71877767.00329177,10682144920.883438,0.7162,0.7519,57.0,14.856932876729964,51.0
Bitcoin,2024-04-17,61276.69141,1048.618047,3654.432059227552,0.5224,31.0,142.0,29.4,219.58999633789065,19.010000228881836,33.0,37753.30859,9724.009766,18.209999084472656,38.78294754,105.9499969482422,1.0621461868286133,4717.777344,0.721,98.8,2371.699951171875,82.69000244140625,87.29000091552734,61939.37918580795,41915247049.0,661886,61150117.08218653,8561709706.0,0.6979,0.7557,38.0,16.92296898653225,34.0
Bitcoin,2024-04-18,63512.75391,806.9868749999878,3628.5588429434406,0.5256,30.0,118.0,35.8,220.33999633789065,18.649999618530273,31.399999618530273,37775.37891,9657.030273,18.0,38.939212799072266,106.1500015258789,1.0669398307800293,3292.207031,0.7125,99.4,2382.300048828125,82.73000336,87.11000061035156,61444.22638,36006307335.0,670913,65075293.924565785,12336705133.490808,0.6782,0.7301,53.0,17.526247795778378,39.0
Bitcoin,2024-04-19,63843.57031,576.5381250000064,3785.819427822481,0.506,27.0,106.0,26.0,221.02999877929688,18.510000228881836,31.86000061035156,37986.39844,9294.830078,18.709999084472656,38.78294754,106.1500015258789,1.0644185543060305,5830.207031,0.7263,80.8,2398.399902,83.13999938964844,87.29000091552734,61065.087231152065,49920425401.0,727141,71037817.02949977,9479933432.0,0.7052,0.7514,42.0,17.86767447516788,28.0
Bitcoin,2024-04-20,64994.44141,393.75484375000815,3677.550517799446,0.5223,29.333333333333332,76.0,22.8,219.21000162760416,18.260000228881836,31.14000066121419,38070.92578333333,9319.036783666666,18.119999567667644,38.92293421408529,106.12666829427083,1.0648874839146933,2270.054688,0.6734,62.8,2376.3332517239583,83.04333241643229,87.19333394368489,61022.50916070162,23097485495.0,455683,107755899.72006708,1849550188.3816292,0.7053,0.7667,48.0,17.130275412765556,29.0
Bitcoin,2024-04-21,64926.64453,265.9015625000029,3518.119733045914,0.5271,31.666666666666668,62.0,30.0,217.39000447591147,18.010000228881836,30.42000071207682,38155.45312666667,9343.243489333334,17.53000005086263,39.062920888170574,106.10333506266275,1.0653564135233562,1445.519531,0.6825,78.0,2354.266601447917,82.94666544321615,87.09666697184245,60901.06305400913,20506644853.0,484762,50811252.45242319,2437952939.1959405,0.6987,0.7751,42.0,16.838914025689014,37.0
Bitcoin,2024-04-22,66837.67969,255.48132812499537,3458.6669842569204,0.5312,34.0,72.0,22.0,215.57000732421875,17.760000228881836,29.700000762939453,38239.98047,9367.450195,16.940000534057617,39.20290756225586,106.08000183105467,1.065825343132019,2685.78125,0.6873,94.6,2332.199951171875,82.84999847,87.0,60990.12809358029,28282686673.0,534717,48173660.16,7335530723.912101,0.6827,0.7523,43.0,16.76265035315804,41.0
Bitcoin,2024-04-23,66407.27344,196.8592187500035,3306.931842524283,0.5343,36.0,85.0,24.0,215.0399932861328,17.729999542236328,28.86000061035156,38503.69141,9571.740234,15.68999958,39.52520751953125,105.69000244140624,1.065405249595642,1334.375,0.6996,96.0,2327.699951171875,83.36000061035156,88.41999816894531,61017.357417316045,24310975583.0,441797,65639395.803807706,7265789225.500739,0.6656,0.7562,40.0,16.739543786600045,38.0
Bitcoin,2024-04-24,64276.89844,153.46945312499884,3319.6864318975486,0.5511,37.0,66.0,25.4,214.63999938964844,17.450000762939453,29.040000915527344,38460.92188,9636.070313,15.970000267028809,39.66193771362305,105.86000061035156,1.07043457,3485.496094,0.6922,96.4,2324.5,82.80999755859375,88.01999664,60791.77764465509,30276655120.0,632356,48915600.66247102,7652433880.532316,0.6992,0.7305,35.0,16.835033594514698,23.0
Bitcoin,2024-04-25,64481.70703,69.89132812499884,3260.5355595298665,0.5448,39.0,67.0,17.2,215.9199981689453,17.31999969482422,28.34000015258789,38085.80078,9584.269531,15.369999885559082,39.74983978271485,105.5999984741211,1.0699878931045532,2491.574219,0.686,105.6,2329.800048828125,83.56999969482422,89.01000213623047,60607.70502,32155786816.0,633650,36409098.09254012,6784884049.382104,0.7515,0.7519,32.0,16.92686137667537,31.0
Bitcoin,2024-04-26,63755.32031,-51.44789063,3132.4442918848763,0.5246,40.0,59.0,17.4,216.6199951171875,16.920000076293945,27.809999465942383,38239.66016,9858.480469,15.029999732971191,40.2088623,105.94000244140624,1.072961449623108,1467.257813,0.6776,107.6,2334.800048828125,83.84999847,89.5,60395.386195364954,24139372950.0,664327,32499040.936198883,7554163013.008272,0.7362,0.7579,32.0,16.85721852,26.0
Bitcoin,2024-04-27,63419.14063,-222.473125,3013.9585946966713,0.5286,40.666666666666664,74.0,21.2,216.47332763671875,16.920000076293945,27.81999969482422,38288.47005333333,9891.273763333333,14.90999984741211,40.33908335055339,105.82000223795572,1.072203199082072,1473.644531,0.6785,86.4,2338.33333321875,83.44333139780599,89.13333384333333,60224.74657441156,19530783039.0,673970,31619688.84,3253300158.0688977,0.7407,0.7633,41.0,16.548086731055538,38.0
Bitcoin,2024-04-28,63113.23047,-291.7233594,2907.8106035576234,0.5213,41.333333333333336,51.0,15.2,216.32666015625,16.920000076293945,27.829999923706055,38337.27994666667,9924.067057666667,14.789999961853026,40.469304401106776,105.70000203450519,1.071444948541036,1527.886719,0.6782,84.2,2341.866617609375,83.03666432561198,88.76666768666666,60441.4637,17334827993.0,509501,31312027.141232885,3545588645.694558,0.7491,0.7676,35.0,14.685841394021734,23.0
Bitcoin,2024-04-29,63841.12109,-404.8107031,2870.068551517794,0.5183,42.0,88.0,20.4,216.17999267578125,16.920000076293945,27.84000015258789,38386.08984,9956.860352,14.670000076293944,40.59952545166016,105.58000183105467,1.070686698,2379.421875,0.6762,111.4,2345.399902,82.62999725341797,88.40000153,60494.88831563213,26635912073.0,603796,29423593.585137557,5796728920.506398,0.7585,0.7893,42.0,13.76577170167276,33.0
Bitcoin,2024-04-30,60636.85547,-602.0497656,3063.868342480808,0.5135,40.0,126.0,31.4,211.8699951171875,16.540000915527344,27.87000084,37815.92188,9711.450195,15.649999618530272,40.03306579589844,106.22000122070312,1.0715701580047607,5583.265625,0.6798,183.6,2291.399902,81.93000030517578,87.86000061035156,60415.05647639523,37840840057.0,635509,30170492.23089294,9309712608.562164,0.7692,0.7812,66.0,12.576132628995325,41.0
Bitcoin,2024-05-01,58254.01172,-803.1920313,3146.8211059643218,0.5198,40.0,183.0,36.6,213.7899932861328,16.25,28.700000762939453,37903.28906,9673.709961,15.390000343322754,40.07212829589844,105.76000213623048,1.0666552782058716,4225.207031,0.6572,140.2,2299.899902,79.0,83.44000244140625,59815.168496914885,48439780271.0,587665,26377886.03,8725783357.945253,0.7707,0.7535,47.0,12.722280009042544,29.0
Bitcoin,2024-05-02,59123.43359,-984.7742969,3112.4120091097275,0.4919,42.0,111.0,27.6,213.1300048828125,16.049999237060547,27.649999618530273,38225.66016,9816.490234,14.68000030517578,41.10738754272461,105.3000030517578,1.0721560716629028,2665.09375,0.6464,124.6,2299.199951171875,78.94999694824219,83.66999816894531,59211.03302630718,32711813559.0,528151,28934123.907706067,8551356016.181779,0.7164,0.7588,44.0,13.434966581310604,23.0
Bitcoin,2024-05-03,62889.83594,-1047.196406,3209.539108905461,0.4684,43.0,106.0,25.2,212.9600067138672,15.829999923706056,28.09000015258789,38675.67969,10031.96973,13.489999771118164,41.47851563,105.02999877929688,1.073306918144226,4472.191406,0.6422,129.8,2299.0,78.11000061035156,82.95999908447266,59160.257874307805,33172023048.0,537019,26547169.04208101,5447644455.234284,0.7157,0.7493,30.0,13.45805543902153,32.0
Bitcoin,2024-05-04,63891.47266,-1053.869063,3115.6867060372138,0.476,41.666666666666664,66.0,19.2,213.70667012532553,15.963333129882814,28.253333409627277,38734.542969999995,10095.546553333334,13.489999771118164,41.49153773323242,105.03666687011719,1.0741420984268188,1895.605469,0.6674,79.6,2306.533366,78.23333486023438,83.08333333333333,59193.785500451544,20620477992.0,473521,30920333.825437855,2535276294.7820964,0.7326,0.7455,28.0,13.080149681397971,28.0
Bitcoin,2024-05-05,64031.13281,-849.8077344,3011.3937939988414,0.5096,40.333333333333336,54.0,15.8,214.45333353678384,16.09666633605957,28.416666666666668,38793.40625,10159.123376666666,13.489999771118164,41.50455983646484,105.04333496093749,1.0749772787094116,1655.585938,0.6738,75.2,2314.066732,78.35666911011718,83.20666758219402,59213.01917,18296164805.0,429326,35681540.38259586,1613446518.3047206,0.7337,0.7391,24.0,13.108664263751756,30.0
Bitcoin,2024-05-06,63161.94922,-689.8357031,2992.627384606067,0.5179,39.0,53.0,16.2,215.1999969482422,16.229999542236328,28.579999923706055,38852.26953,10222.7002,13.489999771118164,41.517581939697266,105.0500030517578,1.0758124589920044,2748.664063,0.6654,90.8,2321.600098,78.48000336,83.33000183105469,59184.81020812439,28697928697.0,466177,27451699.523492247,5491391681.421094,0.7295,0.7476,32.0,13.10185314345008,29.0
Bitcoin,2024-05-07,62334.81641,-514.9099219,2929.1880401699195,0.519,37.0,58.0,18.6,214.2100067138672,15.75,27.829999923706055,38884.26172,10167.96973,13.229999542236328,41.28318405151367,105.41000366210938,1.0767507553100586,2104.476563,0.6555,122.0,2315.199951171875,78.37999725341797,83.16000366210938,59317.776968638485,25930730982.0,495831,26542339.523751885,4764574677.705591,0.7178,0.7106,44.0,12.83830761435788,35.0
Bitcoin,2024-05-08,61187.94141,-359.2714063,2870.600110961354,0.5112,38.0,67.0,17.0,213.5800018310547,15.289999961853027,27.90999984741211,39056.39063,10159.62988,13.0,41.29294967651367,105.5500030517578,1.0750491619110107,2108.957031,0.6477,131.0,2313.600098,78.98999786376953,83.58000183105469,59091.24989932719,26088172222.0,514675,26652066.044506725,4826242476.0,0.7013,0.6797,34.0,13.210513462500575,16.0
Bitcoin,2024-05-09,63049.96094,-346.2996094,2862.4743775891143,0.5035,42.0,60.0,17.0,216.9499969482422,16.270000457763672,27.950000762939453,39387.76172,10135.7002,12.68999958,41.419918060302734,105.2300033569336,1.0746910572052002,2756.839844,0.6526,128.2,2332.100098,79.26000213623047,83.87999725341797,59059.02692995884,25453338161.0,513026,29938747.98728028,4649344428.186168,0.6751,0.6903,28.0,13.19521551630671,27.0
Bitcoin,2024-05-10,60792.77734,-414.5921875,2889.294846154178,0.4926,46.0,74.0,23.2,218.7100067138672,16.200000762939453,27.87999916,39512.83984,10132.7002,12.550000190734863,41.507816314697266,105.30999755859376,1.078515887260437,3237.960938,0.6602,126.0,2367.300048828125,78.26000213623047,82.79000091552734,58802.451098239944,27804954694.0,474605,30606208.365642685,4160729596.332065,0.6711,0.7352,40.0,13.386749829505607,31.0
Bitcoin,2024-05-11,60793.71094,-369.7196875,2751.3828816967366,0.5095,46.666666666666664,53.0,16.2,217.8933359781901,16.30666732788086,27.933333078509115,39485.73046666667,10150.243493333333,12.900000254313152,41.611993153889976,105.27999877929689,1.07802414894104,958.5273438,0.6575,80.0,2356.90006521875,78.54666900634766,82.98000081380208,58584.61853955271,13842272968.0,445747,32554247.885671068,1989012570.1560533,0.641,0.7463,26.0,13.466405672638247,16.0
Bitcoin,2024-05-12,61448.39453,-317.7203125,2639.538010682684,0.4885,47.333333333333336,51.0,14.4,217.076665242513,16.413333892822266,27.98666699701823,39458.621093333335,10167.786786666666,13.25000031789144,41.71616999308268,105.25,1.077532410621643,1185.554688,0.6424,79.4,2346.500081609375,78.83333587646484,83.17000071207683,58706.27582390154,13800459405.0,377543,27399423.294996757,1881158872.1569223,0.6404,0.7481,25.0,12.273726304826573,25.0
Bitcoin,2024-05-13,62901.44922,-389.878125,2640.486746526778,0.487,48.0,67.0,20.8,216.2599945068359,16.520000457763672,28.040000915527344,39431.51172,10185.33008,13.600000381469728,41.82034683227539,105.22000122070312,1.077040672302246,2652.820313,0.653,116.8,2336.100098,79.12000274658203,83.36000061035156,58955.933753797035,27889181179.0,466123,30355615.834551465,5759327016.077168,0.6377,0.7378,24.0,10.94553426814186,32.0
Bitcoin,2024-05-14,61552.78906,-460.724375,2592.4776485605794,0.4932,55.0,74.0,19.6,218.08999633789065,16.610000610351562,28.010000228881836,39558.10938,10296.16992,13.420000076293944,42.04497146606445,105.01000213623048,1.079354166984558,1968.359375,0.6508,118.8,2353.399902,78.01999664,82.37999725341797,58919.130293427144,28186271527.0,458041,27735381.414564807,5418457538.779011,0.6372,0.7278,34.0,10.650039200809797,25.0
Bitcoin,2024-05-15,66267.49219,-441.1589844,2773.303742859824,0.5051,59.0,76.0,17.8,220.88999938964844,16.989999771118164,28.06999969482422,39908.0,10432.30957,12.449999809265137,42.494232177734375,104.3499984741211,1.0814552307128906,5124.042969,0.652,109.2,2388.699951171875,78.62999725341797,82.75,58689.95393016749,39815167074.0,516619,29511955.524139453,8003836077.364245,0.63,0.7135,23.0,11.656775923300277,26.0
Bitcoin,2024-05-16,65231.58203,-465.9332031,2725.165975512694,0.4927,62.0,73.0,17.4,220.02999877929688,16.260000228881836,27.079999923706055,39869.37891,10392.61035,12.420000076293944,42.58213424682617,104.45999908447266,1.0889805555343628,2099.375,0.6732,113.2,2380.0,79.23000336,83.26999664,58594.24767844859,31573077994.0,494221,30728214.692413032,7101103820.324475,0.6492,0.7362,25.0,12.18635094263212,22.0
Bitcoin,2024-05-17,67051.875,-487.5185937,2697.6644437796444,0.5332,62.0,66.0,20.0,223.66000366210935,17.399999618530273,28.059999465942383,40003.58984,10387.00977,11.989999771118164,42.7677002,104.4499969482422,1.0867793560028076,2340.144531,0.6806,103.0,2412.199951171875,80.05999755859375,83.98000336,58282.63423583372,28031279310.0,514199,35324406.77125815,7835288947.482639,0.6675,0.7087,27.0,13.727417525617952,27.0
Bitcoin,2024-05-18,66940.80469,-459.9046094,2556.676135295384,0.5244,61.333333333333336,47.0,15.6,223.96000162760416,17.459999720255535,28.003332773844402,39937.98307,10415.946616666666,12.043333053588867,42.71561305,104.48999786376955,1.0870354175567627,723.828125,0.6757,97.2,2419.4332681145834,79.97333272298177,83.89000193482421,58073.24535208089,16712277406.0,434371,28438160.46078663,2349266373.133145,0.7028,0.7069,22.0,14.962520412617112,21.0
Bitcoin,2024-05-19,66278.36719,-359.1228906,2499.564781881428,0.539,60.666666666666664,46.0,12.0,224.25999959309894,17.519999821980793,27.94666608174642,39872.376299999996,10444.883463333334,12.096666336059569,42.663525899999996,104.52999877929688,1.0872914791107178,1757.117188,0.6907,76.4,2426.6665850572917,79.8866678873698,83.80000050964844,57969.103483738945,19249094538.0,405155,34160984.651538335,3000326237.631906,0.7024,0.7155,30.0,15.65224461620126,25.0
Bitcoin,2024-05-20,71448.19531,-282.4250781,2706.552342104183,0.5373,60.0,69.0,22.4,224.55999755859375,17.579999923706055,27.88999938964844,39806.76953,10473.82031,12.149999618530272,42.61143875,104.56999969482422,1.0875475406646729,5397.390625,0.6962,104.4,2433.899902,79.80000305175781,83.70999908447266,57374.76219550784,43850655717.0,482108,34153349.86327814,7022731812.543269,0.7041,0.7314,49.0,19.09722425783499,27.0
Bitcoin,2024-05-21,70136.53125,-189.2621875,2710.036884632456,0.5311,59.0,60.0,23.4,224.22999572753903,16.760000228881836,27.37999916,39872.98828,10551.88965,11.859999656677246,42.34774017333984,104.66000366210938,1.086082935333252,2755.335938,0.7048,138.6,2421.699951171875,79.26000213623047,82.87999725341797,57788.49261434046,46932005990.0,508542,32892686.80525828,11045188897.642183,0.7311,0.7152,29.0,19.48352139555284,36.0
Bitcoin,2024-05-22,69122.33594,-41.89335938,2634.0342500158517,0.5728,58.0,46.0,20.6,220.11000061035156,16.450000762939453,27.709999084472656,39671.03906,10482.5498,12.289999961853027,42.21100997924805,104.94000244140624,1.0855170488357544,1646.0,0.7215,119.0,2389.199951171875,77.56999969482422,81.90000153,58337.62668898156,32802561717.0,491272,38917719.969275184,8214273488.198978,0.7726,0.7679,33.0,19.180099785754724,25.0
Bitcoin,2024-05-23,67929.5625,56.12210938,2709.054683050434,0.5623,52.0,77.0,24.0,215.72000122070312,16.030000686645508,28.65999984741211,39065.26172,10414.48047,12.770000457763672,41.89847946166992,105.11000061035156,1.0825204849243164,3684.320313,0.7198,139.2,2335.0,76.87000274658203,81.36000061035156,58467.34760305158,41895680979.0,533345,39242392.129105315,9092947802.681755,0.7572,0.7564,47.0,19.48298137783589,53.0
Bitcoin,2024-05-24,68526.10156,123.80601562499942,2701.095419975403,0.5535,51.0,54.0,19.4,215.9199981689453,15.260000228881836,27.559999465942383,39069.58984,10572.44043,11.93000030517578,42.01567459106445,104.72000122070312,1.0812681913375854,2597.625,0.7131,140.0,2332.5,77.72000122070312,82.12000274658203,58508.74928,29197308153.0,483309,36019989.098269254,8162826585.536556,0.7637,0.7756,42.0,19.99907813,54.0
Bitcoin,2024-05-25,69265.94531,150.08117187499738,2584.124318548588,0.5424,51.75,34.0,13.8,216.48749923706055,15.425000190734863,27.552499771118164,39015.407225,10587.90039,12.17750024795532,42.00102424621582,104.69250106811523,1.0824332634607952,1063.5,0.7143,77.4,2338.1749877929688,78.24750137329102,82.6450023651123,58531.949942966574,15473071741.0,465497,35951527.47094528,2016644986.3119545,0.758,0.7736,28.0,20.64980107241504,25.0
Bitcoin,2024-05-26,68518.09375,133.8332031250029,2493.9965770451176,0.5471,52.5,40.0,17.8,217.05500030517578,15.590000152587889,27.545000076293945,38961.224610000005,10603.36035,12.425000190734862,41.98637390136719,104.66500091552734,1.0835983355840046,1322.335938,0.7188,101.2,2343.8499755859375,78.7750015258789,83.17000198364258,58730.96447012751,15628433737.0,403848,38481434.68217408,3376577962.077557,0.756,0.7658,31.0,20.775350469262815,47.0
Bitcoin,2024-05-27,69394.55469,60.96593750000466,2484.8098795776095,0.5524,53.25,49.0,24.4,217.62250137329102,15.755000114440916,27.537500381469727,38907.041995,10618.82031,12.672500133514403,41.971723556518555,104.63750076293945,1.0847634077072144,2365.382813,0.7009,84.6,2349.5249633789062,79.3025016784668,83.69500160217285,59053.06635925985,25870990717.0,430424,28585797.25,3759980652.3522434,0.7561,0.8198,27.0,20.75780018680363,33.0
Bitcoin,2024-05-28,68296.21875,-44.711875,2470.715200679209,0.5456,54.0,59.0,22.2,218.19000244140625,15.920000076293944,27.530000686645508,38852.85938,10634.28027,12.920000076293944,41.95707321166992,104.61000061035156,1.0861891508102417,2287.484375,0.7036,84.0,2355.199951171875,79.83000183105469,84.22000122070312,59690.255002795755,32722265965.0,448181,29815772.69,25126148317.40864,0.7449,0.806,30.0,19.795760532241303,24.0
Bitcoin,2024-05-29,67578.09375,-76.27546875,2419.3047399164084,0.5521,49.0,52.0,18.8,216.16000366210935,15.829999923706056,26.770000457763672,38441.53906,10601.37012,14.279999732971191,41.33201981,105.0999984741211,1.0851871967315674,1750.96875,0.7064,106.0,2340.300048828125,79.23000336,83.59999847,60062.82917755683,26707072906.0,449070,32226288.585260373,6388638321.0,0.8108,0.7946,33.0,19.288561801344787,28.0
Bitcoin,2024-05-30,68364.99219,-149.299375,2416.6730397438077,0.5429,45.0,53.0,21.8,216.57000732421875,15.739999771118164,29.239999771118164,38111.48047,10409.09961,14.470000267028809,41.21481704711914,104.72000122070312,1.0801819562911987,2382.460938,0.6917,87.2,2342.899902,77.91000366210938,81.86000061035156,60954.292984586384,29509712534.0,499634,28767073.212312292,8488992411.997546,0.7897,0.7802,24.0,17.64503749315329,22.0
Bitcoin,2024-05-31,67491.41406,-193.1229688,2413.0635815478213,0.5362,48.0,48.0,16.4,215.3000030517578,15.260000228881836,30.34000015258789,38686.32031,10322.11035,12.920000076293944,40.81439208984375,104.66999816894533,1.0835410356521606,2366.140625,0.7086,68.8,2322.899902,76.98999786376953,81.62000274658203,61983.511719512906,27387283769.0,528690,36161250.32432566,9197804710.416952,0.8059,0.7864,26.0,15.490226882823317,31.0
Bitcoin,2024-06-01,67706.9375,-183.5415625,2273.099776615834,0.5422,47.0,36.0,11.6,215.94000244140625,15.506666819254557,30.50666681925456,38647.89062333333,10347.847003333334,12.983333269755045,40.95763397216797,104.4933319091797,1.084129015604655,453.5703125,0.7027,65.4,2330.7999673333334,76.06666564941406,80.53333536783855,63010.81948652761,11641495604.0,449639,32832191.95954163,2035171781.513369,0.7994,0.7936,25.0,13.30173693898257,25.0
Bitcoin,2024-06-02,67751.60156,-38.23617188,2188.8526943575603,0.5341,46.0,46.0,14.0,216.5800018310547,15.75333340962728,30.673333485921223,38609.46093666667,10373.583656666666,13.046666463216145,41.10087585449219,104.31666564941406,1.0847169955571492,1093.640625,0.7011,63.0,2338.7000326666666,75.1433334350586,79.44666798909505,63780.09915156599,17110588415.0,393004,32078183.185947884,1639206773.6388123,0.7995,0.785,37.0,11.69890411552434,32.0
Bitcoin,2024-06-03,68804.78125,54.30335937500058,2221.147814403449,0.5354,45.0,49.0,20.2,217.22000122070312,16.0,30.84000015258789,38571.03125,10399.32031,13.109999656677246,41.244117736816406,104.13999938964844,1.0853049755096436,2640.984375,0.7107,78.2,2346.600098,74.22000122070312,78.36000061035156,65323.410105636154,32401285324.0,482689,36823366.331727035,10231630580.222763,0.7937,0.7933,45.0,8.16930541,30.0
Bitcoin,2024-06-04,70567.76563,241.59226562500407,2239.834800874631,0.5351,47.0,63.0,22.6,215.27000427246097,16.219999313354492,30.59000015258789,38711.28906,10426.74023,13.15999984741211,40.66789245605469,104.11000061035156,1.0907385349273682,2482.765625,0.7072,86.0,2325.5,73.25,77.51999664,65475.79689676083,33149696545.0,492874,32048553.896091532,8099405366.3144045,0.8334,0.7762,43.0,8.326928631,31.0
Bitcoin,2024-06-05,71082.82031,438.3953124999971,2175.896824026443,0.5434,51.0,45.0,16.8,217.82000732421875,16.5,29.18000030517578,38807.32813,10656.45996,12.630000114440918,41.32225036621094,104.2699966430664,1.0881866216659546,1344.703125,0.6999,108.0,2354.100098,74.06999969482422,78.41000366210938,65898.61771707692,32810771409.0,460473,31319807.037151176,9970731483.523262,0.764,0.7676,51.0,7.9117305512033855,50.0
Bitcoin,2024-06-06,70757.16406,617.7833593749965,2128.0905776674113,0.5573,45.0,64.0,21.6,219.42999267578125,16.850000381469727,27.709999084472656,38886.17188,10652.87012,12.579999923706056,41.527347564697266,104.0999984741211,1.087453007698059,1506.609375,0.7115,79.4,2370.300048828125,75.55000305175781,79.87000274658203,66030.07294225728,25223152007.0,476121,34202196.12308967,7566456857.2989645,0.7847,0.7757,36.0,8.046851743,49.0
Bitcoin,2024-06-07,69342.58594,655.7774218750055,2218.9836614054534,0.5613,43.0,74.0,20.0,211.6000061035156,17.12999916,26.420000076293945,38798.98828,10627.62988,12.220000267028809,41.058555603027344,104.88999938964844,1.0894432067871094,3400.59375,0.7137,92.2,2305.199951171875,75.52999877929688,79.62000274658203,66277.41982959943,36188381096.0,468301,53491882.96192288,9046106615.578749,0.7959,0.7654,36.0,7.663529156762447,28.0
Bitcoin,2024-06-08,69305.77344,703.7003906250029,2083.526123090778,0.5573,43.333333333333336,54.0,16.0,212.24666849772134,16.973332722470705,26.176666895548504,38822.00520666667,10633.943356666667,12.393333435058594,41.13994216918945,104.97666676839192,1.0855915546417236,322.578125,0.7209,54.2,2306.0332845052085,76.26666514078777,80.29000091552734,66720.45021355363,14262185861.0,599175,48119315.72,3010368337.856259,0.785,0.7675,22.0,6.802194098019316,18.0
Bitcoin,2024-06-09,69647.99219,653.9403125000026,1981.6085205485797,0.5452,43.666666666666664,47.0,13.6,212.89333089192706,16.816666284941405,25.93333371480306,38845.02213333333,10640.256833333333,12.566666603088379,41.22132873535156,105.06333414713542,1.0817399024963377,656.6796875,0.711,53.0,2306.8666178385415,77.00333150227864,80.95999908447266,66876.87028092964,13534028500.0,479357,38340669.02081185,1356745169.9412165,0.7845,0.7674,29.0,6.096568028,30.0
Bitcoin,2024-06-10,69512.28125,600.2339062499959,1905.325657473681,0.5445,44.0,50.0,15.0,213.5399932861328,16.65999984741211,25.690000534057617,38868.03906,10646.57031,12.739999771118164,41.30271530151367,105.1500015258789,1.077888250350952,913.6484375,0.7057,72.4,2307.699951171875,77.73999786376953,81.62999725341797,66897.38425698044,20597699541.0,473053,34813178.82369563,7071634843.4280405,0.7817,0.7781,30.0,5.9492837784520525,22.0
Bitcoin,2024-06-11,67332.03125,420.5114843750053,2013.931860511275,0.5467,44.0,105.0,23.0,214.1499938964844,16.450000762939453,25.540000915527344,38747.42188,10765.79004,12.850000381469728,41.165042877197266,105.2300033569336,1.0764262676239014,3425.8125,0.6937,92.4,2307.5,77.90000153,81.91999816894531,66692.99728573117,37116136345.0,485989,28949556.468733203,8300820379.970086,0.7616,0.7962,31.0,6.290661885124255,41.0
Bitcoin,2024-06-12,68241.1875,340.5931249999994,2089.7536919033273,0.5448,46.0,75.0,24.2,214.72000122070312,15.920000076293944,24.799999237060547,38712.21094,10954.07031,12.039999961853027,41.578067779541016,104.6500015258789,1.07403302192688,3075.4375,0.6969,110.0,2336.0,78.5,82.59999847,66731.17802929443,34497940694.0,483313,34256016.743545815,7993241570.379265,0.7401,0.8014,33.0,6.223613548413552,38.0
Bitcoin,2024-06-13,66756.39844,280.9390624999942,2087.7154817673754,0.5264,44.0,76.0,20.6,212.97000122070312,15.710000038146973,24.450000762939453,38647.10156,11116.5,11.93999958,41.47972869873047,105.1999969482422,1.0813149213790894,2061.21875,0.6928,98.0,2300.199951171875,78.62000274658203,82.75,66454.60378359066,28955204146.0,469602,34852983.52192254,5447481273.682415,0.7189,0.7957,28.0,6.778501944887393,29.0
Bitcoin,2024-06-14,66011.09375,218.45578124999884,2098.432512087563,0.5334,41.0,81.0,22.6,215.72999572753903,16.06999969482422,24.709999084472656,38589.16016,11195.58008,12.65999984741211,41.52889633178711,105.5500030517578,1.0738831758499146,2237.753906,0.672,73.2,2331.399902,78.44999694824219,82.62000274658203,66011.09958683928,27403884779.0,475827,30591674.79776996,7752072910.629315,0.6797,0.7798,29.0,7.612847818196561,26.0
Bitcoin,2024-06-15,66191.0,175.45664062500873,1986.4311942598797,0.5201,41.666666666666664,41.0,11.2,215.35666402180988,15.923333168029785,24.529999415079754,38652.14062666667,11261.53353,12.68999989827474,41.61740239461263,105.47333526611327,1.0726610819498699,530.4140625,0.6698,59.2,2325.0665686666666,79.07666524251302,83.16333516438802,65687.30294267803,14121265576.0,426024,31162127.595971256,2182888818.589143,0.6714,0.7792,20.0,8.231387300391454,25.0
Bitcoin,2024-06-16,66639.04688,229.9677343749936,1907.1570910984597,0.5137,42.333333333333336,41.0,15.4,214.98333231608072,15.776666641235352,24.349999745686848,38715.121093333335,11327.48698,12.71999994913737,41.70590845743815,105.39666748046875,1.0714389880498252,876.59375,0.6855,51.0,2318.7332353333336,79.70333353678386,83.70666758219402,65468.37874981098,13281140541.0,410934,36292992.32953328,1577243596.909229,0.6784,0.7823,30.0,8.485359540276681,25.0
Bitcoin,2024-06-17,66490.29688,260.83078124999884,1920.4569752164268,0.5148,43.0,61.0,17.0,214.61000061035156,15.630000114440918,24.170000076293945,38778.10156,11393.44043,12.75,41.79441452026367,105.31999969482422,1.0702168941497805,2093.355469,0.6754,79.4,2312.399902,80.33000183105469,84.25,65264.42705038088,30006354476.0,433551,31186107.538808763,6504943989.828709,0.6766,0.78,36.0,8.829497526405843,33.0
Bitcoin,2024-06-18,65140.74609,237.23328124999537,1961.1204836831107,0.5179,41.0,107.0,19.4,215.47000122070312,15.640000343322754,23.729999542236328,38834.85938,11350.20996,12.300000190734863,42.177940368652344,105.26000213623048,1.0740677118301392,2489.746094,0.6783,79.8,2330.399902,81.56999969482422,85.33000183105469,64855.67507343144,39481285950.0,484883,33485505.869520124,8142461537.978515,0.6938,0.7553,36.0,9.687120898875612,31.0
Bitcoin,2024-06-19,64960.29688,293.1143749999901,1892.6155049378883,0.5162,39.5,62.0,14.4,216.81500244140622,16.019999980926514,23.979999542236328,38984.81055,11281.45996,12.789999961853027,42.14352226257324,105.42499923706055,1.0742292404174805,1002.050781,0.665,74.4,2342.0999754140626,81.86999893188477,85.52000045776367,64406.55954628453,21103423504.0,459862,30061986.735367667,4194286630.621904,0.6883,0.7646,17.0,10.531775371286663,19.0
Bitcoin,2024-06-20,64828.65625,375.8936718749901,1892.5082032458963,0.5041,38.0,59.0,17.4,218.16000366210935,16.399999618530273,24.229999542236328,39134.76172,11212.70996,13.279999732971191,42.10910415649414,105.58999633789062,1.0751532316207886,1891.113281,0.6573,80.2,2353.800048828125,82.16999816894531,85.70999908447266,64020.53884415881,25641109124.0,465205,30201406.014492255,6897447731.907979,0.6755,0.7472,27.0,11.297818731648745,32.0
Bitcoin,2024-06-21,64096.19922,410.9508594,1873.6613561390463,0.5019,39.0,96.0,19.4,214.77999877929688,15.859999656677246,24.739999771118164,39150.32813,11158.16016,13.199999809265137,41.96159362792969,105.8000030517578,1.0706409215927124,1628.652344,0.6591,78.8,2316.399902,80.73000336,85.23999786376953,63503.98236171172,26188171739.0,514658,29925254.56328548,5839766773.132085,0.6799,0.739,30.0,12.321027417464906,25.0
Bitcoin,2024-06-22,64252.57813,370.664375,1778.807754807686,0.5008,38.333333333333336,44.0,10.4,215.0633341471354,15.736666361490885,24.96666653951009,39237.289066666664,11096.003583333333,13.243333180745443,41.96159362792969,105.69000244140624,1.0700192054112752,545.7109375,0.6633,41.0,2320.933268,81.03000132447265,85.49666595458984,63071.21186401293,9858198793.0,456727,32753923.284468763,5441303997.531913,0.6933,0.7406,29.0,13.116894193981867,13.0
Bitcoin,2024-06-23,63180.79688,330.4583593749994,1745.3862187499942,0.4935,37.666666666666664,55.0,13.8,215.34666951497397,15.613333066304525,25.19333330790202,39324.250003333334,11033.847006666667,13.28666655222575,41.96159362792969,105.58000183105469,1.0693974892298381,1310.90625,0.6425,45.6,2325.466634,81.32999928894532,85.75333404541016,62455.88392711461,11170471802.0,358420,23464996.032867584,1479938986.0844269,0.7172,0.745,24.0,14.165949887480902,16.0
Bitcoin,2024-06-24,60277.41406,168.91515625000466,1955.774926,0.4945,37.0,169.0,31.6,215.6300048828125,15.489999771118164,25.420000076293945,39411.21094,10971.69043,13.329999923706056,41.96159362792969,105.47000122070312,1.0687757730484009,4690.828125,0.6567,73.2,2330.0,81.62999725341797,86.01000213623047,61317.79249265044,43152133651.0,456565,31298137.189054944,9211986161.082129,0.7201,0.7428,38.0,16.14494260490976,24.0
Bitcoin,2024-06-25,61804.64063,10.276093750013388,1960.2561257971888,0.4849,37.0,97.0,23.4,214.55999755859375,14.880000114440918,25.75,39112.16016,11136.04004,12.84000015258789,41.86325454711914,105.61000061035156,1.0732723474502563,2018.511719,0.6294,78.8,2316.600098,80.83000183105469,85.01000213623047,60844.71294774053,29201215431.0,441214,25133580.11826155,7946145283.243041,0.7296,0.7269,24.0,16.285705285906797,27.0
Bitcoin,2024-06-26,60811.27734,-119.65,1944.4484895795324,0.4582,40.0,58.0,20.2,212.5800018310547,14.880000114440918,26.239999771118164,39127.80078,11327.87012,12.550000190734863,41.77474594116211,106.0500030517578,1.0709619522094729,1738.949219,0.627,69.4,2299.199951171875,80.90000153,85.25,60272.14103475982,22506003064.0,476277,24985793.043253995,6539916736.601309,0.7104,0.7241,32.0,16.637909603218663,35.0
Bitcoin,2024-06-27,61604.80078,-138.5676563,1927.5972581809945,0.4708,45.0,57.0,21.0,214.9900054931641,15.010000228881836,26.280000686645508,39164.05859,11421.12988,12.239999771118164,41.80424880981445,105.91000366210938,1.068010926246643,1708.53125,0.6317,86.6,2324.5,81.73999786376953,86.38999938964844,59864.358489847786,21231745045.0,501018,26857887.760584537,10565765822.368536,0.7282,0.7231,40.0,16.800342649504426,42.0
Bitcoin,2024-06-28,60320.13672,-178.950625,1942.818547775209,0.4609,44.0,63.0,21.8,215.0099945068359,14.720000267028809,26.540000915527344,39118.85938,11309.30957,12.43999958,41.88292313,105.87000274658205,1.0708472728729248,2140.695313,0.6371,61.6,2327.699951171875,81.54000091552734,86.41000366210938,59312.38731681707,24952866877.0,562499,27387262.889348183,8362849210.0,0.7592,0.7135,38.0,17.233067102687684,22.0
Bitcoin,2024-06-29,60887.37891,-101.9842188,1860.949812219837,0.468,45.0,61.0,16.0,215.19666544596353,14.766666730244955,26.790000915527344,39135.74609666667,11394.509766666666,12.36666647567627,41.915701550777996,105.880002339681,1.0717401107152302,796.65625,0.6443,47.8,2327.66666678125,82.15333302815755,86.47333526473959,59059.68949064074,12652903396.0,502873,30942499.76544558,2587218662.591855,0.7585,0.7141,27.0,16.775189496535035,35.0
Bitcoin,2024-06-30,62678.29297,-37.14640625,1889.4447475077056,0.456,46.0,37.0,12.2,215.38333638509113,14.8133331934611,27.040000915527344,39152.63281333333,11479.709963333333,12.293333371352539,41.94847997155599,105.89000193277995,1.0726329485575359,2259.878906,0.6231,38.8,2327.633382390625,82.76666514078777,86.53666686736979,59193.71118946135,17333226409.0,465981,24120051.873250384,2587218662.591855,0.7298,0.7017,26.0,15.380852615496076,22.0
Bitcoin,2024-07-01,62851.98047,21.39609375000873,1846.0354686678695,0.4606,47.0,60.0,14.4,215.57000732421875,14.859999656677246,27.290000915527344,39169.51953,11564.91016,12.220000267028809,41.981258392333984,105.9000015258789,1.0735257863998413,1281.714844,0.6376,60.8,2327.600098,83.37999725341797,86.59999847,59169.77408706145,25468379421.0,650451,29429485.80196799,7238212215.877723,0.7271,0.6661,18.0,14.80859840063512,23.0
Bitcoin,2024-07-02,62029.01563,-4.389765625,1817.7910267094503,0.4774,49.0,41.0,17.6,215.55999755859375,14.350000381469728,25.81999969482422,39331.85156,11762.7002,12.029999732971191,42.10910415649414,105.72000122070312,1.0737102031707764,1450.613281,0.6432,69.0,2323.0,82.80999755859375,86.23999786376953,59239.22007823229,20151616992.0,511492,30046122.863910675,5251483422.359735,0.7182,0.6836,26.0,13.685614242166029,40.0
Bitcoin,2024-07-03,60173.92188,22.629375000004075,1885.685696676632,0.4777,48.0,70.0,19.4,217.9900054931641,14.890000343322754,24.62000084,39308.0,11960.50977,12.09000015258789,42.72864532470703,105.4000015258789,1.0748412609100342,2768.316406,0.6342,69.0,2359.800048828125,83.87999725341797,87.33999633789062,58921.947924953885,29756701685.0,503996,29705029.94,5633224518.403391,0.7162,0.6706,26.0,13.71934609337115,30.0
Bitcoin,2024-07-04,56977.70313,-165.0584375,2009.698939,0.4702,48.5,161.0,35.8,219.45999908447268,15.255000114440918,24.200000763322752,39341.935545,12043.264650000001,12.28499984741211,42.8171501159668,105.13999938964844,1.0793308019638062,3621.871094,0.6226,82.2,2374.1500244140625,83.52000045776367,86.93999862670898,57870.11323159067,41149609230.0,487582,26605753.728588175,8872506195.657322,0.7073,0.6799,31.0,15.72905835142138,30.0
Bitcoin,2024-07-05,56662.375,-374.1342187,2136.1331110693923,0.4531,49.0,183.0,32.4,220.92999267578125,15.619999885559082,23.780000686645508,39375.87109,12126.01953,12.479999542236328,42.90565490722656,104.87999725341795,1.0810693502426147,3779.777344,0.5926,86.4,2388.5,83.16000366210938,86.54000091552734,56970.13752273145,55417544033.0,510689,22301675.55097078,17072634339.062922,0.7076,0.6638,47.0,17.208245105850843,40.0
Bitcoin,2024-07-06,58303.53906,-577.1726562,2157.3797415287213,0.4527,49.666666666666664,67.0,21.0,220.01666259765625,15.456666628519693,23.790000279744465,39365.51041333334,12126.072916666666,12.44333299001058,42.90893300374349,104.92333221435547,1.0815804402033489,2433.585938,0.6182,64.6,2377.3999837239585,82.88333638509114,86.27666727701823,56662.10890884786,20610320577.0,461755,31130289.06445652,3146711262.5946255,0.7553,0.6706,34.0,16.972809346772998,30.0
Bitcoin,2024-07-07,55849.10938,-781.5578906,2187.409537,0.4182,50.333333333333336,60.0,14.8,219.10333251953125,15.293333371480307,23.799999872843426,39355.149736666666,12126.126303333334,12.40666643778483,42.912211100260414,104.96666717529297,1.0820915301640828,2577.796875,0.6085,59.8,2366.2999674479165,82.60666910807292,86.01333363850911,55938.763832992016,20553359505.0,417263,26070247.738776933,2278555072.733085,0.7498,0.6936,27.0,17.743160973049367,15.0
Bitcoin,2024-07-08,56705.09766,-945.4459375,2303.331456024765,0.4326,51.0,99.0,24.0,218.19000244140625,15.130000114440918,23.809999465942383,39344.78906,12126.17969,12.369999885559082,42.915489196777344,105.01000213623048,1.082602620124817,3810.316406,0.6081,80.0,2355.199951171875,82.33000183105469,85.75,55439.85025852794,39766159899.0,534832,28821766.389045496,10703012141.302937,0.7459,0.6941,45.0,18.11896390125059,24.0
Bitcoin,2024-07-09,58009.22656,-1028.429531,2276.1163743444245,0.4087,50.0,68.0,21.6,218.55999755859375,14.640000343322754,24.190000534057617,39291.96875,12154.91992,12.510000228881836,43.09250259399414,105.12999725341795,1.0830950736999512,1922.320313,0.6065,98.2,2360.100098,81.41000366210938,84.66000366210938,55270.30501824056,27849512607.0,499299,28449925.860777948,7917211325.057808,0.741,0.6843,39.0,17.635515161249533,24.0
Bitcoin,2024-07-10,57742.49609,-1104.926094,2269.3237426948226,0.4162,54.0,60.0,21.4,219.36000061035156,14.890000343322754,24.010000228881836,39721.35938,12251.4502,12.850000381469728,43.33835220336914,105.0500030517578,1.0814785957336426,2181.019531,0.5997,72.2,2372.199951171875,82.09999847,85.08000183105469,55145.656738524536,26175260526.0,460604,25685789.998779457,8254401496.318952,0.7301,0.661,41.0,16.97698629727869,29.0
Bitcoin,2024-07-11,57344.91406,-1165.507813,2262.8759530380494,0.429,49.0,85.0,21.8,223.25,15.739999771118164,24.010000228881836,39753.75,11820.57031,12.920000076293944,43.59403610229492,104.44000244140624,1.083329677581787,2179.054688,0.5999,93.0,2415.0,82.62000274658203,85.40000153,54976.76087437445,28707803842.0,487442,26146374.020168204,7191349803.164905,0.7273,0.6608,43.0,16.509674939146237,38.0
Bitcoin,2024-07-12,57899.46484,-1144.275859,2239.983306838903,0.4258,54.0,66.0,18.0,223.11000061035156,15.119999885559082,24.12000084,40000.89844,11821.37012,12.460000038146973,43.77104568481445,104.08999633789062,1.0872756242752075,1942.378906,0.5974,72.6,2414.0,82.20999908447266,85.02999877929688,55008.31974458884,25604805221.0,486027,28054420.058989387,7362339048.252724,0.7141,0.6134,43.0,15.425910504736253,17.0
Bitcoin,2024-07-13,59231.95313,-1138.693437,2222.1728362611243,0.4223,55.0,40.0,17.4,223.3500010172526,15.40666643778483,24.023333867902018,40071.17187666667,11834.413413333334,12.679999987284342,43.61698023320964,104.12333170572916,1.0877017180124917,1990.636719,0.5963,72.6,2416.966634,82.11000061035156,84.96999867619792,55112.72528099062,17080061806.0,418214,30099376.59774986,2761173151.654501,0.6373,0.6336,34.0,14.46099684555726,24.0
Bitcoin,2024-07-14,60787.79297,-1039.477109,2213.751729653187,0.4269,56.0,49.0,15.0,223.59000142415366,15.69333299001058,23.926666895804036,40141.44531333333,11847.456706666666,12.899999936421713,43.462914781604816,104.1566670735677,1.0881278117497761,2104.277344,0.604,50.8,2419.933268,82.01000213623047,84.90999857309896,55111.90943,22223416061.0,440649,32595709.496098205,1663806010.8954782,0.6072,0.6009,27.0,14.543406731087414,16.0
Bitcoin,2024-07-15,64870.15234,-864.5552344,2353.1425101243876,0.4387,57.0,83.0,23.6,223.8300018310547,15.979999542236328,23.829999923706055,40211.71875,11860.5,13.119999885559082,43.30884933,104.19000244140624,1.0885539054870603,4165.222656,0.6127,98.2,2422.899902,81.91000366210938,84.84999847,54752.67054299866,38094526099.0,482490,30910692.54422916,8843917880.771624,0.626,0.6122,39.0,16.22621830641353,22.0
Bitcoin,2024-07-16,65097.14844,-714.9549219,2389.801694669074,0.4552,57.0,70.0,23.0,228.2899932861328,17.149999618530273,24.40999984741211,40954.48047,11837.71973,13.18999958,43.55469894,104.2699966430664,1.0901559591293335,2866.371094,0.6329,87.4,2462.399902,80.76000213623047,83.73000336,54419.88646805998,41617346768.0,492843,30723152.21640699,12446978850.29957,0.6533,0.6299,37.0,17.997723401412987,32.0
Bitcoin,2024-07-17,64118.79297,-597.9014844,2374.147890585569,0.4899,46.0,53.0,16.8,227.22999572753903,16.700000762939453,25.280000686645508,41198.07813,11450.62988,14.479999542236328,42.84665298461914,103.75,1.0902509689331057,2170.648438,0.6529,100.6,2454.800048828125,82.84999847,85.08000183105469,54272.444159917584,32525071311.0,476281,33282763.029105972,7739487792.722873,0.7524,0.6257,35.0,18.87155414878652,23.0
Bitcoin,2024-07-18,63974.06641,-484.0990625,2337.315619383028,0.4923,45.0,37.0,15.8,225.77999877929688,16.25,25.68000030517578,40665.01953,11406.78027,15.93000030517578,42.443458557128906,104.16999816894533,1.094020128250122,1858.496094,0.633,86.8,2451.800048828125,82.81999969482422,85.11000061035156,54186.413734444955,27239305337.0,481360,26595779.884649936,6732472480.378525,0.7589,0.6212,36.0,19.70831756170277,22.0
Bitcoin,2024-07-19,66710.15625,-347.6327344,2464.1714233556695,0.4827,43.0,58.0,19.6,221.72999572753903,16.34000015258789,26.829999923706055,40287.53125,11273.87012,16.520000457763672,42.03043365478515,104.4000015258789,1.0901559591293335,4113.296875,0.6445,78.6,2395.5,80.12999725341797,82.62999725341797,53817.644847594165,37003855410.0,510414,31188257.506723937,8528315185.286593,0.7663,0.6279,30.0,21.79841518,19.0
Bitcoin,2024-07-20,67163.64844,-281.2292187,2381.810406508836,0.4807,44.666666666666664,30.0,15.8,221.75333150227863,16.140000025431316,26.829999923706055,40330.16797,11353.660156666667,15.983333587646484,42.14844004313151,104.37000020345053,1.0900767246882122,1311.117188,0.6673,65.6,2394.3333333333335,80.01333109537761,82.55333201227864,53466.40868230484,19029581250.0,444989,35576298.58516339,3598982164.152902,0.7797,0.6444,28.0,23.61634299043661,25.0
Bitcoin,2024-07-21,68154.52344,-186.329375,2392.4389042582047,0.5041,46.333333333333336,61.0,12.0,221.77666727701822,15.93999989827474,26.829999923706055,40372.80469,11433.450193333332,15.446666717529297,42.26644643147786,104.33999888102214,1.0899974902470906,2530.609375,0.6765,73.8,2393.1666666666665,79.89666493733723,82.47666677113932,53060.01388027327,26652190004.0,412253,36593236.63656708,2500846849.1716294,0.783,0.6672,32.0,25.719192726682028,22.0
Bitcoin,2024-07-22,67585.25,-106.1078906,2355.033670025476,0.508,48.0,61.0,18.2,221.8000030517578,15.739999771118164,26.829999923706055,40415.44141,11513.24023,14.90999984741211,42.38445281982422,104.30999755859376,1.0899182558059692,1868.765625,0.688,96.6,2392.0,79.77999877929688,82.40000153,52818.86344,42649109453.0,504554,40503193.649326466,9717578991.658886,0.7686,0.7139,30.0,27.299222054108636,32.0
Bitcoin,2024-07-23,65927.67188,-91.56953125,2350.7137427022276,0.515,46.0,51.0,14.6,222.5800018310547,15.43999958,26.739999771118164,40358.08984,11533.91016,14.720000267028809,42.010765075683594,104.4499969482422,1.0889805555343628,2294.554688,0.677,100.2,2404.600098,76.95999908447266,81.01000213623047,52870.229027026755,35605668666.0,480641,36418067.23043895,14515028690.791714,0.7418,0.7168,56.0,27.94050841959309,15.0
Bitcoin,2024-07-24,65372.13281,-162.3854687,2323.3047811699257,0.5104,38.0,46.0,16.4,221.8000030517578,15.979999542236328,26.850000381469727,39853.87109,10897.49023,18.040000915527344,41.40105438232422,104.38999938964844,1.0850694179534912,1966.988281,0.6527,101.8,2413.300048828125,77.58999633789062,81.70999908447266,53386.44780653563,27470942309.0,484767,30030873.28241354,8943563782.017931,0.7292,0.7042,42.0,27.439070807986425,23.0
Bitcoin,2024-07-25,65777.22656,-261.9420313,2345.8508124256455,0.4957,39.0,84.0,19.4,218.3300018310547,15.539999961853027,26.489999771118164,39935.07031,10835.59961,18.459999084472656,41.23387908935547,104.36000061035156,1.0839520692825315,2638.949219,0.6626,94.8,2351.899902,78.27999877929688,82.37000274658203,54034.09600983375,38315761670.0,529053,33681498.18421587,7867610940.380128,0.7566,0.7015,48.0,26.622685705868363,32.0
Bitcoin,2024-07-26,67912.0625,-327.7957813,2354.278321359528,0.4906,42.0,53.0,16.4,220.6300048828125,15.199999809265137,29.770000457763672,40589.33984,10906.75977,16.389999389648438,41.656742095947266,104.31999969482422,1.0851283073425293,2463.835938,0.6729,105.2,2380.0,77.16000366210938,81.12999725341797,54391.20944651141,30488630457.0,529294,34769098.691780806,7332170770.1329155,0.8047,0.7322,35.0,26.81170021402659,27.0
Bitcoin,2024-07-27,67813.33594,-355.05375,2378.4933742981334,0.4931,42.0,52.0,16.2,220.52667236328125,15.34666665395101,30.12000020345052,40572.86979,10932.67318,16.459999720255535,41.61085001627604,104.3999989827474,1.0852107604344685,2693.289063,0.6797,152.6,2379.1000162760415,76.71000162760417,80.67999776204427,55361.23455770841,34691905492.0,508959,33621812.77255944,4232975746.9635262,0.8136,0.7376,27.0,25.386025632970004,31.0
Bitcoin,2024-07-28,68255.86719,-318.5096875,2295.459807383981,0.5112,42.0,45.0,16.2,220.42333984375,15.493333498636881,30.46999994913737,40556.39974,10958.58659,16.53000005086263,41.56495793660482,104.47999827067058,1.085293213526408,1216.023438,0.6802,101.6,2378.2000325520835,76.25999959309895,80.22999827067058,56296.35334666215,18043166945.0,431944,32416704.844024707,2767696675.788944,0.8213,0.747,33.0,24.039237406856305,35.0
Bitcoin,2024-07-29,66819.91406,-271.1585937,2378.280200606554,0.5118,42.0,58.0,24.8,220.32000732421875,15.640000343322754,30.81999969482422,40539.92969,10984.5,16.600000381469727,41.519065856933594,104.55999755859376,1.0853756666183472,3454.945313,0.6948,141.4,2377.300048828125,75.80999755859375,79.77999877929688,57159.313609378485,40780682628.0,543529,40280474.14703804,9902659739.016802,0.8216,0.741,41.0,22.56355302338716,40.0
Bitcoin,2024-07-30,66201.01563,-231.2720312,2327.294505473943,0.5128,40.0,51.0,23.0,222.52000427246097,16.299999237060547,31.489999771118164,40743.32813,10788.96973,17.690000534057617,41.332218170166016,104.5500030517578,1.081946611404419,1664.480469,0.6747,100.2,2405.0,74.73000336,78.62999725341797,58232.16403449888,31380492109.0,500916,31830629.065246847,15119384835.08306,0.855,0.7207,32.0,20.41203777349139,32.0
Bitcoin,2024-07-31,64619.25,-228.625625,2323.785188118661,0.4999,46.0,58.0,20.0,226.5500030517578,17.87999916,33.689998626708984,40842.78906,11160.63965,16.360000610351562,42.23694610595703,104.0999984741211,1.081607222557068,2278.164063,0.6668,97.6,2426.5,77.91000366210938,80.72000122070312,59555.87854932665,31292785994.0,542141,29878304.716119494,9602772099.094246,0.8864,0.7141,35.0,17.35407479611816,36.0
Bitcoin,2024-08-01,65357.5,-255.714375,2396.6791590566136,0.4947,42.0,74.0,23.6,225.77000427246097,17.610000610351562,33.41999816894531,40347.96875,10862.44043,18.59000015258789,41.49939727783203,104.41999816894533,1.082391619682312,3344.300781,0.6573,87.8,2435.0,76.30999755859375,79.51999664,61030.444420582186,40975554494.0,550192,29941720.637247816,8155277551.651909,0.8544,0.7176,27.0,13.896033539928984,43.0
Bitcoin,2024-08-02,61415.06641,-341.5428906,2535.3683709097127,0.4808,41.0,85.0,20.4,225.33999633789065,18.700000762939453,38.83000183105469,39737.26172,10550.23047,23.38999938964844,40.90935516357422,103.20999908447266,1.078760266304016,4338.328125,0.6437,115.4,2425.699951171875,73.51999664,76.80999755859375,61681.39287672541,43060875727.0,531291,25639623.020384252,9809266028.523855,0.8171,0.7416,27.0,12.223567367144396,23.0
Bitcoin,2024-08-03,60680.09375,-391.6013281,2519.402326559019,0.4864,38.333333333333336,82.0,18.4,224.38666280110678,19.783334096272785,40.43000157674154,39392.597656666665,10411.000326666666,28.4499994913737,40.522552490234375,103.03666687011719,1.0828680594762166,2311.84375,0.6319,121.4,2417.699951171875,73.32666524046876,76.63999938964844,61649.48747985829,31753030589.0,490026,26794833.618947934,2308110370.827175,0.8083,0.7425,39.0,12.305312061142716,28.0
Bitcoin,2024-08-04,58116.97656,-486.8564844,2614.600988501232,0.4503,35.666666666666664,106.0,25.2,223.4333292643229,20.86666742960612,42.03000132242838,39047.933593333335,10271.770183333334,33.50999959309896,40.13574981689453,102.8633346557617,1.086975852648417,3852.183594,0.6236,75.0,2409.699951171875,73.1333338409375,76.47000122070312,60136.42036875244,31758917219.0,451025,27703218.71189708,3460899185.172749,0.7912,0.7442,46.0,15.96596298520857,19.0
Bitcoin,2024-08-05,53991.45703,-685.5526562,3081.2430495904296,0.4437,33.0,239.0,52.6,222.47999572753903,21.950000762939453,43.630001068115234,38703.26953,10132.54004,38.56999969482422,39.74894714355469,102.69000244140624,1.0910836458206177,9147.589844,0.6105,138.8,2401.699951171875,72.94000244140625,76.30000305175781,57601.64277435289,108991000000.0,572484,26644591.438730378,13237735958.448278,0.7914,0.727,53.0,22.212488824207867,47.0
Bitcoin,2024-08-06,56034.31641,-836.9985156,3081.6288697089703,0.4169,19.0,104.0,26.8,220.6999969482422,19.100000381469727,40.41999816894531,38997.66016,10265.58008,27.709999084472656,39.97513198852539,102.97000122070312,1.0950982570648191,3086.644531,0.5878,91.4,2389.100098,73.19999694824219,76.48000336,56245.00114124202,49300484106.0,502085,24947450.301382836,6808433062.101781,0.794,0.7202,43.0,25.310015629616473,34.0
Bitcoin,2024-08-07,55027.46094,-932.4375781,3083.396450444044,0.3752,16.0,82.0,24.2,220.5500030517578,18.12000084,38.00999832,38763.44922,10132.7998,27.850000381469727,40.22098159790039,103.1999969482422,1.0926215648651123,3106.375,0.569,99.0,2390.5,75.23000336,78.33000183105469,54829.81540886799,41637562185.0,483579,24061710.957340345,7893851552.603765,0.7671,0.7019,47.0,28.51413530559531,24.0
Bitcoin,2024-08-08,61710.13672,-890.8207813,3427.942351305184,0.3958,17.0,49.0,16.8,224.0099945068359,18.450000762939453,34.77000045776367,39446.48828,10489.38965,23.790000915527344,41.13554000854492,103.20999908447266,1.0928125381469729,7907.039063,0.5809,60.0,2422.199951171875,76.19000244140625,79.16000366210938,54622.51673522268,45298472567.0,541524,24746427.922946204,6532994035.445488,0.7572,0.7093,34.0,28.49196935497607,16.0
Bitcoin,2024-08-09,60880.11328,-808.3111719,3337.6610338012424,0.3866,24.0,57.0,22.2,224.55999755859375,17.799999237060547,33.369998931884766,39497.53906,10601.19043,20.37000084,41.36172103881836,103.13999938964844,1.0915720462799072,2164.003906,0.6003,76.4,2432.100098,76.83999633789062,79.66000366210938,54375.37166129476,33425553115.0,505594,25226758.914557975,7901052207.058064,0.734,0.661,27.0,28.42168469591505,19.0
Bitcoin,2024-08-10,60945.8125,-618.3671094,3183.3241965654393,0.4525,23.666666666666668,40.0,13.8,225.84333292643228,18.736666361490883,33.96999867757162,39450.69661333333,10602.483723333333,20.483333588157553,41.407613118489586,103.13999938964844,1.0915084679921467,1176.945313,0.603,47.0,2442.2000326666666,77.913330078125,80.54000345865886,54233.32273133985,15745822278.0,449194,24917672.545437884,3834508484.859348,0.7424,0.6522,23.0,27.89118634046598,24.0
Bitcoin,2024-08-11,58719.48438,-519.909375,3200.9321780607647,0.4432,23.333333333333332,36.0,20.0,227.12666829427081,19.673333485921223,34.56999842325846,39403.85416666667,10603.777016666667,20.596666336315103,41.453505198160805,103.13999938964844,1.0914448897043865,3429.835938,0.6125,56.2,2452.2999673333334,78.98666381835938,81.42000325520833,53861.31538682022,22759754812.0,407547,31274508.810764223,1565215178.617859,0.7506,0.6157,32.0,27.860946867374803,26.0
Bitcoin,2024-08-12,59354.51563,-394.1692969,3185.967993467139,0.4426,23.0,64.0,20.8,228.41000366210935,20.61000061035156,35.16999816894531,39357.01172,10605.07031,20.709999084472656,41.49939727783203,103.13999938964844,1.091381311416626,2991.433594,0.5843,58.2,2462.399902,80.05999755859375,82.30000305175781,53566.89347577467,37078637820.0,459444,25788167.68871333,6152997429.581424,0.7472,0.5585,37.0,27.89804776096585,31.0
Bitcoin,2024-08-13,60609.56641,-322.5230469,3177.409174737343,0.4223,25.0,49.0,19.4,228.05999755859375,19.18000030517578,33.25999832,39765.64063,10934.86035,18.12000084,41.96159362792969,102.55999755859376,1.0936251878738403,3066.144531,0.5905,65.0,2466.699951171875,78.34999847,80.69000244140625,53423.590602353055,30327698167.0,499256,28725350.509276494,7149997426.564984,0.7024,0.5881,27.0,27.699348114408668,28.0
Bitcoin,2024-08-14,58737.26953,-304.8996094,3180.0858631489614,0.4273,26.0,66.0,18.8,226.1999969482422,18.489999771118164,31.510000228881836,40008.39063,10926.12988,16.190000534057617,41.735408782958984,102.56999969482422,1.0996986627578735,3214.882813,0.585,79.2,2439.399902,76.98000336,79.76000213623047,53140.922100081414,29961696180.0,514603,25374791.768216494,6988791297.667786,0.7146,0.5756,30.0,27.632598928911975,17.0
Bitcoin,2024-08-15,57560.09766,-306.9154687,3215.583636316893,0.4389,32.0,86.0,17.4,226.91000366210935,18.15999984741211,31.13999938964844,40563.05859,11199.83984,15.229999542236328,42.197608947753906,102.9800033569336,1.101321578025818,3677.054688,0.6002,85.8,2453.100098,78.16000366210938,81.04000091552734,52954.14608528845,35682112440.0,517110,30178079.49,5391558140.144841,0.7104,0.6665,29.0,26.784385449675185,26.0
Bitcoin,2024-08-16,58894.10547,-250.4675,3181.4233654192576,0.4206,33.0,78.0,24.4,231.9900054931641,20.09000015258789,31.0,40659.76172,11235.91016,14.800000190734863,42.689308166503906,102.45999908447266,1.0972732305526731,2737.339844,0.5829,79.0,2498.600098,76.65000153,79.68000030517578,53056.87334361771,29350938673.0,541657,26519144.89827162,4199825226.304338,0.7009,0.6539,38.0,25.173206066342345,20.0
Bitcoin,2024-08-17,59478.97266,-190.7651563,3017.024263425025,0.4093,35.0,45.0,14.2,231.86333719889325,19.650000254313152,31.343332926432293,40738.684896666666,11300.583336666667,14.75,42.82698440551758,102.26999918619792,1.0990152756373086,879.8359375,0.5875,60.4,2499.6667482760417,75.89000193552734,79.00666809082031,53441.40779,13589684021.0,468048,28078460.50129376,1860988054.625138,0.6666,0.6529,25.0,22.62367602390246,22.0
Bitcoin,2024-08-18,58483.96484,-245.4764844,2931.3308450553805,0.4212,37.0,41.0,45.6,231.7366689046224,19.21000035603841,31.686665852864582,40817.60807333334,11365.256513333334,14.699999809265135,42.96466064453125,102.07999928792317,1.100757320721944,1817.316406,0.5876,53.4,2500.733398552083,75.13000234105469,78.33333587646484,53694.07805753576,17740625837.0,431177,29963139.508225396,1842005986.3217332,0.6437,0.6253,36.0,20.543758414945145,24.0
Bitcoin,2024-08-19,59493.45313,-247.8258594,2846.803586033567,0.4261,39.0,59.0,43.6,231.61000061035156,18.770000457763672,32.029998779296875,40896.53125,11429.92969,14.649999618530272,43.10233688354492,101.88999938964844,1.1024993658065796,1747.949219,0.5719,68.6,2501.800048828125,74.37000274658203,77.66000366210938,54095.59909806734,25911207712.0,479794,24384186.539100166,6312008781.440564,0.6394,0.6324,55.0,18.18280099789997,20.0
Bitcoin,2024-08-20,59012.79297,-259.5860156,2842.4208522097406,0.416,44.0,61.0,52.2,232.4600067138672,18.469999313354492,32.04999923706055,40834.96875,11420.13965,15.880000114440918,42.76798248291016,101.44000244140624,1.1086474657058716,2785.445313,0.5877,70.4,2511.300048828125,74.04000091552734,77.19999694824219,54349.61519424208,31613400008.0,522795,28878023.561539512,5274305723.816394,0.6499,0.6486,45.0,16.464430989591715,24.0
Bitcoin,2024-08-21,61175.19141,-222.4485937,2854.4555234804734,0.4266,50.0,61.0,18.4,232.1499938964844,18.62999916,32.70000076293945,40890.48828,11484.08008,16.270000457763672,42.935157775878906,101.04000091552734,1.112792730331421,3010.90625,0.5833,93.6,2508.399902,71.93000030517578,76.05000305175781,54912.94588953477,32731154072.0,528523,28080429.31078806,5478969193.046639,0.6354,0.6241,44.0,13.905020830311354,24.0
Bitcoin,2024-08-22,60381.91406,-201.4654688,2764.341233856868,0.4212,46.0,49.0,15.6,229.3699951171875,17.889999389648438,31.729999542236328,40712.78125,11079.7002,17.549999237060547,42.40412139892578,101.51000213623048,1.115536093711853,1592.855469,0.5961,62.6,2478.899902,73.01000213623047,77.22000122070312,54958.54095544437,27625734377.0,529070,36484622.08943517,5779831062.841158,0.6439,0.6088,36.0,13.587333527190312,11.0
Bitcoin,2024-08-23,64094.35547,-11.06414063,2893.674839920663,0.4406,51.0,50.0,16.8,232.02000427246097,17.489999771118164,30.540000915527344,41175.07813,11236.79004,15.859999656677246,43.11217117,100.72000122070312,1.111716389656067,4575.011719,0.6014,105.0,2508.399902,74.83000183105469,79.01999664,54595.846677647096,42530509233.0,531334,32232355.760426287,7779554833.467165,0.6314,0.6258,41.0,15.352138878030006,19.0
Bitcoin,2024-08-24,64178.99219,202.9649999999965,2750.8317151941874,0.433,51.333333333333336,44.0,13.6,232.26666768391928,17.6266663869222,30.690000534057617,41196.89193,11197.996746666666,15.956666310628256,42.990885414602865,100.76333363850911,1.1140754222869873,893.8710938,0.6115,72.0,2511.499918390625,75.69333394368489,79.8233311950586,54426.39449576894,21430585163.0,465477,31977631.277370874,8091891894.064948,0.6331,0.6329,23.0,16.863916647288242,23.0
Bitcoin,2024-08-25,64333.54297,400.3488281250029,2637.4081886624595,0.4663,51.666666666666664,39.0,12.0,232.5133310953776,17.763333002726238,30.84000015258789,41218.70573,11159.203453333334,16.053332964579266,42.86959965920573,100.80666605631511,1.1164344549179075,1162.902344,0.6093,65.2,2514.59993478125,76.55666605631511,80.62666575011718,55169.06497996736,18827683555.0,410926,27138221.863811824,1702032825.6541274,0.6797,0.6194,38.0,15.966020404677804,22.0
Bitcoin,2024-08-26,62880.66016,558.0563281249997,2566.1753492937123,0.4667,52.0,40.0,19.0,232.7599945068359,17.899999618530273,30.989999771118164,41240.51953,11120.41016,16.149999618530273,42.748313903808594,100.8499984741211,1.118793487548828,1640.148438,0.6094,50.4,2517.699951171875,77.41999816894531,81.43000030517578,55706.75250843268,27682040631.0,467689,27674781.485073037,6102368262.378635,0.6779,0.6344,29.0,15.227359221914702,24.0
Bitcoin,2024-08-27,59504.13281,609.8771875,2746.7376011298757,0.4672,52.0,63.0,19.4,233.38999938964844,17.690000534057617,31.25,41250.5,11089.12988,15.43000030517578,42.807315826416016,100.5500030517578,1.1164700984954834,5094.046875,0.6004,61.6,2516.0,75.52999877929688,79.55000305175781,56591.22873581951,39103882198.0,500316,28461613.063088853,9613387187.807987,0.6572,0.6274,41.0,12.987873668367344,22.0
Bitcoin,2024-08-28,59027.625,487.9121094,2718.0973037277413,0.4546,51.0,75.0,19.8,231.75,17.18000030517578,32.119998931884766,41091.42188,10922.86035,17.110000610351562,42.54179763793945,101.08999633789062,1.117793083190918,2345.773438,0.6001,55.4,2501.0,74.51999664,78.65000153,56445.44772996761,40289564698.0,507535,30760746.12538446,6632252546.814548,0.7003,0.6543,33.0,13.05532308656815,13.0
Bitcoin,2024-08-29,59388.17969,370.4934375000011,2695.222886943617,0.4222,56.0,55.0,17.6,232.9499969482422,17.219999313354492,31.809999465942383,41335.05078,10916.7998,15.649999618530272,42.561466217041016,101.33999633789062,1.1124955415725708,2397.855469,0.5796,50.6,2525.699951171875,75.91000366210938,79.94000244140625,56354.543164261835,32224990582.0,537264,25532872.34028431,6395977330.5875435,0.7047,0.6443,33.0,13.125548076494203,27.0
Bitcoin,2024-08-30,59119.47656,285.3846093749962,2654.7323570726444,0.4168,60.0,45.0,20.0,231.2899932861328,16.399999618530273,33.36000061035156,41563.07813,11094.62988,15.0,42.64997100830078,101.6999969482422,1.10804545879364,2128.355469,0.5909,55.6,2493.800048828125,73.55000305175781,78.80000305175781,56241.65177140688,32292756405.0,572225,26777389.05608681,7346359988.724018,0.7137,0.6894,27.0,13.217101923838264,19.0
Bitcoin,2024-08-31,58969.89844,166.16226562500378,2512.523516835313,0.4196,59.0,37.0,11.8,231.0399932861328,16.437499523162842,33.86000061035156,41406.54102,10998.9799775,16.429999828338623,42.4385404586792,101.73249816894531,1.1068583725290932,663.8085938,0.5919,48.6,2492.8250121210936,72.74750137329102,77.53750228881836,56271.61467532258,12403470760.0,500461,27970511.075326372,2193027465.921187,0.7077,0.6902,27.0,13.15643964855813,17.0
Bitcoin,2024-09-01,57325.48828,72.05226563,2464.789415186362,0.4173,58.0,61.0,14.8,230.7899932861328,16.47499942779541,34.36000061035156,41250.00391,10903.330075,17.859999656677246,42.22710990905762,101.76499938964844,1.1056712862645466,1844.246094,0.5852,40.2,2491.8499754140626,71.94499969482422,76.2750015258789,55985.68368983344,24592449997.0,474746,26315865.657304805,2648012585.459729,0.6982,0.6912,29.0,13.792213525119216,27.0
Bitcoin,2024-09-02,59112.48047,18.17804687500029,2450.6646690123357,0.4149,57.0,79.0,18.4,230.5399932861328,16.51249933242798,34.86000061035156,41093.466799999995,10807.680172499999,19.28999948501587,42.015679359436035,101.79750061035155,1.1044842,2267.042969,0.5891,40.2,2490.874938707031,71.14249801635742,75.01250076293945,55893.965444709465,27036454524.0,497761,31261759.40518042,3100686678.1579823,0.6956,0.6745,34.0,13.865563008248824,14.0
Bitcoin,2024-09-03,57431.02344,-163.5182031,2446.3236658685973,0.3987,56.0,66.0,14.8,230.2899932861328,16.549999237060547,35.36000061035156,40936.92969,10712.03027,20.719999313354492,41.80424880981445,101.83000183105467,1.1067456007003784,2389.890625,0.581,50.0,2489.899902,70.33999633789062,73.75,55708.60648825118,26666961053.0,532190,27866937.66663015,6012689752.026111,0.7063,0.6314,28.0,14.28086488883853,17.0
Bitcoin,2024-09-04,57971.53906,-341.5216406,2474.329564735126,0.4155,56.0,80.0,22.8,230.42999267578125,16.190000534057617,37.95000076293945,40974.96875,10736.75,21.31999969482422,41.79441452026367,101.36000061035156,1.1048868894577026,2838.40625,0.5744,46.4,2493.399902,69.19999694824219,72.69999694824219,55772.36393944292,35627680312.0,517981,27898460.763741877,5799794944.180726,0.6847,0.6246,27.0,14.132049139191263,16.0
Bitcoin,2024-09-05,56160.48828,-522.0964062,2482.4580891290457,0.3992,50.0,73.0,18.6,232.3500061035156,16.479999542236328,36.61000061035156,40755.75,10867.01953,19.899999618530273,41.85342025756836,101.11000061035156,1.10804545879364,2588.128906,0.5716,48.2,2511.399902,69.15000153,72.69000244140625,55334.71176561232,31030280656.0,539154,28611563.226025563,6158660147.176023,0.6662,0.6283,22.0,15.169620571506048,21.0
Bitcoin,2024-09-06,53948.75391,-684.4733594,2617.8118082091137,0.4036,39.0,139.0,20.2,230.6300048828125,16.489999771118164,37.58000183105469,40345.41016,10411.05957,22.37999916,41.086368560791016,101.18000030517578,1.1111111640930176,4377.410156,0.5529,52.2,2493.5,67.66999816894531,71.05999755859375,54373.34666,49361693566.0,541499,25917996.827483136,7064283321.400344,0.6475,0.6255,30.0,17.538179575390963,18.0
Bitcoin,2024-09-07,54139.6875,-902.3764844,2509.2591232477484,0.3845,39.666666666666664,79.0,20.8,230.95333862304688,16.37999979654948,37.38666788736979,40506.80338666667,10460.362956666666,21.403333027646486,41.20109939575195,101.30333455403645,1.1103145281473796,1098.074219,0.547,46.0,2496.2666829427085,68.01666514078777,71.3199971516927,53651.91771184816,19061486526.0,467697,27552792.156600785,1519336722.3506465,0.6575,0.6226,25.0,19.30052672626616,16.0
Bitcoin,2024-09-08,54841.56641,-1000.035547,2447.676440337195,0.361,40.333333333333336,54.0,15.2,231.27667236328122,16.269999821980793,37.1933339436849,40668.19661333333,10509.666343333334,20.426666895292968,41.31583023071289,101.42666880289713,1.1095178922017415,1647.101563,0.5467,34.4,2499.0333658854165,68.3633321126302,71.57999674479167,53088.16442128125,18268287531.0,443983,29124604.180054624,1783924507.5377305,0.6513,0.6006,15.0,20.49614999415182,17.0
Bitcoin,2024-09-09,57019.53516,-1080.223125,2518.748937902395,0.363,41.0,71.0,21.0,231.6000061035156,16.15999984741211,37.0,40829.58984,10558.96973,19.450000762939453,41.43056106567383,101.5500030517578,1.1087212562561035,3442.691406,0.5438,47.6,2501.800048828125,68.70999908447266,71.83999633789062,52917.63311507115,34618096173.0,484357,26363933.22936855,6363322710.944949,0.6401,0.6244,28.0,20.770770255853247,31.0
Bitcoin,2024-09-10,57648.71094,-1119.787812,2453.878478052224,0.3694,39.0,57.0,15.0,232.6199951171875,16.079999923706055,40.22999954223633,40736.96094,10721.79004,19.079999923706055,41.273216247558594,101.62999725341795,1.1037527322769165,1610.5625,0.5495,45.8,2512.300048828125,65.75,69.19000244140625,52793.26969054487,28857630507.0,496236,25238263.505764067,5660821108.553659,0.6483,0.6025,23.0,20.656462664363616,21.0
Bitcoin,2024-09-11,57343.17188,-1090.971562,2451.742905959208,0.3922,43.0,54.0,16.0,232.25,15.520000457763672,37.75999832,40861.71094,10997.17969,17.690000534057617,41.578067779541016,101.68000030517578,1.1020983457565308,2423.980469,0.5346,49.8,2512.100098,67.30999755859375,70.61000061035156,52647.79356680224,37049062672.0,485718,19599003.46787491,4996530777.753266,0.6297,0.609,16.0,20.68790381397691,16.0
Bitcoin,2024-09-12,58127.01172,-984.4646094,2362.636827854979,0.3976,42.0,58.0,21.0,236.3300018310547,16.739999771118164,36.06999969482422,41096.76953,11162.91992,17.06999969482422,41.92226028442383,101.37000274658205,1.1010911464691162,1204.257813,0.558,57.0,2551.199951171875,68.97000122070312,71.97000122070312,52870.42338965238,33835707949.0,543579,28445745.72975443,5069102731.029143,0.6305,0.583,14.0,19.010040530249952,29.0
Bitcoin,2024-09-13,60571.30078,-842.1414844,2408.0134941689093,0.3947,48.0,66.0,20.6,238.67999267578125,16.87999916,35.220001220703125,41393.78125,11228.25977,16.559999465942383,42.11893844604492,101.11000061035156,1.1077877283096311,2997.910156,0.5434,57.0,2581.300048828125,68.65000153,71.61000061035156,53242.69270740416,32490528356.0,541521,23035281.819375325,7391259643.194125,0.6258,0.5507,27.0,17.171171194784307,24.0
Bitcoin,2024-09-14,60005.12109,-777.5805469,2317.3582334247017,0.4015,48.666666666666664,34.0,12.6,238.67332967122394,16.929999668881837,35.050000508626304,41469.88021,11198.523113333335,16.753332773844402,42.16483052571615,100.9933344523112,1.1081398725509641,1138.839844,0.5664,41.2,2580.999999885417,69.12999979929687,71.99000040690105,53781.76031433602,16428405496.0,497081,26924773.978994336,2251848613.999916,0.6489,0.554,15.0,14.631283499165107,33.0
Bitcoin,2024-09-15,59182.83594,-751.4597656,2272.2333149657943,0.4254,49.333333333333336,36.0,9.4,238.66666666666666,16.98000017776367,34.87999979654948,41545.97917,11168.786456666667,16.946666081746418,42.21072260538737,100.87666829427084,1.1084920167922974,1685.609375,0.5728,36.4,2580.6999509427083,69.60999806859375,72.37000020345052,54175.998881081505,18120960867.0,450094,28778640.08225594,1557392812.024894,0.6538,0.5635,22.0,12.675594679484671,18.0
Bitcoin,2024-09-16,58192.50781,-781.0369531,2231.657498,0.419,50.0,76.0,23.0,238.66000366210935,17.030000686645508,34.709999084472656,41622.07813,11139.0498,17.139999389648438,42.256614685058594,100.76000213623048,1.1088441610336304,1704.171875,0.5555,54.8,2580.399902,70.08999633789062,72.75,54185.55143,32032822113.0,508716,23610937.617898855,5636920631.973337,0.6524,0.5955,29.0,12.429897494205065,21.0
Bitcoin,2024-09-17,60308.53906,-766.3620313,2335.683357,0.4109,54.0,47.0,16.2,237.33999633789065,17.489999771118164,35.290000915527344,41606.17969,11171.9502,17.610000610351562,42.305782318115234,100.88999938964844,1.1129536628723145,3688.019531,0.5695,50.8,2564.300048828125,71.19000244140625,73.69999694824219,54119.27913714206,38075570118.0,512792,29847118.119728208,5979868415.488911,0.6673,0.6034,27.0,12.86674671017956,24.0
Bitcoin,2024-09-18,61649.67969,-753.2702344,2343.5497246874447,0.4006,55.0,48.0,16.4,235.5099945068359,17.12999916,36.189998626708984,41503.10156,11123.36035,18.229999542236328,42.15827178955078,100.5999984741211,1.1123099327087402,2445.8125,0.5696,65.8,2570.699951171875,70.91000366210938,73.65000153,53926.236932324435,40990702891.0,503606,26402877.29540046,7033415665.476531,0.6487,0.5999,22.0,13.89806655475249,25.0
Bitcoin,2024-09-19,62940.45703,-628.7072656,2337.765759977627,0.4206,63.0,63.0,18.8,239.1699981689453,16.760000228881836,33.720001220703125,42025.19141,11497.94043,16.329999923706055,43.053165435791016,100.61000061035156,1.1114816665649414,2262.574219,0.5749,72.0,2588.0,71.94999694824219,74.87999725341797,53586.58347072967,42710252573.0,534707,24968850.56564683,8246322622.468619,0.674,0.6097,24.0,15.677861772521052,19.0
Bitcoin,2024-09-20,63192.97656,-499.3877344,2296.134332925654,0.4308,61.0,43.0,14.6,242.2100067138672,17.079999923706055,32.220001220703125,42063.35938,11445.07031,16.149999618530273,42.964656829833984,100.72000122070312,1.1161960363388062,1754.925781,0.5983,68.6,2619.899902,71.91999816894531,74.48999786376953,53300.215936523426,35177164222.0,555435,29297347.499479465,11383528905.333431,0.6914,0.6423,19.0,17.326268681515753,14.0
Bitcoin,2024-09-21,63394.83984,-258.5250781,2186.428588163107,0.4444,61.666666666666664,36.0,11.6,242.36666870117188,17.293333053588867,32.9433339436849,42083.789066666664,11436.527016666667,16.0633331934611,43.07610956827799,100.78666687011719,1.1161586443583171,760.2539063,0.5953,49.6,2622.0999346666667,71.40333302815755,74.29333241917969,53176.82754400052,14408616220.0,487325,27029898.398331784,1936753345.683346,0.6977,0.634,40.0,18.692011044824376,11.0
Bitcoin,2024-09-22,63648.71094,-68.92523437,2141.1619256157423,0.4454,62.333333333333336,40.0,12.4,242.52333068847656,17.50666618347168,33.666666666666664,42104.218753333334,11427.983723333333,15.976666768391928,43.18756230672201,100.85333251953126,1.1161212523778279,1552.695313,0.5953,47.0,2624.2999673333334,70.8866678873698,74.09666697458984,52987.80673216821,20183348802.0,439610,27131378.855479404,1568648134.0410707,0.6965,0.6234,24.0,20.03234672660917,18.0
Bitcoin,2024-09-23,63329.80078,126.35796875000231,2138.613250125332,0.4474,63.0,42.0,14.4,242.67999267578125,17.719999313354492,34.38999938964844,42124.64844,11419.44043,15.890000343322754,43.299015045166016,100.91999816894533,1.1160838603973389,2105.480469,0.5995,47.0,2626.5,70.37000274658203,73.90000153,53019.199462010176,31400285425.0,518528,29543659.11037773,7000723222.757288,0.6977,0.6095,32.0,20.823158290673053,15.0
Bitcoin,2024-09-24,64301.96875,366.1440625000032,2125.697794759237,0.4485,66.0,52.0,17.6,246.07000732421875,19.260000228881836,33.75999832,42208.21875,11477.30957,15.390000343322754,44.77410888671875,100.37000274658205,1.111172795295715,1957.796875,0.6025,63.4,2651.199951171875,71.55999755859375,75.16999816894531,52976.80090140011,29938335243.0,517079,31290121.05365632,8567453178.705362,0.7022,0.6373,27.0,21.918887691122567,18.0
Bitcoin,2024-09-25,63143.14453,551.6110937,2106.65716,0.4456,65.0,56.0,19.0,245.72999572753903,19.12999916,34.400001525878906,41914.75,11455.21973,15.40999984741211,44.30207824707031,100.91999816894533,1.1191190481185913,1859.128906,0.6051,51.8,2659.199951171875,69.69000244140625,73.45999908447266,53330.24712469405,25078377700.0,513256,29194578.328504972,8162704768.430984,0.7015,0.6512,19.0,21.77660229788364,19.0
Bitcoin,2024-09-26,65181.01953,715.0867968750026,2179.1478872860257,0.4542,70.0,69.0,17.2,246.97999572753903,18.81999969482422,39.75999832,42175.10938,11437.95996,15.369999885559082,45.924686431884766,100.55999755859376,1.1131023168563845,3121.527344,0.5997,63.0,2669.899902,67.66999816894531,71.59999847,54088.73151543285,36873129847.0,515965,27504637.734074116,7108680538.140987,0.7196,0.6698,22.0,20.92234225756452,30.0
Bitcoin,2024-09-27,65790.66406,737.3250000000044,2139.7589756941666,0.443,67.0,51.0,16.0,245.02000427246097,18.59000015258789,39.619998931884766,42313.0,11364.94043,16.959999084472656,45.83618164,100.41999816894533,1.117717981338501,1627.703125,0.6096,50.6,2644.300048828125,68.18000030517578,71.98000336,54948.07939928877,32058813449.0,549045,29299201.002719063,8554437526.620602,0.7112,0.671,16.0,19.814827155477623,23.0
Bitcoin,2024-09-28,65887.64844,733.2192187499968,2043.8830555552977,0.4604,69.0,46.0,15.8,244.3666687011719,18.420000076293945,39.699999491373696,42318.716146666666,11378.633463333334,16.88333257039388,45.59033203,100.53999837239584,1.117472489674886,797.4960938,0.6103,44.8,2641.5667318854166,68.17666625976562,71.91000112,55839.77359107289,15243637984.0,477266,27651721.87624816,2366097260.4524183,0.7147,0.674,17.0,18.534066530913275,21.0
Bitcoin,2024-09-29,65635.30469,620.7988281,1942.1291319442048,0.4657,71.0,34.0,7.0,243.7133331298828,18.25,39.78000005086263,42324.43229333333,11392.326496666667,16.806666056315105,45.34448242,100.65999857584636,1.1172269980112712,619.328125,0.6274,43.2,2638.8334149427083,68.17333221435547,71.83999888,56402.29156029032,14788214575.0,462111,32394943.423457727,1655558348.2101824,0.7414,0.6759,26.0,17.980119910805247,19.0
Bitcoin,2024-09-30,63329.5,570.8225781250003,2000.6690153767615,0.4664,73.0,53.0,13.4,243.05999755859375,18.079999923706055,39.86000061035156,42330.14844,11406.01953,16.729999542236328,45.09863281,100.77999877929688,1.1169815063476562,2761.4375,0.613,48.6,2636.100098,68.16999816894531,71.76999664,57028.56181778385,37112957475.0,513555,27958492.500597548,10834329687.749817,0.7394,0.6721,27.0,16.798690237713714,21.0
Bitcoin,2024-10-01,60837.00781,397.4012500000026,2137.885737492707,0.4635,70.0,74.0,13.6,245.61000061035156,18.56999969482422,42.869998931884766,42156.96875,11218.92969,19.260000228881836,45.423152923583984,101.19000244140624,1.113660216331482,3921.703125,0.6104,49.0,2667.300048828125,69.83000183105469,73.55999755859375,57657.98928,50220923500.0,626337,31840978.55680005,8154719864.648614,0.7249,0.6839,37.0,15.294958630292165,24.0
Bitcoin,2024-10-02,60632.78516,316.25507812499563,2153.8037763325137,0.4413,70.0,70.0,15.8,245.66000366210935,18.06999969482422,46.52000045776367,42196.51953,11280.05957,18.899999618530273,46.31804656982422,101.68000030517578,1.1063904762268066,2360.738281,0.5923,53.6,2647.100098,70.09999847,73.90000153,58122.30540514016,40762722398.0,504061,31329411.523052048,7829105602.861957,0.7042,0.6688,25.0,14.180440759003655,23.0
Bitcoin,2024-10-03,60759.40234,256.5470312500038,2113.548819094477,0.4188,69.0,63.0,20.0,245.4900054931641,18.280000686645508,54.5,42011.58984,11344.25977,20.489999771118164,45.76734543,101.98999786376952,1.1048502922058103,1590.234375,0.5904,49.8,2657.100098,73.70999908447266,77.62000274658203,58147.830701704544,36106447279.0,522348,30552648.02459745,7480735068.698743,0.6875,0.6921,26.0,14.12677986205389,20.0
Bitcoin,2024-10-04,62067.47656,252.9047656249968,2105.8703878198717,0.4163,71.0,54.0,9.8,245.0,17.479999542236328,46.369998931884766,42352.75,11551.88965,19.209999084472656,46.19020462036133,102.5199966430664,1.103557825088501,2006.050781,0.5963,49.4,2645.800048828125,74.37999725341797,78.05000305175781,58401.197350467344,29585472513.0,553982,34187225.99461169,5461339204.431516,0.6764,0.6994,30.0,13.62404586564491,17.0
Bitcoin,2024-10-05,62089.94922,224.62132812500204,2004.1254605648808,0.4166,70.66666666666667,37.0,14.8,244.72333272298178,17.556666056315105,47.019999186197914,42219.91276,11493.699869999999,20.35333251953125,46.31804657024089,102.52666473388672,1.1015232006708782,681.4414063,0.5921,35.8,2645.4667154947915,75.2999979654948,79.01000213623047,58843.80508969858,13305410749.0,462401,30081843.746234596,2730371658.884799,0.6602,0.7005,19.0,12.646093260694675,27.0
Bitcoin,2024-10-06,62818.95313,261.7710937499942,1941.4323473102463,0.4291,70.33333333333333,41.0,10.4,244.44666544596353,17.63333257039388,47.66999944051107,42087.07552,11435.51009,21.496665954589847,46.44588852012044,102.53333282470703,1.0994885762532551,1126.421875,0.591,32.4,2645.1333821614585,76.21999867757161,79.97000122070312,59687.38695029353,14776233667.0,435532,30594592.733785067,3005253704.3566604,0.6354,0.697,30.0,10.65746162,19.0
Bitcoin,2024-10-07,62236.66016,336.36062500000116,1966.4126260738003,0.4285,70.0,42.0,12.2,244.1699981689453,17.709999084472656,48.31999969482422,41954.23828,11377.32031,22.63999938964844,46.57373047,102.54000091552734,1.0974539518356323,2291.15625,0.592,58.2,2644.800048828125,77.13999938964844,80.93000030517578,59999.94893,34253562610.0,495630,32782462.893268794,7813362740.240367,0.6426,0.6676,43.0,9.956539119,16.0
Bitcoin,2024-10-08,62131.96875,348.6882812499971,1921.0075947471007,0.4347,71.0,47.0,11.0,242.3699951171875,17.639999389648438,52.349998474121094,42080.37109,11613.17969,21.420000076293945,45.423152923583984,102.5500030517578,1.0975743532180786,1330.742188,0.5928,52.8,2615.0,73.56999969482422,77.18000030517578,60063.11153511083,28134475157.0,556194,33702482.37648855,10877241078.803793,0.6509,0.6374,33.0,9.829104503,18.0
Bitcoin,2024-10-09,60582.10156,289.92687500000466,1940.5229562830225,0.4294,71.0,43.0,16.6,241.0500030517578,17.62000084,48.79999923706055,42512.0,11715.91016,20.86000061035156,45.177303314208984,102.93000030517578,1.0975743532180786,2194.222656,0.585,57.4,2606.0,73.23999786376953,76.58000183105469,59746.83137880013,27670982363.0,479175,25530107.240756985,6720634380.632039,0.8031,0.6345,40.0,10.476713789650804,19.0
Bitcoin,2024-10-10,60274.5,207.99617187499825,1969.1652897628064,0.428,70.0,87.0,20.0,242.82000732421875,17.270000457763672,52.36000061035156,42454.12109,11805.21973,20.93000030517578,45.26580810546875,102.98999786376952,1.0943313837051392,2341.515625,0.5919,59.8,2620.600098,75.84999847,79.40000153,59388.10711,30452813570.0,495077,30822864.724527977,7011381420.420207,0.7996,0.6353,37.0,11.177609130700915,18.0
Bitcoin,2024-10-11,62445.08984,182.46007812500463,2068.135347190463,0.4126,71.0,56.0,14.2,245.47000122070312,17.270000457763672,52.68000030517578,42863.85938,11805.9502,20.459999084472656,45.59033203,102.88999938964844,1.0933860540390017,3354.746094,0.5886,68.8,2657.600098,75.55999755859375,79.04000091552734,59342.7836,30327141594.0,474119,29763151.703211993,6860121248.392112,0.8288,0.6525,32.0,11.179168252719949,33.0
Bitcoin,2024-10-12,63193.02344,89.37953125000058,1992.2339384625727,0.4083,72.0,38.0,11.4,245.336669921875,17.336666742960613,52.326666514078774,42930.97917,11812.796876666665,20.206666310628254,45.52804946816081,103.02666727701822,1.0931033690770469,1005.515625,0.6046,37.6,2654.3334149427083,74.98333231608073,78.51333363850911,59334.97454922579,16744110886.0,440477,30990848.915371027,1843902651.0940163,0.8741,0.6522,21.0,11.135555215126768,16.0
Bitcoin,2024-10-13,62851.375,10.056875000002035,1938.2897732152464,0.4287,73.0,44.0,15.8,245.20333862304688,17.40333302815755,51.97333272298177,42998.09896,11819.643553333333,19.953333536783855,45.46576690632161,103.16333516438802,1.092820684115092,1237.015625,0.6084,40.4,2651.0667318854166,74.4066670735677,77.98666636149089,59318.422527875155,18177529690.0,417442,28664910.99483269,1597337887.2848842,0.883,0.6609,34.0,11.116330780184477,22.0
Bitcoin,2024-10-14,66046.125,12.92234375,2088.4362068248715,0.4358,74.0,50.0,14.8,245.07000732421875,17.469999313354492,51.619998931884766,43065.21875,11826.49023,19.700000762939453,45.40348434448242,103.3000030517578,1.0925379991531372,4040.339844,0.6123,51.6,2647.800048828125,73.83000183105469,77.45999908447266,59180.94638289363,43706958056.0,477679,29906256.018050965,6678664097.609112,0.8914,0.654,41.0,11.81537176514648,34.0
Bitcoin,2024-10-15,67041.10938,114.14515625000058,2158.7253616945236,0.4319,71.0,58.0,13.6,245.9199981689453,17.37999916,48.63999938964844,42740.42188,11662.62012,20.63999938964844,44.439754486083984,103.26000213623048,1.0909169912338257,3072.484375,0.6325,52.8,2661.399902,70.58000183105469,74.25,58959.04473845852,48863870879.0,510964,33971085.75065951,11549587821.73678,0.883,0.6491,32.0,13.10012605,28.0
Bitcoin,2024-10-16,67612.71875,235.05335937500055,2119.9994430020574,0.4604,69.0,60.0,18.2,247.1499938964844,17.309999465942383,47.84000015258789,43077.69922,11663.74023,19.579999923706055,44.78394699,103.58999633789062,1.0884116888046265,1616.5625,0.6279,88.2,2674.0,70.38999938964844,74.22000122070312,58714.97663369956,38195189534.0,465015,33194077.141254988,11139283532.797909,0.8671,0.6284,29.0,14.231818024650838,20.0
Bitcoin,2024-10-17,67399.83594,420.5242187499971,2058.9152193947675,0.4679,68.0,50.0,22.8,248.6300048828125,17.56999969482422,46.880001068115234,43239.05078,11691.45996,19.11000061035156,44.715110778808594,103.83000183105467,1.0862481594085691,1264.820313,0.6371,83.4,2691.0,70.66999816894531,74.44999694824219,58562.371840739055,32790898511.0,529901,38062121.87630825,8730955014.0,0.8553,0.6231,35.0,14.95017795449508,24.0
Bitcoin,2024-10-18,68418.78906,627.6887500000012,2039.844824259427,0.4733,72.0,64.0,19.8,251.27000427246097,17.770000457763672,47.220001220703125,43275.91016,11845.91016,18.030000686645508,45.15763473510742,103.48999786376952,1.0829542875289917,1791.929688,0.6294,79.6,2713.699951171875,69.22000122070312,73.05999755859375,58298.819283714685,36857165014.0,519056,30684181.20402789,10874397499.760347,0.8444,0.6503,24.0,16.150582352084097,39.0
Bitcoin,2024-10-19,68362.73438,778.3022656250032,1940.0964216337536,0.4701,71.0,48.0,13.8,251.25333658854169,17.910000483194988,47.08666737874349,43161.14062666667,11870.446616666666,18.143334071097005,45.05273946126302,103.6633326212565,1.0842568476994832,643.3671875,0.6483,83.6,2716.8333334479166,69.66666666666667,73.46999867757161,58074.00159749368,14443497908.0,480562,38837709.34458331,3014354207.8432803,0.8182,0.6601,27.0,17.25251990878486,15.0
Bitcoin,2024-10-20,69001.70313,895.7293750000026,1891.038753,0.4793,70.0,32.0,11.4,251.2366689046224,18.0500005086263,46.95333353678385,43046.371093333335,11894.983073333333,18.256667455548502,44.94784418741862,103.8366673787435,1.0855594078699748,1253.289063,0.6491,38.4,2719.9667157239583,70.1133321126302,73.87999979654948,57868.87812020987,18975847518.0,462770,38382016.457399584,4380035792.252007,0.8206,0.655,28.0,18.706991967476338,20.0
Bitcoin,2024-10-21,67367.85156,934.4049218750006,1944.0276145081857,0.4782,69.0,48.0,14.8,251.22000122070312,18.190000534057617,46.81999969482422,42931.60156,11919.51953,18.37000084,44.84294891357422,104.01000213623048,1.0868619680404663,2632.882813,0.655,82.4,2723.100098,70.55999755859375,74.29000091552734,58173.80550827128,37498611780.0,482337,37717977.99061954,8678261147.398464,0.8434,0.6936,25.0,18.67916348356006,28.0
Bitcoin,2024-10-22,67361.40625,931.9392187500052,1892.3264232933152,0.4826,70.0,39.0,19.6,253.92999267578125,18.729999542236328,47.689998626708984,42924.89063,11941.24023,18.200000762939453,44.74460983276367,104.08000183105467,1.0817828178405762,1220.210938,0.6362,74.6,2744.199951171875,72.08999633789062,76.04000091552734,58586.583039774945,31808472566.0,479204,30775801.63184207,9459984977.844604,0.8677,0.7031,36.0,18.345016239278973,15.0
Bitcoin,2024-10-23,66432.19531,931.3504687500026,1915.3536095759357,0.4688,63.0,57.0,16.2,250.8699951171875,18.979999542236328,47.779998779296875,42514.94922,11671.9502,19.239999771118164,44.47909164428711,104.43000030517578,1.079727053642273,2214.707031,0.6351,79.2,2714.399902,70.76999664,74.95999908447266,59074.95161489548,32263980353.0,496062,33044108.439061753,6752263402.264051,0.8117,0.7103,31.0,17.63269251382484,16.0
Bitcoin,2024-10-24,68161.05469,950.2756249999948,1947.5973249633687,0.468,62.0,42.0,23.4,252.8000030517578,18.65999984741211,46.65999984741211,42374.35938,11772.7002,19.079999923706055,44.410255432128906,104.05999755859376,1.0780508518218994,2344.859375,0.6304,90.8,2734.899902,70.19000244140625,74.37999725341797,59342.381199974945,31414428647.0,453818,34240642.70925134,8861423494.225447,0.8035,0.706,27.0,17.664609985844585,27.0
Bitcoin,2024-10-25,66642.41406,959.2780468749988,2037.0806075552707,0.4618,58.0,44.0,21.6,253.32000732421875,18.87999916,48.970001220703125,42114.39844,11822.34961,20.329999923706055,44.37091827392578,104.26000213623048,1.0824151039123535,3200.363281,0.6382,80.2,2740.899902,71.77999877929688,76.05000305175781,59704.46479578149,41469984306.0,585659,34823376.26,8170259000.293865,0.8022,0.7183,34.0,17.191349396458996,25.0
Bitcoin,2024-10-26,67014.69531,1019.7496093749942,1959.9554302298943,0.4745,58.666666666666664,34.0,15.4,253.3233388264974,18.69999949086263,46.96666717529297,42205.45573,11822.179686666666,20.15333302815755,44.43647766113281,104.28000132242839,1.081495761871338,957.328125,0.6292,58.8,2741.5665686666666,70.3133316040039,74.50666809082031,59990.568089764005,19588098156.0,513505,31704049.38114031,2589025948.7554045,0.7951,0.717,28.0,16.903388363176308,19.0
Bitcoin,2024-10-27,67929.29688,1130.563281249997,1918.107609320616,0.46,59.333333333333336,31.0,14.0,253.32667032877603,18.51999982172526,44.96333312988281,42296.51302,11822.009763333333,19.97666613260905,44.502037048339844,104.30000050862631,1.0805764198303223,1374.085938,0.6357,43.0,2742.2332353333336,68.84666442871094,72.96333312988281,60397.46891979899,16721307878.0,452846,36204165.491280206,1623405982.1370733,0.7742,0.7223,20.0,16.45872212382696,26.0
Bitcoin,2024-10-28,69907.75781,1251.8636718749983,1972.323695262001,0.4633,60.0,71.0,23.2,253.3300018310547,18.34000015258789,42.959999084472656,42387.57031,11821.83984,19.799999237060547,44.567596435546875,104.31999969482422,1.0796570777893066,2677.132813,0.6393,60.4,2742.899902,67.37999725341797,71.41999816894531,60782.822646248766,38799856657.0,535356,36537186.23732615,10966185038.036318,0.7467,0.7032,50.0,16.37244365315241,36.0
Bitcoin,2024-10-29,72720.49219,1362.092500000006,2106.250350957572,0.4708,60.0,99.0,31.4,256.0899963378906,18.510000228881836,42.470001220703125,42233.05078,12024.66992,19.34000015258789,44.42992401123047,104.27999877929688,1.0816774368286133,3847.296875,0.6426,71.4,2768.399902,67.20999908447266,71.12000274658203,61324.93062581536,58541874402.0,580911,36386425.459195286,14125800889.23154,0.7221,0.7022,61.0,16.417730142572424,38.0
Bitcoin,2024-10-30,72339.53906,1446.2705468749991,2062.486933032031,0.4864,57.0,62.0,22.8,257.5,18.68000030517578,41.130001068115234,42141.53906,11985.94043,20.350000381469727,43.99723052978515,103.98999786376952,1.0820636749267578,1493.5625,0.666,69.0,2788.5,68.61000061035156,72.55000305175781,62294.054379804045,40646637831.0,553379,38851883.66008345,13795094906.86094,0.7876,0.6939,40.0,15.185340944583473,38.0
Bitcoin,2024-10-31,70215.1875,1442.392031250005,2134.5816163868863,0.5098,40.0,68.0,19.6,253.5099945068359,19.459999084472656,48.790000915527344,41763.46094,11617.04004,23.15999984741211,43.71204376220703,103.9800033569336,1.085917830467224,3071.8125,0.664,84.6,2738.300048828125,69.26000213623047,73.16000366210938,63086.048749727954,40627912076.0,562550,40964324.27,13376076761.0,0.8088,0.7111,66.0,13.908110211553728,37.0
Bitcoin,2024-11-01,69482.46875,1393.708984,2180.6338223592516,0.5058,50.0,69.0,20.0,252.47000122070312,19.290000915527344,44.13999938964844,42052.19141,11739.28027,21.87999916,43.75138092041016,104.27999877929688,1.0886130332946775,2779.3125,0.6523,61.8,2738.600098,69.48999786376953,73.09999847,63854.71789789738,49989795365.0,556938,33910747.10887455,12445252914.966225,0.8241,0.6918,34.0,12.510290643299818,32.0
Bitcoin,2024-11-02,69289.27344,1266.7446093749968,2084.419464512162,0.4884,47.333333333333336,40.0,12.4,252.59000142415366,19.496667226155598,44.676666259765625,41966.32812666667,11722.543616666666,21.913332620745443,43.83333079020183,104.14999898274739,1.0882263580958047,833.6328125,0.6443,51.6,2737.7667646666664,70.14999898274739,73.75999959035157,64905.651019811994,18184612091.0,504261,32026078.597759437,2325736060.7382245,0.8498,0.6966,25.0,10.320920693671455,24.0
Bitcoin,2024-11-03,68741.11719,1127.4453906249985,2069.756132225579,0.4817,44.666666666666664,64.0,15.8,252.71000162760416,19.703333536783855,45.21333312988281,41880.464843333335,11705.806963333333,21.946666081490886,43.915280659993485,104.01999918619792,1.087839682896932,1879.132813,0.6386,53.0,2736.9334313333334,70.81000010172527,74.42000071070312,65214.25145978723,34868307655.0,452489,29094437.76393023,2585993578.693979,0.8552,0.7069,16.0,9.793579170988323,25.0
Bitcoin,2024-11-04,67811.50781,1006.2022656249974,2109.7400692094666,0.4796,42.0,61.0,13.6,252.8300018310547,19.90999984741211,45.75,41794.60156,11689.07031,21.979999542236328,43.99723052978515,103.88999938964844,1.087453007698059,2629.53125,0.6477,64.4,2736.100098,71.47000122070312,75.08000183105469,65306.66336672039,41184819348.0,518020,32758541.06532931,10004272909.175388,0.8571,0.7277,11.0,9.630985568853855,23.0
Bitcoin,2024-11-05,69359.5625,972.1030469,2177.895912480219,0.475,43.0,53.0,19.2,253.3999938964844,19.59000015258789,45.61000061035156,42221.87891,11896.57031,20.489999771118164,44.59709930419922,103.41999816894533,1.0874056816101074,3063.921875,0.6453,78.4,2740.300048828125,71.98999786376953,75.52999877929688,65411.83249392104,46046889204.0,548496,30868848.264778823,11232629934.0,0.8858,0.7582,19.0,9.566841301618204,25.0
Bitcoin,2024-11-06,75639.07813,1051.6046874999956,2532.1979901602035,0.466,44.0,64.0,26.0,245.6999969482422,17.62999916,44.74000168,43729.92969,12205.41992,16.270000457763672,44.04639816,105.08999633789062,1.093445897102356,7138.125,0.661,121.2,2667.600098,71.69000244140625,74.91999816894531,64703.26014975943,118593000000.0,622567,36479752.335798346,16624459226.55678,0.8645,0.7528,48.0,12.752574382896286,49.0
Bitcoin,2024-11-07,75904.85938,1162.3488281249956,2527.2335131844748,0.4788,59.0,66.0,30.6,249.6499938964844,17.37000084,42.54999923706055,43729.33984,12486.01953,15.199999809265137,45.01995849609375,104.51000213623048,1.073306918144226,2462.695313,0.6966,101.8,2698.399902,72.36000061035156,75.62999725341797,64193.003252328985,63467654989.0,583392,37249666.19414604,14663670061.25878,0.9897,0.7297,35.0,15.229953772644503,36.0
Bitcoin,2024-11-08,76545.47656,1259.7292968750044,2461.288820278441,0.5289,59.0,77.0,27.0,247.9600067138672,15.90999984741211,38.75999832,43988.98828,12416.05957,14.93999958,43.908721923828125,105.0,1.0795172452926636,1604.007813,0.6973,109.8,2687.5,70.37999725341797,73.87000274658203,63806.63593934277,55176858003.0,591256,34871500.82626299,16280514071.904943,1.0,0.7206,44.0,17.41713970728271,42.0
Bitcoin,2024-11-09,76778.86719,1358.8736718750006,2368.2665161514096,0.5313,61.333333333333336,61.0,23.6,246.02000427246094,15.946666717529297,38.41999944,44090.36849,12421.049803333333,14.949999809009602,43.79727045694987,105.18000030517578,1.0768414338429768,1158.976563,0.6971,72.2,2662.066650390625,69.5999984741211,73.19000244140625,63517.12714176049,29009480361.0,502341,34682488.73240887,4379578542.0,1.0,0.7179,35.0,19.251182938396767,45.0
Bitcoin,2024-11-10,80474.1875,1477.1195312500058,2549.746921247737,0.5351,63.666666666666664,115.0,46.4,244.0800018310547,15.983333587646484,38.08000056,44191.7487,12426.040036666665,14.960000038019206,43.68581899007162,105.36000061035156,1.0741656223932903,4908.992188,0.7052,100.2,2636.63330078125,68.81999969482422,72.51000213623047,62992.389470642345,82570594495.0,564887,38393587.929907665,8805260115.054148,1.0,0.7119,33.0,22.400366391027553,46.0
Bitcoin,2024-11-11,88701.48438,1671.5642187500052,3033.4257125871845,0.5353,66.0,149.0,65.8,242.13999938964844,16.020000457763672,37.74000168,44293.12891,12431.03027,14.970000267028809,43.57436752319336,105.54000091552734,1.0714898109436035,9321.25,0.7168,133.8,2611.199951171875,68.04000091552734,71.83000183105469,61090.08160270523,117967000000.0,623757,36644575.45286638,15659527002.602783,1.0,0.6997,58.0,30.315994890940303,134.0
Bitcoin,2024-11-12,87955.8125,1878.9808593750056,3159.736264366671,0.5633,66.0,142.0,61.6,240.0500030517578,16.25,34.31999969482422,43910.98047,12521.23047,14.710000038146973,42.748313903808594,106.0199966430664,1.066439151763916,4801.773438,0.7498,125.6,2600.0,68.12000274658203,71.88999938964844,60464.40896720308,133673000000.0,702614,43018236.75243755,26270558367.128586,1.0,0.7169,60.0,34.52702704549003,113.0
Bitcoin,2024-11-13,90584.16406,2132.5243749999936,3446.7138079833376,0.6192,66.0,151.0,58.2,237.6300048828125,17.049999237060547,37.119998931884766,43958.19141,12527.67969,14.020000457763672,42.472957611083984,106.4800033569336,1.061672568321228,7177.421875,0.7592,125.8,2580.800048828125,68.43000030517578,72.27999877929688,59690.60379316205,123559000000.0,636591,40470156.66,21257021379.190033,1.0,0.7818,63.0,39.11292224667641,100.0
Bitcoin,2024-11-14,87250.42969,2342.9522656250047,3563.548982413099,0.6161,60.0,151.0,51.8,237.0099945068359,17.389999389648438,30.899999618530273,43750.85938,12475.7002,14.31000042,42.23694610595703,106.66999816894533,1.0564124584197998,5082.40625,0.7565,130.8,2568.199951171875,68.69999694824219,72.55999755859375,60101.04724040856,87616705248.0,587387,37903153.606656246,24187597707.0,1.0,0.7843,48.0,40.22533702652192,72.0
Bitcoin,2024-11-15,91066.00781,2519.0650781250006,3647.855751526449,0.6301,51.0,127.0,46.0,236.58999633789065,17.170000076293945,35.06999969482422,43444.98828,12137.00977,16.139999389648438,42.23694610595703,106.69000244140624,1.0530084371566772,4743.84375,0.7648,118.0,2565.699951171875,67.01999664,71.04000091552734,60316.365716908185,78243109518.0,619496,46031461.68156306,19113942083.20821,1.0,0.7888,38.0,42.17570212883213,77.0
Bitcoin,2024-11-16,90558.47656,2513.3658593750006,3506.560251417417,0.6094,50.666666666666664,88.0,35.6,238.08999633789065,17.10333315531413,35.676666259765625,43426.52604,12161.806643333333,15.953332901000977,42.39756647745768,106.55333455403645,1.0531304677327473,1669.71875,0.7757,89.4,2580.66666678125,67.73333231403646,71.7933349609375,60829.778951536544,44333192814.0,581986,46321229.22102725,5256303046.0,1.0,0.789,33.0,43.15407914414741,80.0
Bitcoin,2024-11-17,89845.85156,2500.0096875000017,3448.3327334590294,0.632,50.333333333333336,85.0,34.4,239.58999633789065,17.03666623433431,36.28333282470703,43408.0638,12186.603516666668,15.766666412353517,42.558186848958336,106.41666666666666,1.0532524983088176,2691.375,0.7767,88.6,2595.633382390625,68.44666798807292,72.54666900634766,61400.37290024136,46350159305.0,518085,43237003.20203371,3315738679.512714,1.0,0.825,42.0,43.691756430409846,87.0
Bitcoin,2024-11-18,90542.64063,2472.512499999997,3430.822917676242,0.6293,50.0,121.0,45.6,241.08999633789065,16.969999313354492,36.88999938964844,43389.60156,12211.40039,15.579999923706056,42.718807220458984,106.27999877929688,1.0533745288848877,3203.195313,0.7851,129.4,2610.600098,69.16000366210938,73.30000305175781,61755.14470149428,75535775084.0,569926,45939880.53391854,3315738679.512714,1.0,0.8949,29.0,44.55178636,51.0
Bitcoin,2024-11-19,92343.78906,2570.6525781249948,3441.184338735082,0.6238,49.0,118.0,38.0,243.25,17.850000381469727,37.279998779296875,43268.94141,12434.25,16.350000381469727,42.689308166503906,106.20999908447266,1.059490442276001,3575.882813,0.7954,147.2,2627.100098,69.38999938964844,73.30999755859375,62223.70827583264,74521048295.0,547133,53066002.66675569,17907534161.0,1.0,0.8893,39.0,45.31953113768994,104.0
Bitcoin,2024-11-20,94339.49219,2723.0025000000023,3429.8514172182904,0.6278,49.0,138.0,45.0,244.6199951171875,18.34000015258789,36.74000168,43408.46875,12399.07031,17.15999984741211,42.640140533447266,106.68000030517578,1.0607603788375854,3282.523438,0.7902,121.6,2648.199951171875,68.87000274658203,72.80999755859375,63109.92767599161,71730956426.0,557265,44849182.089420706,19928511810.87637,1.0,0.9052,47.0,45.43383403791883,98.0
Bitcoin,2024-11-21,98504.72656,2985.0850781250047,3533.5489722384123,0.6383,56.0,175.0,66.6,246.66000366210935,17.59000015258789,36.90999984741211,43870.35156,12395.17969,16.87000084,42.551631927490234,106.97000122070312,1.0546187162399292,4881.617188,0.7932,153.8,2672.100098,70.09999847,74.23000336,64064.758586811426,106025000000.0,666198,45832910.82179196,24042155709.0,1.0,0.877,44.0,45.83482111297476,100.0
Bitcoin,2024-11-22,98997.66406,3270.686249999999,3454.9266126142397,0.6501,60.0,188.0,59.4,249.83999633789065,17.540000915527344,35.74000168,44296.51172,12411.16992,15.239999771118164,42.561466217041016,107.48999786376952,1.0469341278076172,2432.835938,0.8043,151.4,2709.899902,71.23999786376953,75.16999816894531,65460.26303880008,78473580551.0,628962,45870965.214776054,18925420304.096355,1.0,0.9047,48.0,45.24259244293155,95.0
Bitcoin,2024-11-23,97777.28125,3486.735625000001,3335.4167876060797,0.6756,60.666666666666664,142.0,56.0,247.38666280110678,17.626667022705078,36.306667328902996,44443.19791666667,12386.943356666667,15.026666641235352,42.5713005065918,107.26666514078775,1.0472851991653442,1781.789063,0.8036,104.0,2678.866617609375,70.47333272298177,74.4499994913737,67548.99236722839,44414644677.0,590149,44288731.70387781,11273319453.0,1.0,0.9008,39.0,42.998898275667976,93.0
Bitcoin,2024-11-24,98013.82031,3624.927265624996,3301.394271527074,0.6775,61.333333333333336,162.0,46.8,244.9333292643229,17.713333129882812,36.87333297780599,44589.88411333333,12362.716793333333,14.81333351135254,42.58113479614258,107.04333241780598,1.0476362705230713,2859.101563,0.799,89.6,2647.83333321875,69.70666758219402,73.73000081380208,70376.62441016431,51712020623.0,534909,41610724.666828625,8444664449.542644,1.0,0.8936,66.0,39.247874359605575,77.0
Bitcoin,2024-11-25,93102.29688,3560.544453124996,3515.0173369537115,0.6696,62.0,150.0,43.2,242.47999572753903,17.799999237060547,37.439998626708984,44736.57031,12338.49023,14.600000381469728,42.59096908569336,106.81999969482422,1.0479873418807983,6292.117188,0.8126,118.6,2616.800048828125,68.94000244140625,73.01000213623047,73596.95910088628,80909462490.0,593158,52818949.67019584,19031989883.548634,1.0,0.898,39.0,34.14082106901715,77.0
Bitcoin,2024-11-26,91985.32031,3398.078828124999,3565.440205742732,0.6712,65.0,169.0,44.8,242.9499969482422,17.0,38.74000168,44860.30859,12481.33008,14.100000381469728,42.41395950317383,107.01000213623048,1.0444300174713137,4220.9375,0.7888,100.8,2620.300048828125,68.76999664,72.80999755859375,75614.81837081438,91656519855.0,568082,42134965.081264235,21331421147.908745,1.0,0.9095,32.0,31.14838841139668,61.0
Bitcoin,2024-11-27,95962.53125,3309.9248437500064,3709.5170214039654,0.6402,64.0,136.0,29.2,243.4900054931641,16.540000915527344,37.0,44722.05859,12300.90039,14.100000381469728,42.472957611083984,106.08000183105467,1.0491198301315308,5582.515625,0.7845,97.8,2639.899902,68.72000122070312,72.83000183105469,77861.27786618749,71133452438.0,599701,40740155.28153788,12555140763.385525,1.0,0.923,47.0,28.05725274282505,81.0
Bitcoin,2024-11-28,95652.46875,3297.1360937499994,3585.4694886251104,0.6333,64.5,97.0,29.0,244.54000091552737,16.45500087776367,35.97500038146973,44816.353515,12349.555175000001,13.805000305175783,42.50737762451172,105.9099998474121,1.0562450885772705,1972.851563,0.7991,92.2,2648.449951,68.36000061035156,72.88500213623047,80403.06269917061,52260008261.0,559054,43708706.498148665,9708469422.0,1.0,0.9514,24.0,24.297588013311213,46.0
Bitcoin,2024-11-29,97461.52344,3322.3991406250134,3564.0280296161736,0.6584,65.0,101.0,30.6,245.58999633789065,16.37000084,34.95000076293945,44910.64844,12398.20996,13.510000228881836,42.54179763793945,105.73999786376952,1.0563008785247805,3285.289063,0.7905,90.6,2657.0,68.0,72.94000244140625,83449.14595,54968682476.0,551876,38539203.27962367,12049106760.35298,1.0,0.9519,31.0,19.67857867688859,44.0
Bitcoin,2024-11-30,96449.05469,3396.811562499992,3406.2492417864473,0.6565,65.0,98.0,30.8,244.87333170572919,16.35666720123535,34.87000020345052,44867.76562666667,12450.126626666666,13.453333536783854,42.59752400716146,105.97666422526041,1.055703083674113,1355.125,0.8148,111.0,2649.633300666667,68.03333282333334,72.57000223795573,85991.32243635916,31634227866.0,583648,51219912.17,4308785753.686624,1.0,0.9405,43.0,15.77513732840151,80.0
Bitcoin,2024-12-01,97279.78906,3483.5736718749977,3314.226974515987,0.6674,65.0,114.0,40.2,244.15666707356772,16.343333562470704,34.789999643961586,44824.88281333333,12502.043293333334,13.396666844685873,42.65325037638346,106.21333058675131,1.0551052888234458,2117.9375,0.8124,76.4,2642.2666013333333,68.06666564666666,72.2000020345052,86556.29860328099,36590695296.0,501246,50454109.55479435,4169328992.634692,1.0,0.9418,37.0,15.412831311452818,66.0
Bitcoin,2024-12-02,95865.30469,3467.241015624997,3339.620360264845,0.6618,65.0,131.0,41.0,243.44000244140625,16.329999923706055,34.709999084472656,44782.0,12553.95996,13.34000015258789,42.70897674560547,106.4499969482422,1.0545074939727783,3669.734375,0.7907,119.8,2634.899902,68.09999847,71.83000183105469,87420.21115014995,72680784305.0,578842,40042377.24841241,16936998791.826956,1.0,0.9006,59.0,14.353329389925126,171.0
Bitcoin,2024-12-03,96002.16406,3364.9544531249994,3291.6218077459275,0.6666,59.0,130.0,39.4,243.92999267578125,16.209999084472656,34.54999923706055,44705.53125,12685.32031,13.300000190734863,42.797481536865234,106.37000274658205,1.0501223802566528,2667.640625,0.8036,117.2,2644.699951171875,69.94000244140625,73.62000274658203,87856.89960636004,67067810961.0,613585,48404742.07075664,13405989744.175867,1.0,0.8904,41.0,13.96110074235088,118.0
Bitcoin,2024-12-04,98768.53125,3255.762421874999,3381.2777277283612,0.6581,57.0,117.0,38.4,244.6699981689453,15.920000076293944,33.81999969482422,45014.03906,12969.50977,13.449999809265137,42.90565490722656,106.33999633789062,1.0510826110839844,4546.804688,0.8035,136.6,2653.800048828125,68.54000091552734,72.30999755859375,89067.26593544973,77199817112.0,606514,46080118.04099268,13935666799.866549,1.0,0.9216,40.0,12.541146110321986,122.0
Bitcoin,2024-12-05,96593.57031,3155.3001562499994,3989.878425747764,0.66,54.0,225.0,71.2,242.86000061035156,15.93000030517578,29.450000762939453,44765.71094,12988.19043,13.539999961853027,43.19083786010742,105.70999908447266,1.051414132118225,11901.6875,0.811,145.4,2626.600098,68.30000305175781,72.08999633789062,89596.57162658872,149219000000.0,676971,50444083.64163085,22269535612.85755,1.0,0.9176,63.0,11.973986626696249,146.0
Bitcoin,2024-12-06,99920.71094,3123.9823437500017,4099.530524801495,0.6778,52.0,162.0,49.6,242.9499969482422,15.039999961853027,30.979999542236328,44642.51953,13139.5498,12.770000457763672,43.12200164794922,105.97000122070312,1.058559536933899,5525.007813,0.802,129.4,2638.600098,67.19999694824219,71.12000274658203,90162.92199243676,94534772658.0,589966,43413843.2,17888033885.907677,1.0,0.9302,38.0,11.710305093825102,114.0
Bitcoin,2024-12-07,99923.33594,3093.7946874999907,3916.171201601388,0.6685,51.0,136.0,49.8,243.75333150227866,15.276666641235352,29.886666615804035,44562.322916666664,13098.48665,13.243333498509115,43.41702143351237,106.03000132242839,1.0578884681065877,1532.5,0.8091,120.6,2647.366699333333,67.58999888102214,71.46000162760417,91091.85309128113,44177510897.0,523611,46815725.79079834,5418124415.8528185,1.0,0.9219,27.0,10.766004318731342,114.0
Bitcoin,2024-12-08,101236.0156,3152.139531,3824.1930130941464,0.6857,50.0,119.0,37.8,244.5566660563151,15.513333320617676,28.793333689371746,44482.12630333333,13057.4235,13.716666539254557,43.71204121907552,106.09000142415364,1.0572173992792764,2628.476563,0.8146,100.6,2656.133300666667,67.98000081380208,71.8000005086263,91903.09361,44125751925.0,500126,47090807.27574497,3771799971.244734,1.0,0.9272,34.0,10.135168151248369,86.0
Bitcoin,2024-12-09,97432.71875,3086.2114062499895,4045.078780015993,0.6852,49.0,169.0,39.4,245.36000061035156,15.75,27.700000762939453,44401.92969,13016.36035,14.18999958,44.00706100463867,106.1500015258789,1.056546330451965,6916.59375,0.8229,101.6,2664.899902,68.37000274658203,72.13999938964844,92602.59862198734,110676000000.0,548218,54361566.26139102,16893586741.251684,1.0,0.9139,32.0,9.191552444269146,88.0
Bitcoin,2024-12-10,96675.42969,3092.7459375000035,4038.208755550565,0.6944,46.0,162.0,46.4,248.58999633789065,16.34000015258789,28.61000061035156,44247.82813,12983.25,14.18000030517578,43.299015045166016,106.4000015258789,1.0555204153060913,3948.898438,0.8097,110.4,2697.600098,68.58999633789062,72.19000244140625,92891.80056748976,104824000000.0,637676,48841001.09533548,12979843425.395798,1.0,0.9138,35.0,8.825690324349829,96.0
Bitcoin,2024-12-11,101173.0313,3118.5609374999913,4190.203331046953,0.6723,49.0,126.0,38.6,250.9600067138672,16.860000610351562,31.989999771118164,44148.55859,13365.80957,13.579999923706056,43.47602462768555,106.70999908447266,1.0532968044281006,6166.132813,0.8051,119.6,2733.800048828125,70.29000091552734,73.51999664,92713.96138153256,85391409936.0,617471,46348479.762568496,21037350757.179394,1.0,0.9341,41.0,9.453283845422202,63.0
Bitcoin,2024-12-12,100043.0,3160.6860937500023,4118.400302936457,0.6689,47.0,107.0,34.6,247.27999877929688,15.43000030517578,33.63999938964844,43914.12109,13297.49023,13.920000076293944,43.25968170166016,106.95999908447266,1.0506850481033323,3184.960938,0.8134,134.0,2687.5,70.01999664,73.41000366210938,92668.16082580402,72073983533.0,642365,48612048.37,17239165427.918285,1.0,0.9178,35.0,9.649650116,74.0
Bitcoin,2024-12-13,101459.2578,3169.1845312499936,4013.909098262424,0.6965,49.0,95.0,27.2,244.2899932861328,15.630000114440918,34.91999816894531,43828.05859,13483.71973,13.81000042,43.299015045166016,107.0,1.0474056005477903,2655.523438,0.8279,108.8,2656.0,71.29000091552734,74.48999786376953,92525.01491104002,56894751583.0,622796,54813691.99291753,17652553064.867294,1.0,0.9361,38.0,10.30236629607159,80.0
Bitcoin,2024-12-14,101372.9688,3295.1753125000105,3868.974743029394,0.6908,51.333333333333336,88.0,27.8,244.48666381835938,15.546666781107584,34.416665395100914,43791.19921666667,13603.64323,14.103333473333333,43.22034327344401,106.95333353678386,1.0486054817835488,1984.828125,0.8244,102.2,2654.466634,71.09666697184245,74.29666646321614,92424.78821350572,40422968793.0,547370,51636670.970229216,5353586265.646702,1.0,0.9336,32.0,10.833552883357532,73.0
Bitcoin,2024-12-15,104298.6953,3454.7037500000006,3865.512819420152,0.6993,53.666666666666664,91.0,27.4,244.68333435058594,15.463333447774252,33.91333262125651,43754.339843333335,13723.56673,14.396666526666667,43.14167150172201,106.9066670735677,1.0498053630193074,3820.507813,0.8175,110.2,2652.933268,70.90333302815755,74.10333506266277,92695.2657,51145914137.0,540459,45484688.17443159,6822123118.7715025,1.0,0.9435,49.0,11.360667491297647,70.0
Bitcoin,2024-12-16,106029.7188,3540.479687500003,3907.804314,0.6998,56.0,175.0,40.2,244.8800048828125,15.380000114440918,33.40999984741211,43717.48047,13843.49023,14.68999958,43.06299973,106.86000061035156,1.051005244255066,4457.59375,0.8258,121.8,2651.399902,70.70999908447266,73.91000366210938,93210.11525034143,91020417816.0,628257,49902125.28962492,19489912898.92708,1.0,0.9107,37.0,11.65867102245486,78.0
Bitcoin,2024-12-17,106140.6016,3592.9204687500023,3841.2976446786006,0.719,51.0,167.0,49.4,243.94000244140625,15.640000343322754,30.709999084472656,43449.89844,13681.73047,15.869999885559082,42.959999084472656,106.95999908447266,1.0517348051071167,2976.710938,0.8231,134.8,2644.399902,70.08000183105469,73.19000244140625,93110.07087893646,68589364868.0,587955,46675781.88376012,16038288677.46935,1.0,0.9033,31.0,12.823187316268587,73.0
Bitcoin,2024-12-18,100041.5391,3473.377343750006,4026.1385495229865,0.7269,33.0,166.0,39.8,239.2599945068359,16.540000915527344,32.599998474121094,42326.87109,13101.86035,27.62000084,41.959999084472656,108.02999877929688,1.0495051145553589,6429.070313,0.8281,127.8,2636.5,70.58000183105469,73.38999938964844,93575.30618774753,93865656139.0,583495,48207435.457878195,16000954252.851433,1.0,0.9361,31.0,12.301962632545514,55.0
Bitcoin,2024-12-19,97490.95313,3281.794531249994,4250.019278128488,0.7273,19.0,207.0,39.4,239.6000061035156,15.829999923706056,30.5,42342.23828,13149.15039,24.09000015258789,42.099998474121094,108.41000366210938,1.0350252389907837,7160.46875,0.8149,117.4,2592.199951171875,69.91000366210938,72.87999725341797,93578.92092928328,97221662392.0,634202,49035041.54318009,19125758841.63413,1.0,0.9264,26.0,12.29748209512154,69.0
Bitcoin,2024-12-20,97755.92969,3086.929375000007,4369.570356476453,0.6958,27.0,228.0,31.8,242.1000061035156,15.729999542236328,29.270000457763672,42840.26172,13313.42969,18.36000061035156,42.27000045776367,107.62000274658205,1.0364949703216553,5923.734375,0.8104,100.0,2628.699951171875,69.45999908447266,72.94000244140625,93757.86670587696,105634000000.0,640920,48792080.69288845,16133797899.628605,1.0,0.9352,26.0,12.061712308926532,52.0
Bitcoin,2024-12-21,97224.72656,2879.766093750004,4277.499482799563,0.6818,28.0,106.0,29.6,241.72000630696613,15.666666348775228,29.566666920979817,42862.49088666667,13370.256513333334,17.833333969116207,42.34999974517578,107.76000213623048,1.0387658675511677,3080.578125,0.8049,92.6,2623.2333170572915,69.38666534423828,72.83666737874348,93750.5006,51765334294.0,516725,46576983.07753663,6882358327.448823,1.0,0.9343,34.0,12.071292155176575,36.0
Bitcoin,2024-12-22,95104.9375,2671.4225000000006,4197.540814385308,0.6817,29.0,99.0,30.2,241.34000651041666,15.603333155314127,29.863333384195965,42884.72005333334,13427.083336666667,17.30666732788086,42.429999032587894,107.9000015258789,1.0410367647806804,3158.078125,0.81,77.2,2617.7666829427085,69.3133316040039,72.73333231608073,93605.64161938048,43147981314.0,477331,48657903.29092301,3340023325.9010005,1.0,0.9578,27.0,12.290143985590657,38.0
Bitcoin,2024-12-23,94686.24219,2643.9040624999907,4184.3649080006435,0.6795,30.0,106.0,20.4,240.9600067138672,15.539999961853027,30.15999984741211,42906.94922,13483.91016,16.780000686645508,42.50999832,108.04000091552734,1.0433076620101929,4013.078125,0.7964,94.8,2612.300048828125,69.23999786376953,72.62999725341797,93355.50451434852,65239002919.0,528563,42142590.40323516,12473533243.122517,1.0,0.9654,35.0,12.668165221431984,49.0
Bitcoin,2024-12-24,98676.09375,2758.167499999996,4310.913619929169,0.6671,34.0,85.0,23.8,241.44000244140625,14.710000038146973,30.350000381469727,43297.03125,13679.40039,14.270000457763672,42.63999938964844,108.26000213623048,1.0405826568603516,5956.046875,0.7913,87.4,2620.0,70.09999847,73.58000183105469,93348.11888,47114953674.0,543738,40475096.03004776,11564062010.09304,1.0,0.9627,29.0,12.674298858557206,40.0
Bitcoin,2024-12-25,99299.19531,2806.145312499997,4137.654164934228,0.6651,34.0,66.0,21.4,242.2550048828125,14.949999809073486,30.18000030517578,43311.416014999995,13671.17041,14.5,42.56500053482422,108.19499969482422,1.0402579307556152,1885.28125,0.808,75.2,2629.4000244140625,69.86000060829102,73.42000198364258,93638.25217362464,33700394629.0,465831,48438682.85151064,5466163116.674572,1.0,0.9188,28.0,12.346791365681858,32.0
Bitcoin,2024-12-26,95795.51563,2654.428906250003,4181.156546010355,0.6906,34.0,85.0,28.4,243.07000732421875,15.18999958,30.010000228881836,43325.80078,13662.94043,14.729999542236328,42.49000168,108.12999725341795,1.0399551391601562,4746.6875,0.7956,98.4,2638.800048828125,69.62000274658203,73.26000213623047,93190.58794947273,47054980873.0,488028,40408202.34206625,8493106621.658707,1.0,0.8966,31.0,12.857143904424206,49.0
Bitcoin,2024-12-27,94164.85938,2503.315625000003,4167.081190045329,0.6953,33.0,103.0,20.4,241.3999938964844,14.670000076293944,30.209999084472656,42992.21094,13440.0498,15.949999809265137,42.29999923706055,108.0,1.0423181056976318,3984.101563,0.8003,95.8,2617.199951171875,70.59999847,74.16999816894531,92483.75735,52419934565.0,568492,48511207.92,9580652001.738983,1.0,0.8936,39.0,13.73809822563551,40.0
Bitcoin,2024-12-28,95163.92969,2356.782187500008,3977.4046318278056,0.6737,31.333333333333332,95.0,23.0,241.1433308919271,14.786666870117186,30.396666208902996,42852.71745,13387.053056666668,16.433333079020183,42.186665852864586,108.04333241780598,1.0425246556599934,1511.609375,0.7865,99.2,2613.500000114583,70.72999826792318,74.24333190917969,92012.49542982156,24107436185.0,513628,43529291.78230904,2677566056.8358884,1.0,0.8889,34.0,14.118925620449518,36.0
Bitcoin,2024-12-29,93530.22656,2074.5176562499983,3857.0961536615337,0.6659,29.666666666666668,90.0,31.2,240.8866678873698,14.90333366394043,30.583333333333332,42713.22396,13334.056313333333,16.916666348775227,42.07333246866862,108.08666483561197,1.0427312056223552,2293.085938,0.7924,79.4,2609.8000490572917,70.85999806584636,74.31666564941406,91445.08370207736,29635885267.0,473130,47490818.545648575,5228175703.420922,1.0,0.8709,31.0,14.900377210556478,43.0
Bitcoin,2024-12-30,92643.21094,1719.105469,3837.745535542853,0.6714,28.0,154.0,26.4,240.6300048828125,15.020000457763672,30.770000457763672,42573.73047,13281.05957,17.399999618530273,41.959999084472656,108.12999725341795,1.0429377555847168,3586.1875,0.787,92.8,2606.100098,70.98999786376953,74.38999938964844,90812.79832891346,56188003691.0,546526,47081028.01040802,13470587113.382612,1.0,0.8639,42.0,15.80438013889646,36.0
Bitcoin,2024-12-31,93429.20313,1410.531093749989,3861.947305325506,0.6624,26.0,84.0,28.2,242.1300048828125,14.619999885559082,30.020000457763672,42544.21875,13120.20996,17.350000381469727,41.81999969482422,108.48999786376952,1.040615200996399,4176.570313,0.7658,93.4,2629.199951171875,71.72000122070312,74.63999938964844,90208.012,43625106843.0,545227,38391995.23616546,13251695752.866476,0.9497,0.8951,35.0,16.309771580432145,38.0
